id,keyword,location,text,keyword_grouped,text_contain_keyword,total_words,len_text,total_upper_chars,total_numbers_chars,total_special_chars,total_common_chars,contain_question,contain_link,contain_hashtag,contain_upper_words,total_3_words,total_4_words,total_5_words,total_6_words,total_7_words,total_8_words,total_3_ormore_words,total_4_ormore_words,total_5_ormore_words,total_6_ormore_words,total_7_ormore_words,total_8_ormore_words,total_3_orless_words,total_4_orless_words,total_5_orless_words,total_6_orless_words,total_7_orless_words,total_8_orless_words,subjectivity_text,polarity_text,stopword_count,unique_word_count
0,,,Just happened a terrible car crash,,,6,34,1,0,0,5,False,False,False,False,1,1,1,0,0,2,5,4,3,2,2,2,2,3,4,4,4,6,1.0,-1.0,1,6
2,,,"Heard about #earthquake is different cities, stay safe everyone.",,,9,64,1,0,1,10,False,False,True,False,0,2,2,0,1,0,8,8,6,4,4,3,1,3,5,5,6,6,0.55,0.25,2,9
3,,,"there is a forest fire at spot pond, geese are fleeing across the street, I cannot save them all",,,19,96,1,0,0,20,False,False,False,False,3,4,3,3,2,0,15,12,8,5,2,0,7,11,14,17,19,19,0.0,0.0,10,19
9,,,Apocalypse lighting. #Spokane #wildfires,,,4,40,2,0,2,4,False,False,True,False,0,0,0,0,0,1,4,4,4,4,4,4,0,0,0,0,0,1,0.0,0.0,0,4
11,,,Typhoon Soudelor kills 28 in China and Taiwan,,,8,45,4,2,0,7,False,False,False,False,1,0,2,1,1,1,6,5,5,3,2,1,3,3,5,6,7,8,0.0,0.0,2,8
12,,,We're shaking...It's an earthquake,,,4,34,2,0,2,6,False,False,False,False,0,0,1,0,0,0,3,3,3,2,2,2,1,1,2,2,2,2,0.0,0.0,1,4
21,,,"They'd probably still show more life than Arsenal did yesterday, eh? EH?",,,12,72,4,0,1,14,True,False,False,True,3,4,1,1,1,1,12,9,5,4,3,2,3,7,8,9,10,11,0.5,0.5,3,12
22,,,Hey! How are you?,,,4,17,2,0,0,5,True,False,False,False,2,2,0,0,0,0,4,2,0,0,0,0,2,4,4,4,4,4,0.0,0.0,2,4
27,,,What a nice hat?,,,4,16,1,0,0,4,True,False,False,False,0,3,0,0,0,0,3,3,0,0,0,0,1,4,4,4,4,4,1.0,0.6,1,4
29,,,Fuck off!,,,2,9,1,0,0,2,False,False,False,False,0,2,0,0,0,0,2,2,0,0,0,0,0,2,2,2,2,2,0.6,-0.5,1,2
30,,,No I don't like cold!,,,5,21,2,0,1,5,False,False,False,False,0,1,2,0,0,0,3,3,2,0,0,0,2,3,5,5,5,5,1.0,-0.75,1,5
35,,,NOOOOOOOOO! Don't do that!,,,4,26,11,0,1,5,False,False,False,True,0,0,2,0,0,0,3,3,3,1,1,1,1,1,3,3,3,3,0.0,0.0,2,4
42,,,No don't tell me that!,,,5,22,1,0,1,5,False,False,False,False,0,1,2,0,0,0,3,3,2,0,0,0,2,3,5,5,5,5,0.0,0.0,3,5
43,,,What if?!,,,2,9,1,0,0,3,True,False,False,False,0,2,0,0,0,0,2,2,0,0,0,0,0,2,2,2,2,2,0.0,0.0,1,2
45,,,Awesome!,,,1,8,1,0,0,1,False,False,False,False,0,0,0,0,0,1,1,1,1,1,1,1,0,0,0,0,0,1,1.0,1.0,0,1
46,ablaze,London,Birmingham Wholesale Market is ablaze BBC News - Fire breaks out at Birmingham's Wholesale Market http://t.co/irWqCEZWEU,ablaze,True,16,120,18,0,6,16,False,True,False,True,2,2,0,4,0,0,13,11,9,9,5,5,5,7,7,11,11,11,0.0,0.0,3,14
47,ablaze,Niall's place | SAF 12 SQUAD |,@sunkxssedharry will you wear shorts for race ablaze ?,ablaze,True,9,54,0,0,1,9,True,False,False,False,2,3,0,2,0,0,8,6,3,3,1,1,3,6,6,8,8,8,0.0,0.0,3,9
51,ablaze,NIGERIA,#PreviouslyOnDoyinTv: Toke MakinwaÛªs marriage crisis sets Nigerian Twitter ablaze... http://t.co/CMghxBa2XI,ablaze,True,10,109,13,1,9,13,False,True,True,False,0,2,0,1,1,2,10,10,8,8,7,6,0,2,2,3,4,6,0.0,0.0,0,10
58,ablaze,Live On Webcam,Check these out: http://t.co/rOI2NSmEJJ http://t.co/3Tj8ZjiN21 http://t.co/YDUiXEfIpE http://t.co/LxTjc87KLS #nsfw,ablaze,False,8,114,23,7,18,11,False,True,True,False,0,1,3,0,0,0,8,8,7,4,4,4,0,1,4,4,4,4,0.0,0.0,2,8
60,ablaze,"Los Angeles, Califnordia","PSA: IÛªm splitting my personalities.

?? techies follow @ablaze_co
?? Burners follow @ablaze",ablaze,True,11,94,5,0,10,15,True,False,False,True,0,1,1,2,3,0,10,10,9,8,6,3,1,2,3,5,8,8,0.0,0.0,1,10
69,ablaze,threeonefive. ,beware world ablaze sierra leone &amp; guap.,ablaze,True,7,44,0,0,2,7,False,False,False,False,0,0,4,3,0,0,7,7,7,3,0,0,0,0,4,7,7,7,0.0,0.0,0,7
70,ablaze,Washington State,Burning Man Ablaze! by Turban Diva http://t.co/hodWosAmWS via @Etsy,ablaze,True,9,67,10,0,5,10,False,True,False,False,2,1,1,1,2,0,8,6,5,4,3,1,3,4,5,6,8,8,0.0,0.0,1,9
72,ablaze,"Whoop Ass, Georgia",Not a diss song. People will take 1 thing and run with it. Smh it's an eye opener though. He is about 2 set the game ablaze @CyhiThePrynce,ablaze,True,28,138,7,2,2,30,False,False,False,False,8,6,3,3,1,0,22,14,8,5,2,1,14,20,23,26,27,27,0.4,-0.4,10,28
75,ablaze,India,Rape victim dies as she sets herself ablaze: A 16-year-old girl died of burn injuries as she set herself ablazeÛ_ http://t.co/UK8hNrbOob,ablaze,True,21,137,6,3,10,21,False,True,False,False,3,6,0,1,3,1,17,14,8,8,7,4,7,13,13,14,17,18,0.05,-0.07500000000000001,7,18
84,ablaze,,SETTING MYSELF ABLAZE http://t.co/6vMe7P5XhC,ablaze,True,4,44,23,3,4,4,False,True,False,True,0,0,0,2,1,0,4,4,4,4,2,1,0,0,0,2,3,3,0.0,0.0,0,4
87,ablaze,"scarborough, ontario",@CTVToronto the bins in front of the field by my house wer set ablaze the other day flames went rite up the hydro pole wonder if it was him,ablaze,True,29,139,4,0,1,28,False,False,False,False,9,4,5,3,0,0,22,13,9,4,1,1,16,20,25,28,28,28,0.375,-0.125,14,26
88,ablaze,,#nowplaying Alfons - Ablaze 2015 on Puls Radio #pulsradio http://t.co/aA5BJgWfDv,ablaze,True,10,80,9,5,7,10,False,True,True,False,0,2,1,2,0,0,8,8,6,5,3,3,2,4,5,7,7,7,0.0,0.0,1,10
90,ablaze,"121 N La Salle St, Suite 500",'Burning Rahm': Let's hope City Hall builds a giant wooden mayoral effigy 100 feet tall &amp; sets it ablaze. http://t.co/kFo2mksn6Y @John_Kass,ablaze,True,21,143,9,5,12,22,False,True,False,False,1,6,3,4,2,1,19,18,12,9,5,3,3,9,12,16,18,19,0.5,0.0,2,21
94,ablaze,Wandering,@PhilippaEilhart @DhuBlath hurt but her eyes ablaze with insulted anger.,ablaze,True,10,72,4,0,2,10,False,False,False,False,2,3,0,2,0,1,10,8,5,5,3,3,2,5,5,7,7,8,0.2,-0.7,3,10
99,accident,"Homewood, PA",Accident cleared in #PaTurnpike on PATP EB between PA-18 and Cranberry slow back to #traffic http://t.co/SL0Oqn0Vyr,accident,True,16,115,16,4,7,16,False,True,True,True,1,3,1,0,2,2,12,11,8,7,7,5,5,8,9,9,11,13,0.19999999999999998,-0.15000000000000002,5,16
101,accident,,Just got to love burning your self on a damn curling wand... I swear someone needs to take it away from me cuase I'm just accident prone.,accident,True,27,137,3,0,1,30,False,False,False,False,2,9,3,1,4,1,20,18,9,6,5,1,9,18,21,22,26,27,0.6,0.5,9,26
103,accident,,I hate badging shit in accident,accident,True,6,31,1,0,0,5,False,False,False,False,0,2,0,0,1,1,4,4,2,2,2,1,2,4,4,4,5,6,0.8500000000000001,-0.5,1,6
106,accident,USA,#3: Car Recorder ZeroEdgeå¨ Dual-lens Car Camera Vehicle Traffic/Driving History/Accident Camcorder  Large Re... http://t.co/kKFaSJv6Cj,accident,True,15,135,20,2,11,18,False,True,True,False,3,0,2,1,1,1,14,11,11,9,8,7,4,4,6,7,8,9,0.42857142857142855,0.21428571428571427,0,14
108,accident,Massachusetts,Coincidence Or #Curse? Still #Unresolved Secrets From Past http://t.co/7VG8Df9pLE #accident,accident,True,10,91,13,3,7,11,True,True,True,False,0,2,1,0,2,0,9,9,7,6,6,4,1,3,4,4,6,6,0.25,-0.25,0,10
111,accident,Bexhill,@Traffic_SouthE @roadpol_east Accident on A27 near Lewes is it Kingston Roundabout rather than A283,accident,True,14,99,9,5,4,13,False,False,False,True,1,3,1,1,0,2,11,10,7,6,5,5,4,7,8,9,9,11,0.4,0.1,4,14
115,accident,Anime World,@sakuma_en If you pretend to feel a certain way the feeling can become genuine all by accident. -Hei (Darker than Black) #manga #anime,accident,True,23,134,4,0,7,23,False,False,True,False,5,3,0,4,5,0,19,14,11,11,7,2,9,12,12,16,21,21,0.5015873015873016,0.14920634920634923,8,23
116,accident,,For Legal and Medical Referral Service @1800_Injured Call us at: 1-800-465-87332 #accident #slipandfall #dogbite,accident,True,14,112,7,16,9,13,False,False,True,False,3,1,1,0,2,2,13,10,9,8,8,6,4,5,6,6,8,10,0.1,0.1,2,14
122,accident,"Cowtown, Caliii !!",There's a construction guy working on the Disney store and he has huge gauges in his ears ?? ...that is a bloody accident waiting to happen,accident,True,26,139,2,0,1,30,True,False,False,False,5,2,1,4,4,1,18,13,11,10,6,2,13,15,16,20,24,25,0.9,-0.19999999999999998,12,25
123,accident,,@RobynJilllian @WlSDOMTEETHS I feel like I'm going to do it on accident. Teesha is gonna come out??,accident,True,17,99,16,0,3,19,True,False,False,False,1,3,3,1,0,0,11,10,7,4,3,3,7,10,13,14,14,14,0.0,0.0,6,17
124,accident,"All Motorways, UK",On the #M42 northbound between junctions J3 and J3A there are currently delays of 10 mins due to an accident c... http://t.co/LwI3prBa31,accident,True,22,136,8,9,5,25,False,True,True,True,5,3,1,1,1,1,16,11,8,7,6,5,11,14,15,16,17,18,0.3875,-0.0625,8,22
125,accident,"Frankfurt, Germany",@DaveOshry @Soembie So if I say that I met her by accident this week- would you be super jelly Dave? :p,accident,True,21,103,7,0,4,21,True,False,False,False,4,2,5,0,0,2,14,10,8,3,3,3,11,13,18,18,18,20,0.8333333333333333,0.5416666666666666,7,20
127,accident,"Gresham, OR",ACCIDENT - HIT AND RUN - COLD at 500 BLOCK OF SE VISTA TER GRESHAM OR [Gresham Police #PG15000044357] 10:35 #pdx911,accident,True,21,115,51,21,7,20,False,False,True,True,5,1,3,1,2,2,15,10,9,6,5,3,11,12,15,16,18,20,1.0,-0.6,1,20
140,accident,,@Calum5SOS this happened on accident but I like it http://t.co/QHmXuljSX9,accident,True,10,73,10,2,5,10,False,True,False,False,1,2,0,0,0,2,7,6,4,4,4,4,4,6,6,6,6,8,0.0,0.0,4,10
142,accident,Las Vegas ,Please donate and spread the word! A training accident left the pole-vaulter Kira GrÌ_nberg a paraplegic http://t.co/6MpnyCl8PK,accident,True,17,127,8,2,7,18,False,True,False,False,3,2,1,3,0,2,15,12,10,9,6,6,5,7,8,11,11,13,0.0,0.0,4,16
147,aftershock,"Midland, Mi",Please like and share our new page for our Indoor Trampoline Park Aftershock opening this fall!! http://t.co/UgXhHErrxS,aftershock,True,17,119,10,0,4,19,False,True,False,False,5,4,1,3,1,0,17,12,8,7,4,3,5,9,10,13,14,14,0.45454545454545453,0.2130681818181818,5,16
148,aftershock,"SÌ£o Vicente, SÌ£o Paulo",@bxckylynch foi no ROH Aftershock: Las Vegas procura no pirate bay que tem,aftershock,True,13,74,6,0,2,12,False,False,False,True,6,0,1,1,1,0,11,5,5,4,3,2,8,8,9,10,11,11,0.0,0.0,2,12
150,aftershock,"Vault 101, Fallout","Schoolboy ÛÒ Aftershock (Original Mix)
Excision &amp; Skism ÛÒ SEXisM (Far Too Loud Remix)
Firebeatz Schella ÛÒ Dear New... http://t.co/JQLzUA6YzQ",aftershock,True,18,149,25,1,21,21,False,True,False,True,4,3,2,2,1,0,18,14,11,9,7,6,4,7,9,11,12,12,0.7511363636363636,0.17784090909090908,0,16
152,aftershock,Switzerland,320 [IR] ICEMOON [AFTERSHOCK] | http://t.co/THyzOMVWU0 | @djicemoon | #Dubstep #TrapMusic #DnB #EDM #Dance #IcesÛ_ http://t.co/83jOO0xk29,aftershock,True,16,138,38,9,25,17,False,True,True,True,1,3,0,1,1,2,13,12,9,9,8,7,4,7,7,8,9,11,0.0,0.0,0,14
154,aftershock,California,'When the aftershock happened (Nepal) we were the last int'l team still there; in a way we were 1st responders.' Chief Collins @LACo_FD,aftershock,True,23,135,9,1,8,23,False,False,False,False,4,4,4,1,2,2,19,15,11,7,6,4,8,12,16,17,19,21,0.06666666666666667,0.0,9,20
155,aftershock,Europe,320 [IR] ICEMOON [AFTERSHOCK] | http://t.co/gRPeF7yAWG | @djicemoon | #Dubstep #TrapMusic #DnB #EDM #Dance #IcesÛ_ http://t.co/GGmvzT58vE,aftershock,True,16,138,39,6,25,17,False,True,True,True,1,3,0,1,1,2,13,12,9,9,8,7,4,7,7,8,9,11,0.0,0.0,0,14
166,aftershock,304,Stop saying 'I Wish' and start saying 'I Will'. ÛÒ Unknown,aftershock,False,11,59,6,0,7,11,False,False,False,True,2,1,2,3,1,0,9,7,6,4,1,0,4,5,7,10,11,11,0.6,-0.1,1,9
167,aftershock,"Davis, CA",I want to go to Aftershock in October because it has all the bands I listen to and #NXT! Can't afford it yet though. #gradschoolapps,aftershock,True,25,132,8,0,3,26,False,False,True,True,5,1,3,2,3,0,16,11,10,7,5,2,14,15,18,20,23,23,0.0,0.0,11,21
169,aftershock,"Detroit, MI",'We are still living in the aftershock of Hiroshima people are still the scars of history.' - Edward Bond http://t.co/engTl5wrGp,aftershock,True,20,128,6,1,7,21,False,True,False,False,5,1,3,3,0,0,16,11,10,7,4,4,9,10,13,16,16,16,0.0,0.0,7,16
177,aftershock,Switzerland,320 [IR] ICEMOON [AFTERSHOCK] | http://t.co/THyzOMVWU0 | @djicemoon | #Dubstep #TrapMusic #DnB #EDM #Dance #IcesÛ_ http://t.co/83jOO0xk29,aftershock,True,16,138,38,9,25,17,False,True,True,True,1,3,0,1,1,2,13,12,9,9,8,7,4,7,7,8,9,11,0.0,0.0,0,14
179,aftershock,,Aftershock https://t.co/Ecy4U623nO,aftershock,True,2,34,4,4,4,2,False,True,False,False,0,0,0,0,0,0,2,2,2,2,2,2,0,0,0,0,0,0,0.0,0.0,0,2
181,aftershock,304,'There is no victory at bargain basement prices.' Dwight David Eisenhower,aftershock,False,11,73,4,0,2,11,False,False,False,False,0,0,1,2,2,2,8,8,8,7,5,3,3,3,4,6,8,10,0.0,0.0,3,11
186,aftershock,United Kingdom,Bo2 had by far the best competitive maps imo hope bo3 is the same #InVahnWeTrust,aftershock,False,15,80,5,2,1,14,False,False,True,False,7,4,0,0,0,0,13,6,2,2,2,2,9,13,13,13,13,13,0.47500000000000003,0.3666666666666667,6,14
188,aftershock,"London, England",Brass and Copper in Cataclysm &amp; AfterShock!!! http://t.co/uxYZyaygTy,aftershock,True,8,72,8,0,6,11,False,True,False,False,1,0,2,1,0,0,7,6,6,4,3,3,2,2,4,5,5,5,0.0,0.0,2,8
189,aftershock,In your hearts and minds,@JadeForMKX You should be happy I don't use Aftershock. That variation counters your play style hard.,aftershock,True,16,101,9,0,2,17,False,False,False,False,2,3,4,1,0,1,14,12,9,5,4,4,4,7,11,12,12,13,0.7708333333333333,0.25416666666666665,4,16
192,aftershock,Runcorn,Aftershock https://t.co/38Nhq9moEf,aftershock,True,2,34,3,3,4,2,False,True,False,False,0,0,0,0,0,0,2,2,2,2,2,2,0,0,0,0,0,0,0.0,0.0,0,2
200,airplane accident,"Lake Charles, LA",When carelessness leads to an aviation accident the victim has the right to seek compensation for damages. http://t.co/eqAG6rz1vO,airplane accident,False,18,129,4,2,4,19,False,True,False,False,4,2,2,1,0,3,15,11,9,7,6,6,7,9,11,12,12,15,0.29285714285714287,0.10535714285714284,7,16
202,airplane accident,"California, USA",@rewind_music found out about you guys today(regarding the accident on the airplane lol) &amp; became a fan! Sending love &amp; support from Cali~?,airplane accident,False,23,147,2,0,9,24,True,False,False,False,4,5,4,2,2,2,21,17,12,8,6,4,6,11,15,17,19,21,0.6499999999999999,0.75,8,21
206,airplane accident,,A girl who died in an airplane accident fifteen years ago,airplane accident,True,11,57,1,0,0,10,False,False,False,False,2,2,1,0,1,2,8,6,4,3,3,2,5,7,8,8,9,11,0.0,0.0,3,11
207,airplane accident,,@Mintechan Hihow are you? There is Keio line on the stationright? BTW do you know the airplane accident near Chofu airport this week?,airplane accident,True,23,133,8,0,1,25,True,False,False,True,5,6,4,0,1,2,20,15,9,5,5,4,8,14,18,18,19,21,0.4,0.1,9,22
214,airplane accident,"Eagle Pass, Texas",Mexican airplane accident in Ocampo Coahuila MX on 7/29/25 killed Coahuila government SubSecretariat Francisco Garcia Castells age 42.,airplane accident,True,18,134,11,7,2,18,False,False,False,False,2,0,0,3,2,5,15,13,13,13,10,8,5,5,5,8,10,15,0.0,-0.1,2,17
217,airplane accident,,Horrible Accident  Man Died In Wings of AirplaneåÊ(29-07-2015) http://t.co/5ZRKZdhODe,airplane accident,False,10,85,13,9,10,10,False,True,False,False,1,1,1,0,0,2,7,6,5,4,4,4,4,5,6,6,6,8,1.0,-1.0,1,10
223,airplane accident,inland empire ca,@god if an accident were to happen on this airplane idc if the rest of my luggage is completely destroyed just please save my makeup,airplane accident,False,25,132,0,0,1,24,False,False,False,False,2,6,0,3,1,2,16,14,8,8,5,4,11,17,17,20,21,23,0.4,0.1,13,23
224,airplane accident,Muscat,Horrible Accident Man Died In Wings of Airplane (29-07-2015) http://t.co/hG8u2kR1Rq,airplane accident,False,10,83,10,11,8,10,False,True,False,False,1,1,1,0,0,3,8,7,6,5,5,5,3,4,5,5,5,8,1.0,-1.0,1,10
227,airplane accident,,#UPDATE: Picture from the Penn Twp. airplane accident. http://t.co/6JfgDnZRlC,airplane accident,True,9,77,14,1,6,11,False,True,True,True,1,3,0,0,1,2,9,8,5,5,5,4,1,4,4,4,5,7,0.0,0.0,2,9
228,airplane accident,New York,"See how a judge ruled in this 2009 accident at #JFK Airport? involving Korean Air?.

http://t.co/Yh1cGlN3rl http://t.co/6F5ShPKjOB",airplane accident,False,16,130,16,8,11,20,True,True,True,True,2,3,2,1,0,2,13,11,8,6,5,5,5,8,10,11,11,13,0.0,0.0,5,16
230,airplane accident,#BlackLivesMatter,@thugIauren I had myself on airplane mode by accident ??,airplane accident,False,10,56,2,0,1,11,True,False,False,False,1,1,0,1,0,2,6,5,4,4,3,3,5,6,6,7,7,9,0.0,0.0,4,10
233,airplane accident,USA - Global Online Sales ,36 years ago today baseball lost one of its greats in an airplane accident. RIP Captain. #Yankees @yankees http://t.co/iNKU28vjJj,airplane accident,True,19,129,9,4,6,21,False,True,True,True,4,1,2,1,0,5,15,11,10,8,7,7,8,9,11,12,12,17,0.0,0.0,4,19
234,airplane accident,,Experts in France begin examining airplane debris found on Reunion Island: French air accident experts on Wedn... http://t.co/miw2i0pQxz,airplane accident,False,18,136,7,2,5,21,False,True,False,False,1,0,2,3,5,2,15,14,14,12,9,4,4,4,6,9,14,16,0.0,0.0,3,17
236,airplane accident,,#BreakingNews Experts in France begin examining airplane debris found on Reunion Island: French air accident e...  http://t.co/3XIcUvlvlJ,airplane accident,False,18,137,11,1,6,21,False,True,True,False,1,1,2,3,3,2,15,14,13,11,8,5,4,5,7,10,13,15,0.0,0.0,2,18
239,airplane accident,France,Experts in France begin examining airplane debris found on Reunion Island: French air accident experts on Wedn...  http://t.co/KuBsM16OuD,airplane accident,False,19,137,11,2,5,22,False,True,False,False,1,0,2,3,5,2,15,14,14,12,9,4,5,5,7,10,15,17,0.0,0.0,3,18
250,ambulance,"Istanbul, TÌ_rkiye",Twelve feared killed in Pakistani air ambulance helicopter crash http://t.co/zdsug0UjS7,ambulance,True,10,87,4,2,4,10,False,True,False,False,1,0,1,3,0,0,9,8,8,7,4,4,2,2,3,6,6,6,0.0,-0.2,1,10
255,ambulance,High in Prague with Aya,http://t.co/Q5XTkaKM08 I'M DYING SEND AN AMBULANCE @M__Belly @brightasastar_,ambulance,True,8,76,29,3,10,8,False,True,False,True,1,1,1,0,0,0,7,6,5,4,4,4,2,3,4,4,4,4,0.0,0.0,0,8
257,ambulance,Happily Married with 2 kids ,AMBULANCE SPRINTER AUTOMATIC FRONTLINE VEHICLE CHOICE OF 14 LEZ COMPLIANT | eBay http://t.co/7X3PDDbT0Z,ambulance,True,13,103,69,5,5,13,False,True,False,True,1,1,0,1,1,1,10,9,8,8,7,6,4,5,5,6,7,8,0.0,0.0,0,13
259,ambulance,born on september 1st,@disneyxrowbrina the ambulance isn't even parked well like its nearly on top of someone's car I'm laughing,ambulance,True,17,106,1,0,4,16,False,False,False,False,5,3,1,2,0,1,15,10,7,6,4,4,7,10,11,13,13,14,0.5,0.5,5,17
275,ambulance,"Atlanta, GA",Shot 12 times. Found dead in cuffs after being involved in a car accident. Officers told ambulance not to treat him. https://t.co/MEUDJwaaNg,ambulance,True,22,140,9,2,4,25,False,True,False,False,2,4,5,1,0,2,17,15,11,6,5,5,7,11,16,17,17,19,0.4,-0.2,8,21
278,ambulance,USA ,@margaretcho Call me a fag and I'm going to call you an ambulance :) #RainbowPower,ambulance,True,15,82,4,0,5,14,False,False,True,False,4,2,1,0,0,0,10,6,4,3,3,3,9,11,12,12,12,12,1.0,0.5,6,15
282,ambulance,Worldwide,New Nanotech Device Will Be Able To Target And Destroy Blood Clots http://t.co/MnmyJXQ9go #science,ambulance,False,14,98,16,1,5,14,False,True,True,False,2,2,2,2,1,2,12,10,8,6,4,3,4,6,8,10,11,13,0.35984848484848486,0.14545454545454545,0,14
284,ambulance,everywhere,@vballplaya2296 want me to send you  some medic supplies from my dad's ambulance?,ambulance,True,14,81,0,4,2,14,True,False,False,False,1,4,2,0,0,1,10,9,5,3,3,3,5,9,11,11,11,12,0.0,0.0,6,14
286,ambulance,World,2 held with heroin in ambulance http://t.co/d9sOwi1G21 http://t.co/OPxmdPIwAu,ambulance,True,8,77,7,5,8,9,False,True,False,False,0,2,0,1,0,0,6,6,4,4,3,3,2,4,4,5,5,5,0.0,0.0,2,8
288,ambulance,,http://t.co/B2FaSrt1tN Twelve feared killed in Pakistani air ambulance helicopter crash http://t.co/O8BJXnEPQm,ambulance,True,11,110,13,3,8,12,False,True,False,False,1,0,1,3,0,0,10,9,9,8,5,5,2,2,3,6,6,6,0.0,-0.2,1,11
292,ambulance,"West Chester, PA",Why should a helicopter ambulance ride to transfer to a hospital 21 miles away cost $29800? http://t.co/7ZqIreY7Te http://t.co/9Qp3PqPwZv,ambulance,True,18,137,9,11,9,20,True,True,False,False,1,3,1,1,1,2,13,12,9,8,7,6,6,9,10,11,12,14,0.0,0.0,5,16
295,ambulance,"Chorley, Lancashire, UK",so privileged and proud to wear this uniform.?? #NHS #Ambulance #GayUK #Uniform #Proud #Privileged #WhatsYourEmergency http://t.co/0BkmuhYSFx,ambulance,True,16,141,17,1,11,19,True,True,True,True,1,3,1,2,0,1,14,13,10,9,7,7,3,6,7,9,9,10,1.0,0.8,4,16
300,annihilated,,The bartender at work described a drunk man as annihilated @kdunning1919 @hsnowberger @gabrielasmith29. 16 more days,annihilated,True,16,116,1,8,3,16,False,False,False,False,2,3,1,0,0,0,12,10,7,6,6,6,6,9,10,10,10,10,0.75,0.0,4,16
304,annihilated,San Diego,Cop pulls drunk driver to safety SECONDS before his car is hit by train. http://t.co/cTL5xzIHxAåÊ http://t.co/1kDOZTD9mv via @ViralSpell,annihilated,False,18,136,20,3,11,20,False,True,False,True,5,0,2,4,1,0,15,10,10,8,4,3,8,8,10,14,15,15,1.0,-0.5,5,18
305,annihilated,New Orleans,Cop pulls drunk driver to safety SECONDS before his car is hit by train. http://t.co/cSsc8HcsXnåÊ http://t.co/jBlGyLCsAy via @ViralSpell,annihilated,False,18,136,18,1,11,20,False,True,False,True,5,0,2,4,1,0,15,10,10,8,4,3,8,8,10,14,15,15,1.0,-0.5,5,18
306,annihilated,"eileenborut,webster, tx",@RosieGray Now in all sincerety do you think the UN would move to Israel if there was a fraction of a chance of being annihilated?,annihilated,True,25,130,6,0,1,25,True,False,False,False,5,1,4,2,0,1,16,11,10,6,4,4,14,15,19,21,21,22,0.0,0.0,14,23
308,annihilated,,@johnboywest The only 'stage' the drama queen can stand on is a drama stage &amp; certainly never the world stage; he would be annihilated.,annihilated,True,24,139,1,0,6,24,False,False,False,False,4,1,9,1,1,0,19,15,14,5,4,3,9,10,19,20,21,21,0.7857142857142857,-0.05357142857142857,9,22
311,annihilated,,"@_drodrolagi #handplacementgoals 
Bro we annihilated that hashtag this week.",annihilated,True,9,76,1,0,4,9,False,False,True,False,0,3,1,0,1,0,8,8,5,4,4,3,1,4,5,5,6,6,0.0,0.0,3,9
317,annihilated,,How do I step outside for 5 seconds and get annihilated  by mosquitoes?,annihilated,True,14,71,2,1,0,14,True,False,False,False,4,1,0,0,2,0,9,5,4,4,4,2,9,10,10,10,12,12,0.05,0.0,4,14
319,annihilated,,@jacksfilms #yiayplan well first we strike dreamworks and the minions will be annihilated.,annihilated,True,13,90,0,0,2,13,False,False,True,False,2,2,1,1,1,0,11,9,7,6,5,4,4,6,7,8,9,9,0.3333333333333333,0.25,5,13
323,annihilated,,'If your nature appropriates it love will burn you until you become annihilated in your beloved...'  https://t.co/sMlwjunD09,annihilated,True,18,124,3,2,6,21,False,True,False,False,3,5,1,2,0,0,15,12,7,6,4,4,6,11,12,14,14,14,0.8,0.6,8,16
324,annihilated,,@NinaHoag - 'if you shred my Psych work our friendship would be annihilated',annihilated,True,13,76,3,0,4,12,False,False,False,False,3,1,3,0,0,0,10,7,6,3,3,3,6,7,10,10,10,10,0.0,0.0,4,13
325,annihilated,upstate NY,@thehill this is 1 example of y the Conservatives annihilated Burton v Wiimington Prkng Auth while Liberals stood by &amp;have done nothing,annihilated,True,22,139,6,1,3,21,False,False,False,False,1,3,3,1,2,2,16,15,12,9,8,6,7,10,13,14,16,18,0.0,0.0,8,22
326,annihilated,,"Aug 3 1915ÛÓKAISERJAEGERS WIPED OUT.; Francis Joseph's Crack Regiment Annihilated on Carso Plateau.
http://t.co/D1sPSwl66H",annihilated,True,13,123,33,8,10,15,False,True,False,True,1,0,4,0,1,2,11,10,10,6,6,5,3,3,7,7,8,10,0.0,0.0,1,13
333,annihilated,,They should all die! All of them! Everything annihilated!,annihilated,True,9,57,3,0,0,11,False,False,False,False,2,2,1,1,0,0,8,6,4,3,2,2,3,5,6,7,7,7,0.0,0.0,4,9
339,annihilated,,BROOO HE JUST GOT ANNIHILATED https://t.co/UR7QkqG1wf,annihilated,True,6,53,29,2,4,6,False,True,False,True,1,1,1,0,0,0,5,4,3,2,2,2,2,3,4,4,4,4,0.0,0.0,0,6
342,annihilated,"Salem, MA",@AlbertBreer he was probably annihilated needed his DD,annihilated,True,8,54,4,0,1,7,False,False,False,False,2,0,0,1,0,1,6,4,4,4,3,3,4,4,4,5,5,6,0.0,0.0,3,8
343,annihilated,"Chicago, Illinois",$GMCR no longe rGreen mountain now Red Mountain...stock annihilated after hours,annihilated,True,11,79,7,0,1,13,False,False,False,True,2,0,4,1,0,1,10,8,8,4,3,3,3,3,7,8,8,9,0.0,0.0,3,11
350,annihilation,,Please sign &amp; RT to save #SaltRiverWildHorses http://t.co/GB8ispiaRP http://t.co/Bx0l87iNc8,annihilated,False,9,95,13,5,11,10,False,True,True,False,0,2,1,1,0,0,7,7,5,4,3,3,2,4,5,6,6,6,0.0,0.0,1,9
351,annihilation,,"Allied Plans for the Annihilation of the German People http://t.co/RUHxGlo18q
http://t.co/HbUpkzWdWq
Louis Nizer - Very interesting...",annihilated,False,14,134,16,2,11,18,False,True,False,False,3,1,2,3,0,0,12,9,8,6,3,3,5,6,8,11,11,11,0.325,0.325,4,13
357,annihilation,"Yeezy Taught Me , NV",Please share and sign this petition to save wild horses in Arizona. http://t.co/3tsSXPHuFE,annihilated,False,13,90,8,1,4,14,False,True,False,False,1,4,1,2,0,2,11,10,6,5,3,3,3,7,8,10,10,12,0.4,0.1,4,13
359,annihilation,Colorado,U.S National Park Services Tonto National Forest: Stop the Annihilation of the Salt River Wild Horse... https://t.co/lATVr8RZCK via @Change,annihilated,False,19,139,22,1,6,23,False,True,False,True,4,4,2,0,2,4,18,14,10,8,8,6,5,9,11,11,13,17,0.4,0.1,3,17
362,annihilation,United States,NEW! Are souls punished with annihilation? http://t.co/cmNV6VyFCQ,annihilated,False,7,65,10,1,4,9,True,True,False,True,1,2,1,0,0,1,7,6,4,3,3,3,1,3,4,4,4,5,0.45454545454545453,0.17045454545454544,1,7
366,annihilation,High Desert,***Latest Updates on the Salt River Wild Horse Round-up*** https://t.co/WJsCdvCevH via @Change,annihilated,False,12,94,13,0,12,12,False,True,False,False,2,2,2,0,2,0,11,9,7,5,5,3,3,5,7,7,9,9,0.65,0.3,2,12
367,annihilation,"Plovdiv, Bulgaria",U.S National Park Services Tonto National Forest: Stop the Annihilation of the Salt River Wild Horse... https://t.co/W5Rhtuey90 via @Change,annihilated,False,19,139,17,3,6,23,False,True,False,True,4,4,2,0,2,4,18,14,10,8,8,6,5,9,11,11,13,17,0.4,0.1,3,17
369,annihilation,California,U.S National Park Services Tonto National Forest: Stop the Annihilation of the Salt River Wild Horse... https://t.co/ZhXua8kmae via @Change,annihilated,False,19,139,17,1,6,23,False,True,False,True,4,4,2,0,2,4,18,14,10,8,8,6,5,9,11,11,13,17,0.4,0.1,3,17
373,annihilation,"Rhode Island, USA",@BosTeenAuthFest Out of the Silent Planet in print and Annihilation on audio.,annihilated,False,12,77,8,0,1,12,False,False,False,False,3,0,1,3,0,0,9,6,6,5,2,2,6,6,7,10,10,10,0.1,0.0,5,12
374,annihilation,,RT SIGN URGENT Stop the Annihilation of the Salt River Wild Horses!!! #savewildhorses #saltriverhorses https://t.co/8AZjFF8eSi,annihilated,False,15,126,23,2,6,18,False,True,True,True,2,4,1,1,0,0,13,11,7,6,5,5,4,8,9,10,10,10,0.4,0.1953125,3,14
376,annihilation,,@jackienatalydlt I do.... I only get the iced annihilation??,annihilated,False,9,60,2,0,1,14,True,False,False,False,2,2,0,1,0,0,7,5,3,3,2,2,4,6,6,7,7,7,1.0,0.0,3,8
377,annihilation,U.S.A.,U.S National Park Services Tonto National Forest: Stop the Annihilation of the Salt River Wild Horse... https://t.co/d82wlcP49S via @Change,annihilated,False,19,139,17,4,6,23,False,True,False,True,4,4,2,0,2,4,18,14,10,8,8,6,5,9,11,11,13,17,0.4,0.1,3,17
378,annihilation,Arizona,U.S National Park Services Tonto National Forest: Stop the Annihilation of the Salt River Wild Horse... https://t.co/KAlDycTC4H via @Change,annihilated,False,19,139,21,1,6,23,False,True,False,True,4,4,2,0,2,4,18,14,10,8,8,6,5,9,11,11,13,17,0.4,0.1,3,17
379,annihilation,"Wayne, NJ","@INCIndia under Sonia Gandhi is like Pakistan. Every defeat is treated like a victory.Total annihilation only answer
http://t.co/KtTYiTOw64",annihilated,False,17,139,14,2,6,19,False,True,False,False,0,3,3,2,1,0,14,14,11,8,6,5,3,6,9,11,12,12,1.0,0.0,5,15
382,annihilation,Chicago,U.S National Park Services Tonto National Forest: Stop the Annihilation of the Salt River Wild Horse... http://t.co/TrKg2tpWJm via @Change,annihilated,False,19,138,19,1,6,23,False,True,False,True,4,4,2,0,2,4,18,14,10,8,8,6,5,9,11,11,13,17,0.4,0.1,3,17
385,annihilation,,U.S National Park Services Tonto National Forest: Stop the Annihilation of the Salt River Wild Horse... http://t.co/k0q4fnBzss via @Change,annihilated,False,19,138,16,2,6,23,False,True,False,True,4,4,2,0,2,4,18,14,10,8,8,6,5,9,11,11,13,17,0.4,0.1,3,17
387,annihilation,,Stop the Annihilation of the Salt River Wild Horses!!! https://t.co/546utTXzAm via @Change,annihilated,False,12,90,10,3,5,15,False,True,False,False,3,3,1,0,1,0,11,8,5,4,4,3,4,7,8,8,9,9,0.4,0.1953125,3,11
388,annihilation,Az,U.S National Park Services Tonto National Forest: Stop the Annihilation of the Salt River Wild Horse... https://t.co/FLcQQeZnVW via @Change,annihilated,False,19,139,22,0,6,23,False,True,False,True,4,4,2,0,2,4,18,14,10,8,8,6,5,9,11,11,13,17,0.4,0.1,3,17
391,annihilation,"Wheeler,Wis.",U.S National Park Services Tonto National Forest: Stop the Annihilation of the Salt River Wild Horse... https://t.co/FaXDzI90dY via @Change,annihilated,False,19,139,20,2,6,23,False,True,False,True,4,4,2,0,2,4,18,14,10,8,8,6,5,9,11,11,13,17,0.4,0.1,3,17
392,annihilation,,U.S National Park Services Tonto National Forest: Stop the Annihilation of the Salt River Wild Horse... https://t.co/n6VeOjW3S8 via @Change,annihilated,False,19,139,19,3,6,23,False,True,False,True,4,4,2,0,2,4,18,14,10,8,8,6,5,9,11,11,13,17,0.4,0.1,3,17
395,annihilation,,U.S National Park Services Tonto National Forest: Stop the Annihilation of the Salt River Wild Horse... https://t.co/i0z3k0chgg via @Change,annihilated,False,19,139,15,3,6,23,False,True,False,True,4,4,2,0,2,4,18,14,10,8,8,6,5,9,11,11,13,17,0.4,0.1,3,17
399,apocalypse,"Spring Lake Park, MN",@spherulitic that almost feels like the SI signs of the apocalypse.  Lol.,apocalypse,True,13,73,3,0,1,14,False,False,False,False,2,3,2,1,0,0,10,8,5,3,2,2,5,8,10,11,11,11,0.7,0.8,4,12
400,apocalypse,,I liked a @YouTube video from @teamtwiistz http://t.co/OCurjyDRcn FUTURISTIC HOUSE (Built To Survive The Apocalypse!) - Minecraft,apocalypse,True,17,129,28,0,9,18,False,True,False,True,1,1,3,1,1,1,13,12,11,8,7,6,5,6,9,10,11,12,0.8,0.75,2,17
403,apocalypse,"Memphis, TN",I liked a @YouTube video http://t.co/jrFjgaAc9F Minecraft: NIGHT LUCKY BLOCK MOD (BOB APOCALYPSE WITHER 2.0 &amp; MORE!) Mod Showcase,apocalypse,True,19,133,50,3,10,21,False,True,False,True,3,1,6,2,0,2,17,14,13,7,5,5,5,6,12,14,14,16,0.5866666666666667,0.39166666666666666,1,19
405,apocalypse,"DMZ, AZ",@thomasa56 Just ONE of my major reasons not to live in *Big City*. If RR's *miss 9 meals* ever comes to pass Cue ANY 'Apocalypse' script.,apocalypse,True,26,137,14,3,8,27,False,False,False,True,4,6,3,2,2,0,19,15,9,6,4,2,11,17,20,22,24,24,0.3666666666666667,0.06628787878787878,6,25
408,apocalypse,,#AskConnor there's a zombie apocalypse. the item to your right is your weapon. you're either screwed or you're gonna live.,apocalypse,True,20,122,2,0,4,22,False,False,True,False,1,3,3,4,3,0,16,15,12,9,5,2,5,8,11,15,18,18,0.5178571428571428,0.21103896103896103,10,18
411,apocalypse,Instagram:marissatunis,It's an apocalypse,apocalypse,True,3,18,1,0,1,2,False,False,False,False,0,1,0,0,0,0,2,2,1,1,1,1,1,2,2,2,2,2,0.0,0.0,1,3
414,apocalypse,"Akron, Ohio ",@ItsKingRiffYall I'm excited for apocalypse really dig how the x-men franchise is going I like the 'event' theme a lot.,apocalypse,True,20,119,6,0,5,20,False,False,False,False,6,2,3,1,2,0,17,11,9,6,5,3,9,11,14,15,17,17,0.475,0.2875,6,19
416,apocalypse,ColoRADo,@TMFK_CO sounds like a terrible time. I'll be right there.,apocalypse,False,10,58,7,0,3,11,False,False,False,True,0,2,2,2,0,2,8,8,6,4,2,2,2,4,6,8,8,10,0.7678571428571428,-0.35714285714285715,3,10
417,apocalypse,,"Apocalypse no! Why artists should not go into the #Fukushima exclusion zone 
http://t.co/3zqL0qbLUw
#nuclear #ura",apocalypse,True,14,113,6,2,9,15,False,True,True,False,4,3,0,1,1,0,13,9,6,6,5,4,5,8,8,9,10,10,0.0,0.0,5,14
422,apocalypse,,Southern Prepper Fiction:Sharecropping the Apocalypse https://t.co/HsleABS1Yr #Apocalyptic #doomsday #prepper #book #reading,apocalypse,True,11,124,11,1,10,11,False,True,True,False,1,0,1,0,1,3,11,10,10,9,9,8,1,1,2,2,3,6,0.0,0.0,1,11
425,apocalypse,Currently Somewhere On Earth,@5SOStag honestly he could say an apocalypse is coming and i would be exited hes so enthusiastic about everything,apocalypse,True,19,113,3,1,1,18,False,False,False,False,3,0,3,2,0,2,13,10,10,7,5,5,9,9,12,14,14,16,0.9,0.6,8,19
428,apocalypse,,Also my other nephew is proof that fat babies are going to save us from the apocalypse http://t.co/N5VImOqhBG,apocalypse,True,18,109,7,1,4,18,False,True,False,False,3,4,3,2,0,0,14,11,7,4,2,2,7,11,14,16,16,16,0.375,-0.125,8,18
430,apocalypse,,I liked a @YouTube video http://t.co/2umSxRzot3 Zombie Apocalypse: The Rescue,apocalypse,True,10,77,9,2,6,10,False,True,False,False,1,0,2,2,0,1,8,7,7,5,3,3,3,3,5,7,7,8,0.8,0.6,1,10
431,apocalypse,,I added a video to a @YouTube playlist http://t.co/OCurjyDRcn FUTURISTIC HOUSE (Built To Survive The Apocalypse!) - Minecraft Maps,apocalypse,True,19,130,29,0,8,20,False,True,False,True,1,1,3,1,1,2,13,12,11,8,7,6,7,8,11,12,13,15,0.0,0.0,3,18
433,apocalypse,"Irvine, CA",|LIVE NOW| Princes of the Apocalypse:  D&amp;D Encounters #meerkat http://t.co/oY9ES9FVlt,apocalypse,True,11,89,17,2,10,11,False,True,True,True,1,1,1,0,2,1,9,8,7,6,6,4,3,4,5,5,7,8,0.5,0.13636363636363635,2,11
434,apocalypse,Somewhere in the Internet...,I liked a @YouTube video http://t.co/e89GPNEPzT Minecraft: NIGHT LUCKY BLOCK MOD (BOB APOCALYPSE WITHER 2.0 &amp; MORE!) Mod Showcase,apocalypse,True,19,133,53,4,10,21,False,True,False,True,3,1,6,2,0,2,17,14,13,7,5,5,5,6,12,14,14,16,0.5866666666666667,0.39166666666666666,1,19
439,apocalypse,Arlington,OMg zombie apocalypse among my students... -___-,apocalypse,True,7,48,2,0,5,9,False,False,False,False,1,0,2,1,0,0,6,5,5,3,2,2,2,2,4,5,5,5,0.0,0.0,1,7
441,apocalypse,,I liked a @YouTube video http://t.co/uJrIaIVqln Minecraft: NIGHT LUCKY BLOCK MOD (BOB APOCALYPSE WITHER 2.0 &amp; MORE!) Mod Showcase,apocalypse,True,19,133,51,2,10,21,False,True,False,True,3,1,6,2,0,2,17,14,13,7,5,5,5,6,12,14,14,16,0.5866666666666667,0.39166666666666666,1,19
449,armageddon,1996???????????,UNIVERSAL ORDER OF ARMAGEDDON http://t.co/3tY4mGm,armageddon,True,5,49,28,2,4,5,False,True,False,True,0,0,1,0,0,0,4,4,4,3,3,3,1,1,2,2,2,2,0.0,0.0,0,5
458,armageddon,Northwest,Patent Pending Stream 'Armageddon' EP http://t.co/BOuaJqi3Lf,armageddon,True,6,60,10,1,6,6,False,True,False,False,0,0,0,2,1,0,5,5,5,5,3,2,1,1,1,3,4,4,0.0,0.0,0,6
460,armageddon,Phuket,ARMAGEDDON LONDON  |  http://t.co/CULU2OwIUc,armageddon,True,6,44,23,1,5,6,False,True,False,True,0,0,0,1,0,0,3,3,3,3,2,2,3,3,3,4,4,4,0.0,0.0,0,5
464,armageddon,,@hitchBOT I heard you might rise from the ashes of Armageddon. .go hitchbot ..like the true superstar you are.,armageddon,True,19,110,5,0,1,23,False,False,False,False,5,4,3,1,0,1,17,12,8,5,4,4,7,11,14,15,15,16,0.65,0.35,7,17
473,armageddon,,#Turkey invades #Israel - Halfway to #Armageddon http://t.co/xUOh3sJNXF,armageddon,True,8,71,10,1,8,8,False,True,True,False,0,0,0,0,4,0,6,6,6,6,6,2,2,2,2,2,6,6,0.0,0.0,1,8
488,armageddon,West Covina CA,Remember to crowd around the baggage carousel like it's armageddon and the bags are the last remaining food items on earth you animals.,armageddon,True,23,135,1,0,1,23,False,False,False,False,6,5,3,1,1,3,21,15,10,7,6,5,8,13,16,17,18,21,0.06666666666666667,0.0,9,21
491,armageddon,,"Never compromise. not even in the face of armageddon.
#Watchmen",armageddon,True,9,63,2,0,2,10,False,False,True,False,2,2,1,0,0,0,7,5,3,2,2,2,4,6,7,7,7,7,0.0,0.0,4,9
494,armageddon,,"#MustRead: Vladimir #Putin Issues Major Warning But Is It Too Late To Escape Armageddon? by @PCraigRoberts #US #Rus
http://t.co/5GFhfCIjrF",armageddon,True,18,138,26,1,11,19,True,True,True,True,3,1,1,3,1,1,14,11,10,9,6,5,7,8,9,12,13,14,0.55,-0.11875,1,18
497,army,Campinas Sp,"You da One 

#MTVSummerStar #VideoVeranoMTV  #MTVHottest Britney Spears Lana Del Rey",army,False,12,84,21,0,5,11,False,False,True,False,4,1,0,1,1,0,10,6,5,5,4,3,6,7,7,8,9,9,0.0,0.0,0,12
500,army,Studio,If you build an army of 100 lions and their leader is a dog in any fight the lions will die like a dog.,army,True,24,103,1,3,0,24,False,False,False,False,7,4,5,1,0,0,17,10,6,1,0,0,14,18,23,24,24,24,0.0,0.0,12,22
505,army,,One Direction Is my pick for http://t.co/q2eBlOKeVE Fan Army #Directioners http://t.co/eNCmhz6y34 x1421,army,True,12,103,13,8,9,13,False,True,True,False,3,2,1,0,0,0,10,7,5,4,4,4,5,7,8,8,8,8,0.0,0.0,2,12
507,army,New York,SHARK ARMY Black Date Stainless Steel Quartz Men Sport Watch - Full read by eBay http://t.co/k6OzC4wFQd http://t.co/H2ZC4nTdZN,army,True,17,126,29,4,9,18,False,True,False,True,1,5,5,1,0,0,15,14,9,4,3,3,3,8,13,14,14,14,0.39444444444444443,0.12777777777777777,1,17
508,army,,12.Beyonce Is my pick for http://t.co/thoYhrHkfJ Fan Army #Beyhive http://t.co/WvJ39a3BGM,army,True,10,89,13,5,9,12,False,True,True,False,2,2,0,0,0,1,8,6,4,4,4,4,4,6,6,6,6,7,0.0,0.0,2,10
510,army,#Capulets #5SOSfam #5quadfam ,5 Seconds of Summer Is my pick for http://t.co/EFC3896Qgr Fan Army #5SOSFAM http://t.co/aSpwke1YnK,army,True,13,98,18,7,9,14,False,True,True,True,2,2,0,1,1,1,9,7,5,5,4,3,6,8,8,9,10,11,0.0,0.0,3,13
511,army,,Beyonce Is my pick for http://t.co/nnMQlz91o9 Fan Army #Beyhive http://t.co/o91f3cYy0R 67,army,True,11,89,9,9,9,12,False,True,True,False,2,2,0,0,1,1,8,6,4,4,4,3,5,7,7,7,8,9,0.0,0.0,2,11
515,army,,VICTORINOX SWISS ARMY DATE WOMEN'S RUBBER MOP WATCH 241487 http://t.co/q6VCJaTfjx http://t.co/m1cpEw7kbh,army,True,11,104,48,9,9,12,False,True,False,True,1,2,2,2,1,0,11,10,8,6,4,3,1,3,5,7,8,8,0.0,0.0,0,11
525,army,"Bowling Green, Ky",Hope the Salvation Army at least gave you a tax receipt.  https://t.co/Ir9c545rZy,army,True,13,81,5,4,4,14,False,True,False,False,3,3,1,0,0,1,10,7,4,3,3,3,6,9,10,10,10,11,0.4,-0.3,4,13
529,army,,One Direction Is my pick for http://t.co/q2eBlOKeVE Fan Army #Directioners http://t.co/eNCmhz6y34 x1431,army,True,12,103,13,8,9,13,False,True,True,False,3,2,1,0,0,0,10,7,5,4,4,4,5,7,8,8,8,8,0.0,0.0,2,12
532,army,,One Direction Is my pick for http://t.co/q2eBlOKeVE Fan Army #Directioners http://t.co/eNCmhz6y34 x1435,army,True,12,103,13,8,9,13,False,True,True,False,3,2,1,0,0,0,10,7,5,4,4,4,5,7,8,8,8,8,0.0,0.0,2,12
534,army,,One Direction Is my pick for http://t.co/q2eBlOKeVE Fan Army #Directioners http://t.co/eNCmhz6y34 x1415,army,True,12,103,13,8,9,13,False,True,True,False,3,2,1,0,0,0,10,7,5,4,4,4,5,7,8,8,8,8,0.0,0.0,2,12
537,army,"Logansport, Indiana",Check out more data on Upper Wabash reservoirs here on @LouisvilleUSACE site: http://t.co/hqqLQUqZmD,army,False,13,100,14,0,6,13,False,True,False,False,1,3,3,1,0,0,11,10,7,4,3,3,3,6,9,10,10,10,0.25,0.25,5,12
539,army,Rexburg ID,"ANSWER:
'Therefore it came to pass that in my sixteenth year I did go forth at the head of an army of the... http://t.co/uuAAsb394n",army,True,23,131,10,3,7,26,False,True,False,False,2,6,1,1,0,0,13,11,5,4,3,3,12,18,19,20,20,20,0.0,0.0,12,22
541,army,,One Direction Is my pick for http://t.co/q2eBlOKeVE Fan Army #Directioners http://t.co/eNCmhz6y34 x1424,army,True,12,103,13,8,9,13,False,True,True,False,3,2,1,0,0,0,10,7,5,4,4,4,5,7,8,8,8,8,0.0,0.0,2,12
545,army,Mexico! ^_^,5 Seconds of Summer Is my pick for http://t.co/qcHV3JqOVK Fan Army #5SOSFAM http://t.co/gc0uDfnFgg ÌÑ2,army,True,14,102,19,5,11,15,False,True,True,True,3,2,0,1,1,1,10,7,5,5,4,3,7,9,9,10,11,12,0.0,0.0,3,14
547,arson,,Cheesehead Report - Arson charges filed in Jackson County house fire http://t.co/I3Y1ZWjBzO,arson,True,12,91,11,2,5,12,False,True,False,False,0,1,3,2,2,0,10,10,9,6,4,2,2,3,6,8,10,10,0.0,0.0,1,12
548,arson,"Los Angeles, CA",Arson suspect linked to 30 fires caught in Northern California http://t.co/z8tlcAdKOw,arson,True,11,85,6,3,4,11,False,True,False,False,0,0,2,2,1,1,8,8,8,6,4,3,3,3,5,7,8,9,0.0,0.0,2,11
549,arson,,Israeli police unable to solve the case of Duma arson attack http://t.co/WtZgXzaf7Z,arson,True,12,83,6,1,4,12,False,True,False,False,1,2,2,3,1,0,10,9,7,5,2,1,3,5,7,10,11,11,0.5,-0.5,3,12
553,arson,"Las Vegas, NV","SHOCK REPORT: Muslims Setting Wildfires Across American West...Arson Jihad!

http://t.co/92F4nKxjIu",arson,True,9,99,22,3,7,13,False,True,False,True,0,0,1,1,3,1,9,9,9,8,7,4,0,0,1,2,5,6,0.0,0.0,0,9
554,arson,West Michigan,@pnuts_mama Be strong. It's at times like this that arson happens. Push thru past the felony stage.,arson,True,17,99,3,0,3,19,False,False,False,False,1,7,2,2,1,1,15,14,7,5,3,2,3,10,12,14,15,16,0.49166666666666664,0.09166666666666665,4,17
555,arson,ITUNES RADIO [Hiphop/Rap],#BreakingNews Mourning notices for stabbing arson victims stir Û÷politics of griefÛª in Israel: Posters f... http://t.co/KTKDrGVHgX #rome,arson,True,17,139,13,0,13,20,False,True,True,False,1,2,2,0,4,3,15,14,12,10,10,6,3,5,7,7,11,14,0.8,-0.6,3,17
557,arson,"Paterson, New Jersey ",Mourning notices for stabbing arson victims stir Û÷politics of griefÛª in Israel: Posters for Shira Banki and A... http://t.co/WbCtkGGTY9,arson,True,19,139,12,1,11,22,False,True,False,True,3,2,3,0,4,3,17,14,12,9,9,5,5,7,10,10,14,17,0.8,-0.6,5,18
562,arson,"Chicago, IL",RT @an_opus: Elliott will be on probation for two years and will have to pay fines up to $1179.  http://t.co/72bcyfbTj3,arson,False,21,119,4,7,8,22,False,True,False,False,4,3,2,1,1,0,14,10,7,5,4,3,11,14,16,17,18,18,0.0,0.0,10,19
566,arson,"Saginaw, Mich.",RT Saginaw - Police sketches of 2 'persons of interest' in Saginaw arson http://t.co/a2tZJ07nId http://t.co/LvtP5MHjaG,arson,True,15,118,13,5,11,16,False,True,False,False,0,0,1,1,2,2,9,9,9,8,7,5,6,6,7,8,10,12,0.0,0.0,3,13
572,arson,USA,Fire That Destroyed Charlton Winery Ruled To Be Arson http://t.co/4a9l0jrMYB,arson,True,10,76,12,3,4,10,False,True,False,False,0,2,2,1,0,1,8,8,6,4,3,3,2,4,6,7,7,8,0.0,0.0,0,10
573,arson,,WEHTWTVWlocal: Trial date set for man charged with arson burglary. https://t.co/eUk7lKS11r,arson,True,11,90,12,3,5,12,False,True,False,False,3,2,2,0,1,0,11,8,6,4,4,3,3,5,7,7,8,8,0.0,0.0,2,11
582,arson,"Lawrence, KS",Man charged in connection to Shawnee arson and burglary: OLATHE Kan. ÛÓ A man was in court Wednesday accused ofÛ_ http://t.co/zcXmQoKtZ1,arson,True,21,138,15,1,11,22,False,True,False,True,5,1,3,1,3,0,17,12,11,8,7,4,9,10,13,14,17,17,0.0,0.0,5,20
586,arson,,960KZIM: Steele police arrest 2 in possible arson investigation https://t.co/w6ZbWryqjC,arson,True,10,87,8,5,5,10,False,True,False,True,0,0,1,3,0,2,8,8,8,7,4,4,2,2,3,6,6,8,0.5,-0.025,1,10
587,arson,Duo lane,@Vixuhn rip arson,arson,True,3,17,1,0,1,2,False,False,False,False,1,0,1,0,1,0,3,2,2,1,1,0,1,1,2,2,3,3,0.0,0.0,0,3
590,arson,,Arson suspect linked to 30 fires caught in Northern California http://t.co/HkFPyNb4PS,arson,True,11,85,9,3,4,11,False,True,False,False,0,0,2,2,1,1,8,8,8,6,4,3,3,3,5,7,8,9,0.0,0.0,2,11
591,arson,Reality Based World,RT @TheAdvocateMag: Owner of Chicago-Area Gay Bar Admits to Arson Scheme http://t.co/wHTMwtgROJ #p2 #LGBT,arson,True,14,105,23,1,9,14,False,True,True,True,3,0,3,2,0,0,11,8,8,5,3,3,6,6,9,11,11,11,0.5833333333333334,0.4166666666666667,2,14
593,arson,EARTH ,#LGBTQ News ?? Owner of Chicago-Area Gay Bar Admits to Arson Scheme: Frank Elliott pleaded... http://t.co/sGb9vNWqUx Via @TheAdvocateMag,arson,True,18,136,24,1,8,23,True,True,True,True,3,1,3,2,2,0,15,12,11,8,6,4,6,7,10,12,14,14,0.5833333333333334,0.4166666666666667,2,18
595,arson,,Mourning notices for stabbing arson victims stir Û÷politics of griefÛª in Israel: Posters for Shira Banki and A... http://t.co/6o92wDfcLu,arson,True,19,139,8,3,11,22,False,True,False,True,3,2,3,0,4,3,17,14,12,9,9,5,5,7,10,10,14,17,0.8,-0.6,5,18
596,arsonist,"3rd terrestrial planet, Sun",Contra Costa Co. authorities arrest suspected serial arsonist: Authorities believe thatÛ_ http://t.co/bzCmzM7bi5 | http://t.co/LBQldyKgdp,arson,True,14,138,10,2,13,16,False,True,False,False,1,0,1,3,2,0,13,12,12,11,8,6,2,2,3,6,8,8,0.0,-0.05,0,14
597,arsonist,,Owner of Chicago-Area Gay Bar Admits to Arson Scheme: Frank Elliott pleaded guilty to hiring an arsonist to to... http://t.co/L82mrYxfNK,arson,True,20,136,14,2,6,23,False,True,False,False,2,0,4,3,3,1,15,13,13,9,6,3,7,7,11,14,17,18,0.7916666666666667,-0.04166666666666666,6,18
601,arsonist,,@local_arsonist @Cloudy_goldrush Man what ???? they be on some other shit,arson,True,11,73,2,0,4,14,True,False,False,False,1,5,1,0,0,0,9,8,3,2,2,2,3,8,9,9,9,9,0.5875,-0.1625,6,11
602,arsonist,ss,mo the way she says 'carry' https://t.co/vQzRUTHRNU,arson,False,7,51,8,0,6,7,False,True,False,False,3,1,0,0,1,0,6,3,2,2,2,1,4,5,5,5,6,6,0.0,0.0,2,7
605,arsonist,USA,Arsonist Sets NYC Vegetarian Restaurant on Fire: Police #NewYork - http://t.co/agn4cL4uSK,arson,True,11,89,14,2,7,11,False,True,True,True,1,1,1,1,0,2,9,8,7,6,5,5,3,4,5,6,6,8,0.0,0.0,1,11
610,arsonist,"Nanaimo, BC",Arsonist torches a house himself and his getaway vehicle police say - Surrey Leader http://t.co/q0J5lTVD6k @RichardGEarl,arson,True,16,120,10,3,6,16,False,True,False,False,3,0,1,3,4,1,14,11,11,10,7,3,5,5,6,9,13,14,0.0,0.0,4,16
616,arsonist,ss,@Safyuan i already threw away the letter tho,arson,False,8,44,1,0,1,7,False,False,False,False,2,1,1,1,1,1,7,5,4,3,2,1,3,4,5,6,7,8,0.0,0.0,2,8
618,arsonist,"Dorset, UK",Hotel arsonist who caused å£70000 damage was Û÷crying for helpÛª: An arsonist has been jailed after a court hear... http://t.co/HNGDdBhewa,arson,True,20,140,7,5,13,23,False,True,False,False,4,1,3,3,2,3,18,14,13,10,7,5,6,7,10,13,15,18,0.0,0.0,7,19
620,arsonist,San Francisco,suspected serial arsonist in east bay under arrest @christinKPIX5 @NightBeatTV 10pm @KBCWtv @VeronicaDLCruz,arson,True,13,107,16,3,4,12,False,False,False,False,1,2,1,2,1,1,12,11,9,8,6,5,2,4,5,7,8,9,0.0,-0.05,2,13
626,arsonist,"Toronto, Canada",ARSONIST Mc - CHRIST WALK http://t.co/D8LQHiGjT0 #Toronto #Columbus #Gospel,arson,True,9,75,28,2,8,9,False,True,True,True,0,1,0,1,1,2,7,7,6,6,5,4,2,3,3,4,5,7,0.0,0.0,0,9
627,arsonist,ss,@Gay4BB bitch dont get slapped,arson,False,5,30,3,1,1,4,False,False,False,False,1,1,1,0,2,0,5,4,3,2,2,0,1,2,3,3,5,5,0.0,0.0,0,5
629,arsonist,ss,@trap_vodka my new fave vine,arson,False,5,28,0,0,2,4,False,False,False,False,1,2,0,0,0,0,4,3,1,1,1,1,2,4,4,4,4,4,0.45454545454545453,0.13636363636363635,1,5
632,arsonist,"San Luis Obispo, California",Suspected serial arsonist arrested in NorCal http://t.co/Dty4t75CGu http://t.co/MjxbygejyL,arson,True,8,90,8,3,8,9,False,True,False,False,0,0,0,2,0,2,7,7,7,7,5,5,1,1,1,3,3,5,0.0,0.0,1,8
634,arsonist,,Surveillance Video Captures Man Removing American Flag From Long Beach Home ... - KTLA http://t.co/g0o9wiAgHu,arson,False,15,109,17,2,5,18,False,True,False,True,2,5,2,0,0,3,14,12,7,5,5,5,3,8,10,10,10,13,0.2,-0.025,0,15
639,arsonist,San Francisco,Serial arsonist gets no bail not jail release http://t.co/rozs6aumsS,arson,True,9,68,2,1,4,9,False,True,False,False,1,3,0,1,1,1,8,7,4,4,3,2,2,5,5,6,7,8,0.0,0.05,2,9
645,arsonist,Fresno,Arson suspect linked to 30 fires caught in Northern California https://t.co/emsXyWp5s5,arson,True,11,86,5,4,4,11,False,True,False,False,0,0,2,2,1,1,8,8,8,6,4,3,3,3,5,7,8,9,0.0,0.0,2,11
647,attack,,Delhi government to provide free treatment to acid attack victims in private hospitals #AAPatWork http://t.co/xjtp8SBpt3,attack,True,15,120,7,2,5,15,False,True,True,False,0,2,1,1,3,0,12,12,10,9,8,5,3,5,6,7,10,10,0.5875,0.2,3,14
648,attack,chi town        ,I'm going into a panic attack,attack,True,6,29,1,0,1,5,False,False,False,False,1,1,2,1,0,0,5,4,3,1,0,0,2,3,5,6,6,6,0.0,0.0,2,6
650,attack,Maryland,End the Innovation Catch-22: Reduce the Attack Surface http://t.co/Gj4SSEhk1D #INDUSTRYINSIGHTS #mcgsecure,attack,True,11,106,27,4,8,11,False,True,True,True,3,0,0,2,1,0,11,8,8,8,6,5,3,3,3,5,6,6,0.0,0.0,2,10
663,attack,,@RealTwanBrown Yesterday I Had A Heat Attack ???? And What's Funny Our Relationship ??? Or Our Snapchat,attack,True,17,103,17,0,2,23,True,False,False,False,5,2,1,2,0,1,14,9,7,6,4,4,8,10,11,13,13,14,1.0,0.25,0,16
666,attack,Indianapolis,TexasÛªs Gratuitously Cruel Attack On A Dying GayåÊMan http://t.co/retdjqyCuB,attack,True,9,78,11,0,9,9,False,True,False,False,0,0,2,1,0,1,7,7,7,5,4,4,2,2,4,5,5,6,1.0,-1.0,0,9
668,attack,Worldwide,Cooper the Super Pooper. The hero dog who saved me from drowning and detected my heart attack before I knew it. TheÛ_ http://t.co/hzzADcnhFF,attack,True,23,141,10,0,7,25,False,True,False,False,6,3,3,4,1,2,20,14,11,8,4,3,9,12,15,19,20,22,0.6666666666666666,0.3333333333333333,8,23
670,attack,,Double ebony attack http://t.co/33V0RLlrKf #Black-haired #Blowjob http://t.co/t7TG3nRBje,attack,True,7,88,11,5,11,8,False,True,True,False,0,0,1,2,0,1,7,7,7,6,4,4,0,0,1,3,3,4,0.0,0.0,0,7
673,attack,,Suspect in latest US theatre attack had psychological issues http://t.co/TvsvjuAVif http://t.co/npovfR4rGo,attack,True,11,106,8,1,8,12,False,True,False,False,1,0,0,3,2,0,9,8,8,8,5,3,3,3,3,6,8,8,0.5,0.25,2,11
676,attack,,#People #Tilly the #Confused Cat Overcomes Horrible Attack to Win Hearts http://t.co/QtrsYxFzo3,attack,True,12,95,12,1,7,12,False,True,True,False,3,0,0,3,1,1,11,8,8,8,5,4,4,4,4,7,8,9,0.7000000000000001,-0.19999999999999996,2,12
678,attack,Peru,To love you love you love you ...  Massive Attack - Angel (HD) https://t.co/9TW34Gffox vÌ_a @YouTube,attack,True,17,100,11,3,10,20,False,True,False,True,4,5,1,1,1,1,14,10,5,4,3,2,7,12,13,14,15,16,0.7,0.375,3,13
692,attack,United Kingdom,@Sunnyclaribel. how many of @DPJHodges articles just attack labour or defend conservatives? see for yourself: http://t.co/shAAIjO2ZC,attack,True,16,132,11,1,7,18,True,True,False,False,3,2,0,3,0,1,14,11,9,9,6,6,5,7,7,10,10,11,0.5,0.5,6,16
693,attack,venezuela,RT: @rt_com :Tory attack on Freedom of Information is Û÷assault on govt accountabilityÛª ÛÒ Liberty http://t.co/UNmTOnz5c5 http://t.co/GTSbvveF,attack,True,17,146,14,2,21,18,False,True,False,True,2,1,1,1,3,0,13,11,10,9,8,5,6,7,8,9,12,12,0.0,0.0,4,16
694,attack,My own little world.,It's weird I had a near panic attack &amp; wanted to write herÛ_ walked into the bathroom at work and nearly cried. Dreadfully miss her.,attack,True,25,137,3,0,6,26,False,False,False,False,3,6,4,6,0,1,21,18,12,8,2,2,7,13,17,23,23,24,0.7,-0.325,8,25
695,attack,Twitter,#porn #nsfw: Blacks attack for white married slut http://t.co/zRngKh5d8H,attack,True,9,72,4,2,7,9,False,True,True,False,1,1,2,3,1,0,9,8,7,5,2,1,1,2,4,7,8,8,0.125,0.125,1,9
696,attacked,"New Delhi,India",Cop injured in gunfight as militants attack Udhampur police post: Suspected militants attacked a police post i... http://t.co/ERW7FdxnCr,attack,True,18,136,8,1,5,21,False,True,False,False,1,2,1,3,1,3,15,14,12,11,8,7,4,6,7,10,11,14,0.0,0.0,4,16
698,attacked,UK,Newcastle: Schoolgirl attacked in Seaton Delaval park by 'pack of animals' led by a former friend http://t.co/4xbrVNib9T #newcastle,attack,True,18,131,7,2,8,18,False,True,True,False,1,1,1,3,1,2,13,12,11,10,7,6,6,7,8,11,12,14,0.0,0.0,5,17
701,attacked,,Aus need career best of @davidwarner31 along with Steve smith to even try competing.. SURA virus has attacked team Australia brutally,attack,True,21,133,7,2,1,22,False,False,False,True,3,6,4,1,0,2,19,16,10,6,5,5,5,11,15,16,16,18,0.65,0.0625,4,21
703,attacked,between here and there,Christian Attacked by Muslims at the Temple Mount after Waving Israeli Flag via Pamela Geller - ... http://t.co/ajMtU7EHy2,attack,True,18,122,14,2,5,21,False,True,False,False,3,1,2,4,2,1,15,12,11,9,5,3,6,7,9,13,15,16,0.0,0.0,4,18
707,attacked,"Revolutionary Road, USA",Christian Attacked by Muslims at the Temple Mount after Waving Israeli Flag via Pamela Geller - ... http://t.co/OGoyzOlJk5,attack,True,18,122,14,1,5,21,False,True,False,False,3,1,2,4,2,1,15,12,11,9,5,3,6,7,9,13,15,16,0.0,0.0,4,18
708,attacked,Lucknow,Tennessee man killed by police attacked family with hatchet: 911åÊcall http://t.co/pWiw9q30DT,attack,True,11,93,4,6,7,11,False,True,False,False,1,1,0,3,0,2,10,9,8,8,5,5,2,3,3,6,6,8,0.0,-0.2,2,11
711,attacked,1937 Germany ,Christian Attacked by Muslims at the Temple Mount after Waving Israeli Flag via Pamela Geller - ... http://t.co/RICbduIACc,attack,True,18,122,16,0,5,21,False,True,False,False,3,1,2,4,2,1,15,12,11,9,5,3,6,7,9,13,15,16,0.0,0.0,4,18
715,attacked,"Toronto, Ontario",Christian Attacked by Muslims at the Temple Mount after Waving Israeli Flag via Pamela Geller - ... http://t.co/zb8vVBiSY4,attack,True,18,122,14,2,5,21,False,True,False,False,3,1,2,4,2,1,15,12,11,9,5,3,6,7,9,13,15,16,0.0,0.0,4,18
718,attacked,Indonesia,I attacked Robot-lvl 1 and I've earned a total of 16000 free satoshis! http://t.co/2PZcXSkNCg #robotcoingame #Bitcoin #FreeBitcoin,attack,True,17,130,12,7,9,18,False,True,True,False,1,2,2,1,0,2,13,12,10,8,7,7,5,7,9,10,10,12,0.775,0.25,3,17
722,attacked,N.Y.C,"That 'attitude problem' is a result of constantly being belittled bashed attacked &amp; demoralized. 
FUCK YOU @HOT97",attack,True,17,117,11,2,6,17,False,False,False,True,1,1,3,3,0,2,14,13,12,9,6,6,4,5,8,11,11,13,0.4666666666666667,-0.2,4,17
723,attacked,"Superior, WI",I must've forgot the memo where getting attacked by a resident and receiving a concussion was funny,attack,True,17,99,1,0,1,16,False,False,False,False,3,1,2,1,2,2,13,10,9,7,6,4,7,8,10,11,13,15,1.0,0.25,7,16
733,attacked,Melbourne,Christian Attacked by Muslims at the Temple Mount after Waving Israeli Flag via Pamela Geller - ... http://t.co/PuVOZi3Pa3,attack,True,18,122,15,2,5,21,False,True,False,False,3,1,2,4,2,1,15,12,11,9,5,3,6,7,9,13,15,16,0.0,0.0,4,18
741,attacked,"Helsinki, Finland",@LogitechG BUT THEN THE FIRE NATION ATTACKED....,attack,True,7,48,30,0,1,10,False,False,False,True,2,2,0,1,0,0,7,5,3,3,2,2,2,4,4,5,5,5,0.0,0.0,0,7
742,attacked,,Christian Attacked by Muslims at the Temple Mount after Waving Israeli Flag via Pamela Geller - ... http://t.co/7kxGS7VDFy,attack,True,18,122,15,2,5,21,False,True,False,False,3,1,2,4,2,1,15,12,11,9,5,3,6,7,9,13,15,16,0.0,0.0,4,18
743,attacked,"Nashville, TN",Metro Nashville Police - simply the best.   Thank you for protecting us.    911 call: http://t.co/ZWIG51QECF via @AOL,attack,False,22,117,15,5,7,24,False,True,False,True,6,1,4,2,0,0,16,10,9,5,3,3,12,13,17,19,19,19,0.32857142857142857,0.5,3,18
747,avalanche,"Down, down, baby...,SC.",I was having such a peaceful happy Twitter experience ...then *AVALANCHE OF IDIOCY*!!!!!! https://t.co/iIR1v39THE,avalanche,True,14,113,24,3,6,23,False,True,False,True,1,1,1,1,2,1,11,10,9,8,7,5,4,5,6,7,9,10,0.6,0.012500000000000011,5,14
749,avalanche,,Car Receiving tube Installation for Avalanche Sound Output HHw,avalanche,True,9,62,8,0,0,8,False,False,False,False,3,1,1,1,0,0,9,6,5,4,3,3,3,4,5,6,6,6,0.4,0.4,1,9
750,avalanche,,if this fucking is true i will be decapitated and throw my head into a avalanche  https://t.co/4cw6Nmmw1O,avalanche,True,18,105,2,3,4,18,False,True,False,False,1,5,1,0,1,0,11,10,5,4,4,3,8,13,14,14,15,15,0.65,0.35,10,18
756,avalanche,,'One glance and the avalanche drops. One look and my heartbeat stops.' Oh WALK THE MOON how you get me.. I couldn't have said it better.,avalanche,True,26,136,15,0,3,30,False,False,False,True,8,7,0,2,2,1,22,14,7,7,5,3,12,19,19,21,23,24,0.5,0.5,8,25
757,avalanche,Turin,Photo: #Repost @gregskazphotography with @repostapp. åáåáåá @rainierarms Avalanche Ambi Charging Handle... http://t.co/t3dK3OoV7e,avalanche,True,12,129,9,3,15,16,False,True,True,False,0,2,0,2,1,1,12,12,10,10,8,7,0,2,2,4,5,6,0.0,0.0,1,12
760,avalanche,,@cierranb5678 I was just there and my dad told me he would never let me get an Avalanche,avalanche,True,18,88,2,4,1,17,False,False,False,False,5,2,3,0,0,0,12,7,5,2,2,2,11,13,16,16,16,16,0.0,0.0,9,17
764,avalanche,"Saint Andrews, Scotland",As you can imagine I had plenty to talk about with a maths teacher from Liverpool of a similar age into music !,avalanche,False,23,111,3,0,0,23,False,False,False,False,4,4,3,1,3,0,16,12,8,5,4,1,11,15,18,19,22,22,0.4,0.0,11,22
765,avalanche,,http://t.co/p5PnsRPH5G -RARE VINTAGE COLLECTABLE WINDRIVER AVALANCHE EDT 60ML SPRAY FOR MEN#Deals_UK http://t.co/wkZIYnyyrY,avalanche,True,12,123,68,4,11,13,False,True,True,True,2,1,2,0,1,0,12,10,9,7,7,6,2,3,5,5,6,6,0.9,0.3,0,12
766,avalanche,,PLUS PERFORMANCE CHIP FUEL SAVER CHEVY SILVERADO/AVALANCHE/BLAZER/TAHOE http://t.co/eocKbeOGm0 http://t.co/cvjCidgEZ7,avalanche,True,9,117,68,2,11,10,False,True,False,True,0,3,2,0,0,0,9,9,6,4,4,4,0,3,5,5,5,5,0.0,0.0,0,9
768,avalanche,"Denver, CO",Dorion: Sens looking for consistency from Hoffman #ColoradoAvalanche #Avalanche http://t.co/msK68XoY7T http://t.co/ykWKx0QKtX,avalanche,True,11,125,15,4,11,12,False,True,True,False,1,2,0,0,3,0,11,10,8,8,8,5,1,3,3,3,6,6,0.0,0.0,2,11
769,avalanche,,@Avalanche need anyone to carry your bag? ??,avalanche,True,8,44,1,0,1,10,True,False,False,False,0,3,1,1,0,0,6,6,3,2,1,1,2,5,6,7,7,7,0.0,0.0,2,8
771,avalanche,Michigan,Musician Kalle Mattson Recreates 34 Classic Album Covers in Clever Music Video for 'Avalanche' http://t.co/97eWeUWybf,avalanche,True,15,117,14,4,6,15,False,True,False,False,1,0,4,2,2,1,13,12,12,8,6,4,3,3,7,9,11,12,0.5,0.16666666666666666,2,15
772,avalanche,Score More Goals Buying @,2 TIX 10/3 Frozen Fury XVII: Los Angeles Kings v Avalanche 216 Row:L MGM Grand http://t.co/qyCwho8guN,avalanche,True,16,101,21,8,7,16,False,True,False,True,4,2,4,1,1,0,14,10,8,4,3,2,6,8,12,13,14,14,1.0,0.5,0,16
776,avalanche,KATONG PLAZA #02-10,FC Maid Agency presents Musician Kalle Mattson Recreates 34 Classic Album Covers in Clever Music Video for... http://t.co/BObrp2qwCb,avalanche,False,18,132,17,3,4,21,False,True,False,False,0,1,4,4,2,2,15,15,14,10,6,4,3,4,8,12,14,16,0.5,0.16666666666666666,2,18
778,avalanche,,02 03 04 05 AVALANCHE 1500 REAR AXLE ASSEMBLY 2055271 http://t.co/VxZhZsAlra http://t.co/HmXWRkbLS0,avalanche,True,12,99,35,20,8,13,False,True,False,True,0,3,0,0,1,1,8,8,5,5,5,4,4,7,7,7,8,9,0.0,0.0,0,12
780,avalanche,"Denver, CO",Senators have another year to determine Hoffman's v... #ColoradoAvs #NHLAvalanche http://t.co/CIzZOc6f0D http://t.co/PEmYHD3Nfz,avalanche,True,12,127,19,3,11,16,False,True,True,False,0,3,0,0,1,1,11,11,8,8,8,7,1,4,4,4,5,6,0.0,0.0,2,12
785,avalanche,Valusia,@Mano_twits @Kolaveriboy avast an avalanche of andals,avalanche,True,7,53,2,0,3,6,False,False,False,False,0,0,1,1,0,0,5,5,5,4,3,3,2,2,3,4,4,4,0.0,0.0,2,7
789,avalanche,Score Team Goals Buying @,Colorado Avalanche @ Anaheim Ducks 1-7 tickets 10/1 preseason http://t.co/XRU1WowZYG,avalanche,True,10,84,11,6,7,10,False,True,False,False,1,1,1,0,2,1,9,8,7,6,6,4,2,3,4,4,6,7,0.0,0.0,0,10
792,avalanche,,@90sAngelicMalik listen to wtm avalanche and take a deep breath,avalanche,True,10,63,2,2,1,9,False,False,False,False,2,2,0,2,0,0,8,6,4,4,2,2,4,6,6,8,8,8,0.4,0.0,3,10
793,avalanche,,Now there's an avalanche... These men are lunatics #livingontheedge,avalanche,True,9,67,2,0,2,11,False,False,True,False,3,0,1,0,1,1,8,5,5,4,4,3,4,4,5,5,6,7,0.0,0.0,3,9
811,battle,,#environment Lone Pine trees growing across the country in remembrance of battle at Gallipoli 100 years ago: T... http://t.co/GJCAAnfCYk,battle,True,19,136,11,3,6,22,False,True,True,True,2,4,2,2,2,0,16,14,10,8,6,4,5,9,11,13,15,15,0.0,0.0,4,19
813,battle,"Midland, MI",@JackiSheaffer I have the same battle!,battle,True,6,38,3,0,1,6,False,False,False,False,1,2,0,0,1,0,5,4,2,2,2,1,2,4,4,4,5,5,0.125,0.0,3,6
816,battle,"Seraphim Vault, Cosmodrone",@exoticengram @TheRasputin That Raspy is so cool and he has already figured out TTK's battle shit.,battle,True,16,98,7,0,3,16,False,False,False,False,3,2,3,1,2,0,13,10,8,5,4,2,6,8,11,12,14,14,0.7250000000000001,0.07499999999999998,6,16
821,battle,,I liked a @YouTube video from @sharpino1990 http://t.co/LU7dgOwtyl PokÌ©mon Omega Ruby and Alpha Sapphire Wi-Fi Battle #05 cjs064 vs,battle,True,19,132,14,10,10,19,False,True,True,False,2,2,5,2,0,3,16,14,12,7,5,5,5,7,12,14,14,17,0.8,0.6,3,19
824,battle,Gislaved,After a long battle @Spurs Matt Bonner took care of Brian Scalabrine in knockout this after... (Vine by @NBA) https://t.co/Q3mGYRDHSF,battle,True,20,133,18,1,8,23,False,True,False,True,0,5,4,3,0,2,16,16,11,7,4,4,4,9,13,16,16,18,0.4,-0.05,6,20
825,battle,USA!,I liked a @YouTube video from @screwattack http://t.co/W5dLLV48cs Knuckles punches into DEATH BATTLE!,battle,True,13,101,19,3,6,14,False,True,False,True,0,2,3,0,2,2,11,11,9,6,6,4,2,4,7,7,9,11,0.8,0.75,3,13
827,battle,Australia,"#LonePine remembered around Australia as 'descendants' grow via @666canberra #Gallipoli #WW1
http://t.co/bwadX8ywqN http://t.co/UPFjy88KvI",battle,False,12,138,13,7,15,13,False,True,True,False,1,1,0,1,0,0,11,10,9,9,8,8,2,3,3,4,4,4,0.0,0.0,1,12
830,bioterror,,FedEx no longer to transport bioterror germs in wake of anthrax lab mishaps #breakingnews,bioterror,True,14,89,2,0,1,13,False,False,True,False,1,1,2,1,2,0,10,9,8,6,5,3,5,6,8,9,11,11,0.0,0.0,4,14
831,bioterror,,FedEx no longer to transport bioterror germs in wake of anthrax lab mishaps http://t.co/kA0syAhqVW via @usatoday,bioterror,True,16,112,6,1,5,16,False,True,False,False,2,1,2,1,2,0,12,10,9,7,6,4,6,7,9,10,12,12,0.0,0.0,4,16
839,bioterror,South of Boston,FedEx no longer to transport bioterror germs in wake of anthrax lab mishaps http://t.co/1CsEBhPLfh via @usatoday,bioterror,True,16,112,7,1,5,16,False,True,False,False,2,1,2,1,2,0,12,10,9,7,6,4,6,7,9,10,12,12,0.0,0.0,4,16
844,bioterror,baltimore ,Unsurprising/still dismaying consequences of how we went about securing pathogen access: http://t.co/D8EFmGyR2d,bioterror,False,12,111,6,2,6,12,False,True,False,False,1,1,1,0,1,2,10,9,8,7,7,6,3,4,5,5,6,8,0.0,0.0,4,12
847,bioterror,East Texas,"FedEx no longer to transport bioterror germs in wake of anthrax lab mishaps

http://t.co/SjNKpJ8lEe

#watchcbs19 http://t.co/JiRXfok46c",bioterror,True,14,135,10,5,13,15,False,True,True,False,1,1,2,1,1,0,10,9,8,6,5,4,5,6,8,9,10,10,0.0,0.0,4,14
850,bioterror,"Washington, D.C., area",Latest fallout from biolab safety lapses: FedEx no longer will transport anthrax &amp; select agent research specimens http://t.co/4iOOyIbxyo,bioterror,False,18,141,6,1,7,18,False,True,False,False,0,2,3,5,3,1,17,17,15,12,7,4,1,3,6,11,14,15,0.9,0.5,3,18
854,bioterror,,#FedEx no longer to transport #bioterror germs in wake of #anthrax lab mishaps http://t.co/Ziw1RWPJkK,bioterror,True,14,101,8,1,7,14,False,True,True,False,1,1,1,2,1,1,10,9,8,7,5,4,5,6,7,9,10,11,0.0,0.0,4,14
855,bioterror,"Jacksonville, FL",FedEx stops shipping potential bioterror pathogens: FedEx Corp. (NYSE: FDX) will no longer deliver packages thatÛ_ http://t.co/CRD6tgIZhG,bioterror,True,17,138,18,1,11,18,False,True,False,True,0,2,4,2,2,2,16,16,14,10,8,6,1,3,7,9,11,13,1.0,0.0,2,16
858,bioterror,,Citizens Education Project has acted for years as a watchdog on the Dugway Proving Grounds. http://t.co/NZHXYapLm0,bioterror,False,16,114,12,1,4,17,False,True,False,False,3,0,2,1,2,3,13,10,10,8,7,5,6,6,8,9,11,14,0.0,0.0,6,16
861,bioterror,"Phoenix, AZ",FedEx no longer to transport bioterror germs in wake of anthrax lab mishaps http://t.co/L04Q4DKvue http://t.co/z5voujEus4,bioterror,True,15,121,7,5,8,16,False,True,False,False,1,1,2,1,2,0,11,10,9,7,6,4,5,6,8,9,11,11,0.0,0.0,4,15
862,bioterror,Springfield Tn,FedEx no longer will transport bioterror germs http://t.co/9lam19N5i5 via @USATODAY,bioterror,True,10,83,11,5,5,10,False,True,False,True,1,1,2,1,0,0,9,8,7,5,4,4,2,3,5,6,6,6,0.0,0.0,2,10
865,bioterror,"Jacksonville, Florida",In offbeat news @fedex has stopped shipping bioterror pathogens http://t.co/gvXXidHOlF,bioterror,True,10,86,6,0,5,10,False,True,False,False,1,1,0,1,2,1,9,8,7,7,6,4,2,3,3,4,6,7,0.5,-0.5,1,10
869,bioterror,,FedEx no longer to transport bioterror germs in wake of anthrax lab mishaps http://t.co/RghHkWtKLR #newsdict #news  #FedEx,bioterror,True,18,122,10,0,7,18,False,True,True,False,1,1,3,2,2,0,13,12,11,8,6,4,6,7,10,12,14,14,0.0,0.0,4,18
879,bioterrorism,USA,Bioterrorism and Ebola. http://t.co/ORIOVftLK4 RT #STOPIslam #TCOT #CCOT #MakeDCListen #TeaParty,bioterror,True,10,96,30,1,9,11,False,True,True,True,1,0,2,1,0,0,9,8,8,6,5,5,2,2,4,5,5,5,0.0,0.0,1,10
880,bioterrorism,Los Angeles,The largest bioterrorism attack on U.S. soil involved tacos @atlasobscura http://t.co/1n9CRhWmgl,bioterror,True,11,96,6,2,5,13,False,True,False,True,1,2,1,1,1,1,10,9,7,6,5,4,2,4,5,6,7,8,0.0,0.0,1,11
887,bioterrorism,Amsterdam NL or Greenwich USA,Is it time to hedge against catastrophic risks such as climate change asteroid impacts or bioterrorism? https://t.co/HQ6WqsgSJX,bioterror,True,17,127,7,1,4,18,True,True,False,False,0,2,2,1,3,1,12,12,10,8,7,4,5,7,9,10,13,14,0.5,0.0,6,17
889,bioterrorism,,@USCOURT If 90BLKs&amp;8WHTs colluded 2 take WHT F @USAgov AUTH Hostage&amp;2 make her look BLK w/Bioterrorism&amp;use her lgl/org IDis ID still hers?,bioterror,True,22,150,34,5,10,22,True,False,False,True,4,5,2,0,2,2,18,14,9,7,7,5,8,13,15,15,17,19,0.0,0.0,3,21
897,bioterrorism,,Bioterrorism : Guidelines for Medical and Public Health Management (2002) http://t.co/zkUXHnoBaG http://t.co/FHgkYxffu5,bioterror,True,12,119,14,5,11,13,False,True,False,False,2,0,0,3,1,0,11,9,9,9,6,5,3,3,3,6,7,7,0.03333333333333333,0.0,2,12
900,bioterrorism,"Denver,CO USA",@bbcworld Bioterrorism drones can reach large populated erea.,bioterror,True,8,61,1,0,1,8,False,False,False,False,1,0,3,1,0,0,8,7,7,4,3,3,1,1,4,5,5,5,0.42857142857142855,0.21428571428571427,1,8
901,bioterrorism,The Forbidden Forest,@BishoyRagheb fair. Bioterrorism is the way to go. Does that mean my BSc isn't irrelevant?,bioterror,True,15,90,6,0,2,17,True,False,False,False,4,3,2,0,0,0,12,8,5,3,3,3,7,10,12,12,12,12,0.8624999999999999,-0.03750000000000001,6,15
904,bioterrorism,,@DebtAssassin They forget there is the threat of bioterrorism.,bioterror,True,9,62,3,0,1,9,False,False,False,False,1,1,1,2,0,0,7,6,5,4,2,2,3,4,5,7,7,7,0.0,0.0,4,9
908,bioterrorism,,HST's Anthony Kimery Discusses #BioTerrorism on @Syfy Channel's 'Joe Rogan Questions Everything' #Pathogen #Virus http://t.co/0FDsc3f2IW,bioterror,True,15,136,20,3,12,15,False,True,True,False,0,1,3,2,1,0,14,14,13,10,8,7,1,2,5,7,8,8,0.0,0.0,1,15
909,bioterrorism,,Anthony Kimery Discusses #BioTerrorism on SyFy Channel's 'Joe Rogan Questions Everything' http://t.co/zckJWAcRCs,bioterror,True,12,112,17,0,8,12,False,True,True,False,0,2,1,1,1,0,11,11,9,8,7,6,1,3,4,5,6,6,0.0,0.0,1,12
910,bioterrorism,,@HarvardU If 90BLKs&amp;8WHTs colluded 2 take WHT F @USAgov AUTH Hostage&amp;2 make her look BLK w/Bioterrorism&amp;use her lgl/org IDis ID still hers?,bioterror,True,22,151,29,5,10,22,True,False,False,True,4,5,2,0,2,1,18,14,9,7,7,5,8,13,15,15,17,18,0.0,0.0,3,21
913,bioterrorism,Alaska,Uganda Seen as a Front Line in the Bioterrorism Fight,bioterror,True,10,53,6,0,0,9,False,False,False,False,1,2,2,1,0,0,7,6,4,2,1,1,4,6,8,9,9,9,0.0,0.0,4,10
914,bioterrorism,"Capitol Hill, Washington",Ppl living w/ HIV have been charged with aggravated assault and bioterrorism for things w/ low or no risk of transmission. #HIVIsNotaCrime,bioterror,True,22,138,10,0,3,22,False,False,True,True,5,4,0,2,2,0,17,12,8,8,6,4,10,14,14,16,18,18,0.3,0.0,8,21
917,bioterrorism,"Fargo, ND | North of Normal ",Studying anthrax and bioterrorism before 7 am ?? #carpediem,bioterror,True,9,59,1,1,1,10,True,False,True,False,1,0,0,1,1,1,6,5,5,5,4,3,4,4,4,5,6,7,0.0,0.0,3,9
918,bioterrorism,,@GACourts If 90BLKs&amp;8WHTs colluded 2 take WHT F @USAgov AUTH Hostage&amp;2 make her look BLK w/Bioterrorism&amp;use her lgl/org IDis ID still hers?,bioterror,True,22,151,30,5,10,22,True,False,False,True,4,5,2,0,2,1,18,14,9,7,7,5,8,13,15,15,17,18,0.0,0.0,3,21
920,bioterrorism,,Bioterrorism: Guidelines for Medical and Public Health Management Donald A. Hen http://t.co/tDg0Bsmd6c http://t.co/iirWFZMKHO,bioterror,True,13,125,18,2,9,15,False,True,False,False,3,0,0,3,1,0,12,9,9,9,6,5,4,4,4,7,8,8,0.03333333333333333,0.0,2,13
922,bioterrorism,,To fight bioterrorism sir.,bioterror,True,4,26,1,0,0,4,False,False,False,False,0,1,1,0,0,0,3,3,2,1,1,1,1,2,3,3,3,3,0.0,0.0,0,4
924,bioterrorism,,To fight bioterrorism sir.,bioterror,True,4,26,1,0,0,4,False,False,False,False,0,1,1,0,0,0,3,3,2,1,1,1,1,2,3,3,3,3,0.0,0.0,0,4
925,bioterrorism,Philippines :),@prsnvns that's good to hear. Mine could be better but I can manage. It's alright you do what you have to. Bioterrorism doesn't wait.,bioterror,True,24,133,4,0,4,27,False,False,False,False,5,5,3,2,3,1,20,15,10,7,5,2,9,14,17,19,22,23,0.55,0.6,12,23
927,bioterrorism,,@mariashriver Was '@FultonInfo'Court trip 2 keep strangers-BLK&amp;WHT-from us'g my @SSAPress ID or 2 forfeit 2 them due 2 Bioterrorism look?@AP,bioterror,True,20,144,19,4,11,20,True,False,False,False,2,4,0,0,1,1,13,11,7,7,7,6,9,13,13,13,14,15,0.375,-0.125,3,17
933,blaze,Mo.City,@_AfroJazz I'll add you (i dont even know what you talking about),ablaze,False,12,65,3,0,5,11,False,False,False,False,3,5,0,1,1,0,11,8,3,3,2,1,4,9,9,10,11,11,0.0,0.0,5,11
937,blaze,"Cleveland, OH",I never got paid to give a fuck..we might as well blaze another one,ablaze,False,14,67,1,0,0,15,False,False,False,False,2,3,3,0,1,1,10,8,5,2,2,1,6,9,12,12,13,14,0.0,0.0,3,14
943,blaze,"Missoula, MT",@JuneSnowpaw Yeah Gimme dat creamy white stuff ;3,ablaze,False,8,49,4,1,2,7,False,False,False,False,1,1,3,1,0,0,7,6,5,2,1,1,2,3,6,7,7,7,0.0,0.0,1,8
949,blaze,Gotham City,Your reaction determines that,ablaze,False,4,29,1,0,0,3,False,False,False,False,0,2,0,0,0,1,4,4,2,2,2,2,0,2,2,2,2,3,0.0,0.0,1,4
950,blaze,Vancouver,Port Coquitlam fire crews say an electric towel warmer started the four alarm blaze last week that destroyed several businesses.,ablaze,False,20,128,2,0,0,20,False,False,False,False,2,6,4,1,2,1,19,17,11,7,6,4,3,9,13,14,16,17,0.03333333333333333,0.0,3,20
954,blaze,Texas,I liked a @YouTube video from @ashens http://t.co/yC9tywuzQm Blaze / Atgames Handheld Mega Drives | Ashens,ablaze,False,16,106,11,1,8,16,False,True,False,False,0,2,3,2,2,2,12,12,10,7,5,3,4,6,9,11,13,15,0.8,0.6,2,16
966,blaze,,Craving slurpees ;-;,ablaze,False,3,20,1,0,3,2,False,False,False,False,1,0,0,0,1,1,3,2,2,2,2,1,1,1,1,1,2,3,0.0,0.0,0,3
967,blaze,,Omg i need to go like yesterday ???? https://t.co/3oP6G7ovzO,ablaze,False,9,60,4,3,4,13,True,True,False,False,1,3,0,0,0,0,6,5,2,2,2,2,4,7,7,7,7,7,0.0,0.0,2,9
969,blaze,"Strathmore, California",@OVOIzic @BaddieMoneySign blaze it,ablaze,False,4,34,7,0,2,3,False,False,False,False,0,0,1,0,0,1,3,3,3,2,2,2,1,1,2,2,2,3,0.0,0.0,1,4
970,blaze,"Lithgow, NSW, Australia",Lithgow News: Homeless after blaze near Portland http://t.co/Cht5w3znIK,ablaze,False,8,71,7,2,5,8,False,True,False,False,0,1,3,0,1,2,8,8,7,4,4,3,0,1,4,4,5,7,0.4,0.1,1,8
973,blaze,"North Hollywood, CA. (SoCal)","@Blizzard_draco I saw

let's eat blaze @BlazinSmasher",ablaze,False,6,53,4,0,6,5,False,False,False,False,1,0,1,0,0,0,5,4,4,3,3,3,2,2,3,3,3,3,0.0,0.0,0,6
975,blaze,"Newburgh, NY",My big buzzy John BlaZe. Jus Kame home from a 12 year bid. #LoveThyFamily https://t.co/xrEuoNzzbi,ablaze,False,15,97,11,2,5,17,False,True,True,False,2,6,1,1,0,0,12,10,4,3,2,2,5,11,12,13,13,13,0.1,0.0,2,15
980,blazing,"New Bedford, MA",Just cruisingblazing and banging ?,ablaze,False,5,34,1,0,0,5,True,False,False,False,1,1,0,0,1,0,4,3,2,2,2,1,2,3,3,3,4,4,0.0,0.0,1,5
988,blazing,Paradise ,the bitches say im hot i say no bitch im blazing,ablaze,False,11,48,0,0,0,10,False,False,False,False,4,0,1,0,2,0,7,3,3,2,2,0,8,8,9,9,11,11,0.8500000000000001,0.25,3,9
989,blazing,Outer Rim,@BryanVsBracey @uSTADIUM why do you need blazing speed? I think Watt is far more impressive that OBJ who is just another quick little guy,ablaze,False,24,137,15,0,2,24,True,False,False,True,6,5,2,2,2,0,20,14,9,7,5,3,10,15,17,19,21,21,0.7,0.3491666666666667,9,23
995,blazing,"California, USA",I checked in at Blazing Horse Tattoo on #Yelp http://t.co/z8nXWmYMWA,ablaze,False,10,68,11,1,5,10,False,True,True,False,0,0,2,1,2,0,6,6,6,4,3,1,4,4,6,7,9,9,0.0,0.0,3,10
1000,blazing,bkk,"The midnight song I cry out goes 'In reality I... in reality I... was very lonely'
Even if it is erased by the blazing sun",ablaze,False,24,122,6,0,3,29,False,False,False,True,7,5,0,1,3,1,18,11,6,6,5,2,13,18,18,19,22,23,0.9099999999999999,-0.12999999999999998,9,22
1003,blazing,,Le Ever Blazing,ablaze,False,3,15,3,0,0,2,False,False,False,False,0,1,0,0,1,0,2,2,1,1,1,0,1,2,2,2,3,3,0.0,0.0,0,3
1007,blazing,,All packed and ready to go to meet @kkarmstrongg in Portugal tomorrow! Bring on blazing sunshine and fun times with the bestie! ??????,ablaze,False,23,134,3,0,1,30,True,False,False,False,5,2,3,2,2,2,18,13,11,8,6,4,10,12,15,17,19,21,0.35,0.3125,8,21
1011,blazing,ZIKKO'S HQ,"S3XLEAK!!!
Ph0tos of 19yrs old Ash@wo lady in Festac town from Delta exp0sed on BBM 5 leaked pictures... http://t.co/lUm4l65alz",ablaze,False,18,127,14,9,6,24,False,True,False,True,2,3,2,3,1,0,14,12,9,7,4,3,6,9,11,14,15,15,0.2,0.1,4,18
1012,blazing,"West Hollywood, CA",Enjoying the shade under this tree. The sun is blazing but there is a cool breeze. @ West Hollywood Park https://t.co/2wzHj0lNa6,ablaze,False,21,128,7,3,5,23,False,True,False,False,4,4,4,0,2,1,17,13,9,5,5,3,8,12,16,16,18,19,0.625,0.425,8,20
1013,blazing,VISIT MY YOUTUBE CHANNEL.,HAPPENING NOW - FDNY RESCUE 1 BLAZING THRU@AND BLASTING THE AIR HORNÛ_ https://t.co/bX6cwRt8M7,ablaze,False,13,95,57,4,9,13,False,True,False,True,3,1,0,1,2,2,11,8,7,7,6,4,5,6,6,7,9,11,0.0,0.0,0,13
1014,blazing,"Crawley, England",Night 3 of insomnia this whole stop blazing shit is real,ablaze,False,11,56,1,1,0,10,False,False,False,False,0,4,2,0,1,1,8,8,4,2,2,1,3,7,9,9,10,11,0.5000000000000001,0.06666666666666667,3,11
1016,blazing,On The Net,Satelite Shot: Series of wildfires in Northern California continue blazing: There are at least five fire compl... http://t.co/BmGuHqY7W4,ablaze,False,18,136,11,2,6,21,False,True,False,False,1,2,3,1,0,5,15,14,12,9,8,8,4,6,9,10,10,15,0.4,-0.3,4,18
1019,blazing,"Montreal,QC",#website #hosting Get blazing speeds professional management and unlimited options @nyndesigns http://t.co/d1F7wi7FMr,ablaze,False,12,117,4,3,7,12,False,True,True,False,2,0,0,1,2,2,12,10,10,10,9,7,2,2,2,3,5,7,0.1,0.1,1,12
1025,blazing,"Intramuros, Manila","Come and join us Tomorrow!
August 7 2015 at Transcend:Blazing the Trail to the Diversified World of Marketing... http://t.co/Fd5od5PfCF",ablaze,False,18,135,13,7,6,22,False,True,False,False,3,3,2,0,0,0,13,10,7,5,5,5,8,11,13,13,13,13,0.0,0.0,6,17
1027,blazing,Your screen,"S3XLEAK!!!
Ph0tos of 19yrs old Ash@wo lady in Festac town from Delta exp0sed on BBM 5 leaked pictures... http://t.co/2WUpSDttVi",ablaze,False,18,127,18,7,6,24,False,True,False,True,2,3,2,3,1,0,14,12,9,7,4,3,6,9,11,14,15,15,0.2,0.1,4,18
1028,blazing,"Sacramento, California",@BlazingRoselia California is hot but not blazing even though there are wildfires going on now. Even the big massive Rocky fire,ablaze,False,21,127,5,0,1,21,False,False,False,False,6,4,3,1,2,0,19,13,9,6,5,3,8,12,15,16,18,18,0.65,0.08333333333333333,8,21
1030,bleeding,"Dublin,Ireland",Do people not understand they cant bleeding tweet everyone all the timedoes me head in 'stop ignoring me' they are hardly ignoring you+,blood,False,23,135,1,0,3,22,False,False,False,False,5,5,2,2,0,5,20,15,10,8,6,6,8,13,15,17,17,22,0.5416666666666666,-0.2916666666666667,9,21
1033,bleeding,??????????? :P,#Nepal: This house near TIA bleeding intÛªl airline companies dry. | http://t.co/lI8wi1kuMY,blood,False,12,92,8,2,10,13,False,True,True,True,1,3,1,0,3,1,11,10,7,6,6,3,2,5,6,6,9,10,0.5,0.016666666666666677,0,12
1034,bleeding,Mass.,@Battlehork I wish I could watch but the gif the LU account posted of Mundo bleeding... Jesus! D:,blood,False,18,97,8,0,2,21,False,False,False,False,4,1,3,2,1,0,13,9,8,5,3,2,9,10,13,15,16,16,0.0,0.0,4,16
1039,bleeding,,did leona lewis ever see that video of dinah singing bleeding love?,blood,False,12,67,0,0,0,12,True,False,False,False,2,2,5,0,1,1,11,9,7,2,2,1,3,5,10,10,11,12,0.6,0.5,3,12
1046,bleeding,"London, England",@TomBrevoort 'Bleeding Cool as read by Tom Brevoort. Though he may just look at the pictures.',blood,False,16,94,7,0,3,17,False,False,False,False,3,4,0,1,0,0,12,9,5,5,4,4,7,11,11,12,12,12,0.65,0.35,6,16
1047,bleeding,Sherbrooke & MontrÌ©al,You cut me open and I keep bleeding. #BleedingLove #LeonaLewis #acapella #singer #canadiansingerÛ_ https://t.co/51pfEIlPNK,blood,False,14,123,11,2,12,15,False,True,True,False,3,2,0,0,1,0,12,9,7,7,7,6,5,7,7,7,8,8,0.5,0.0,2,14
1053,bleeding,"Northeast, Ohio",*Ears bleeding from the bass* https://t.co/d5RrrwHjpN,blood,False,6,53,4,1,6,6,False,True,False,False,1,1,2,0,0,1,6,5,4,2,2,2,1,2,4,4,4,5,0.5,-0.15000000000000002,2,6
1055,bleeding,Orlando,@KrisZellner But Triplemania has the promise of Villano bleeding and Del Rio whooping that Trick Myztiziziziziz.,blood,False,16,112,9,0,1,16,False,False,False,False,6,1,1,0,2,2,15,9,8,7,7,5,7,8,9,9,11,13,0.0,0.0,5,16
1056,bleeding,"Louisville, KY",Looks like Reynolds and Montano coming in. Need to stop the bleeding. Not the best performance so far.,blood,False,18,102,5,0,0,20,False,False,False,False,5,5,1,1,1,1,16,11,6,5,4,3,7,12,13,14,15,16,0.65,0.55,6,17
1059,bleeding,Outworld,@imKanoMate [the stabbing did not really affect her but she did get stab wounds and was bleeding Skarlet then pushed him backwards +,blood,False,23,132,3,0,3,22,False,False,False,False,10,3,0,4,1,2,22,12,9,9,5,4,11,14,14,18,19,21,0.5,-0.35,11,22
1060,bleeding,Terre Haute,Yeah I hate cats I just tried to pet our own cat and now my hand has bite marks scratch marks and it's bleeding. #DogsAreBetterThanCats,blood,False,25,135,8,0,2,25,False,False,True,False,8,7,3,0,1,0,21,13,6,3,3,2,12,19,22,22,23,23,0.95,-0.10000000000000003,10,22
1063,bleeding,,@Aichmomanic wraps a cloth on my wound but it's still bleeding 'I'll be ok.' Falls to the ground as if I'm going to die,blood,False,24,119,4,0,6,24,False,False,False,False,4,2,7,1,0,1,16,12,10,3,2,2,12,14,21,22,22,23,0.5,0.5,11,23
1064,bleeding,psalms 27:1,my ears are bleeding  https://t.co/EeVQj37Ndg,blood,False,6,45,4,2,4,6,False,True,False,False,1,1,0,0,0,1,4,3,2,2,2,2,3,4,4,4,4,5,0.0,0.0,2,6
1068,bleeding,slytherin /,@dudeandpal it's so bad my eyes and ears are bleeding,blood,False,10,53,0,0,2,9,False,False,False,False,3,3,0,0,0,1,8,5,2,2,2,2,5,8,8,8,8,9,0.6666666666666666,-0.6999999999999998,5,10
1076,bleeding,"Windy City, Land of the Snakes",wouldn't want me to quit even if I was bleeding,blood,False,10,47,1,0,1,9,False,False,False,False,1,3,0,0,0,2,6,5,2,2,2,2,5,8,8,8,8,10,0.0,0.0,4,10
1086,blew up,35% gay. 65% water. ,@idkimnotfunny this quickly blew up and my mom doesn't get why it's so popular,blew up,True,14,78,0,0,3,13,False,False,False,False,4,3,0,0,3,0,11,7,4,4,4,1,7,10,10,10,13,13,0.7,0.4666666666666667,8,14
1087,blew up,"Chicago, IL",LMFAO MY SNAP JUST BLEW UP!,blew up,True,6,27,21,0,0,6,False,False,False,True,1,3,1,0,0,0,5,4,1,0,0,0,2,5,6,6,6,6,0.0,0.0,0,6
1089,blew up,Oh.,Just blew you up @abbss_13 just so I can get that follow back ????,blew up,False,14,66,2,2,2,17,True,False,False,False,3,6,0,1,0,0,11,8,2,2,1,1,6,12,12,13,13,13,0.0,0.0,6,14
1092,blew up,indiana,@atlwtmgc damn this blew up,blew up,True,5,27,0,0,1,4,False,False,False,False,0,3,0,0,0,0,4,4,1,1,1,1,1,4,4,4,4,4,0.0,0.0,2,5
1095,blew up,,Wow social media really blew up after the shania twain concert,blew up,True,11,62,1,0,0,10,False,False,False,False,2,1,3,3,1,0,10,8,7,4,1,0,3,4,7,10,11,11,0.4222222222222222,0.11111111111111112,3,11
1096,blew up,cucumber squad | she/her | ,@cieIstea IDK BUT IT BLEW UP,blew up,True,6,28,15,0,1,5,False,False,False,True,2,1,0,0,0,0,4,2,1,1,1,1,4,5,5,5,5,5,0.0,0.0,0,6
1097,blew up,,* I'm always one phone call away but too many people done blew up they chances with me.,blew up,True,18,87,1,0,2,18,False,False,False,False,5,7,1,2,1,0,16,11,4,3,1,0,7,14,15,17,18,18,0.5,0.5,6,18
1100,blew up,8.27.14 & 7.28.15,well this tweet blew up fast,blew up,True,6,28,0,0,0,5,False,False,False,False,0,4,1,0,0,0,5,5,1,0,0,0,1,5,6,6,6,6,0.6,0.2,2,6
1101,blew up,she/her ,Well this blew up while i was sleeping,blew up,True,8,38,1,0,0,7,False,False,False,False,1,3,1,0,0,1,6,5,2,1,1,1,3,6,7,7,7,8,0.0,0.0,5,8
1107,blew up,,@funnychubbyguy poor white guy his mom made him pizza and he wanted mac n cheese so he blew up a school. Such a sad story.,blew up,True,25,122,1,0,1,26,False,False,False,False,7,4,2,3,1,0,18,11,7,5,2,1,14,18,20,23,24,24,0.525,-0.225,9,23
1108,blew up,,Wow bro blew up quick. Believe it or not he's this funny and clever in person at all times. You be like 'where... http://t.co/djIHN95YnB,blew up,True,24,136,8,2,6,29,False,True,False,False,6,4,1,4,1,0,18,12,8,7,3,2,12,16,17,21,22,22,0.8333333333333334,0.2125,11,24
1111,blew up,"Texas, Forever ",@TokyoDotCom I didn't either till it blew up my mentions lol,blew up,True,11,60,4,0,2,10,False,False,False,False,1,2,0,2,0,1,7,6,4,4,2,2,5,7,7,9,9,10,0.7,0.8,4,11
1115,blew up,"Coos Bay, OR",We were fucking around on Google maps at work and I pulled up Boise and it blew their minds. Yeah Idaho isn't what you think at all.?,blew up,False,27,133,6,0,1,29,True,False,False,False,3,6,6,4,1,0,20,17,11,5,1,0,10,16,22,26,27,27,0.8,-0.6,13,25
1116,blew up,,That stadium blew up!!,blew up,True,4,22,1,0,0,5,False,False,False,False,0,3,0,0,1,0,4,4,1,1,1,0,0,3,3,3,4,4,0.0,0.0,1,4
1121,blew up,Romans 1:16,The balloon thing was so rude I would have popped the balloon than whoever blew it up's face,blew up,False,18,92,2,0,1,17,False,False,False,False,3,6,2,1,3,0,15,12,6,4,3,0,6,12,14,15,18,18,0.6,-0.3,7,17
1125,blew up,Your Girl's Pussy,@TheFieryGrave yeah true because if he wouldn't have got exposed then he probably wouldn't have went to mlg and blew up there,blew up,True,22,125,3,0,3,21,False,False,False,False,3,7,1,0,2,3,17,14,7,6,6,4,8,15,16,16,18,21,0.65,0.35,11,19
1127,blew up,twitch.tv/dgn_esports,The only reason why player's now have an ego is cause MW3 had cod champs that's when eSports Blew up and now player's strictly look for ORGs,blew up,True,27,140,8,1,3,26,False,False,False,True,10,6,1,3,1,3,24,14,8,7,4,3,13,19,20,23,24,27,1.0,0.0,13,25
1131,blight,Memphis,THDA Kicks Off Anti-Blight Loan Effort in Memphis http://t.co/7Gf7CpYL0R,blight,True,9,72,16,3,5,9,False,True,False,True,1,2,1,1,1,0,8,7,5,4,3,2,2,4,5,6,7,7,0.0,0.0,1,9
1133,blight,,.@WestmdCountyPA land bank targets first #Latrobe building in 20th property acquisition to fight #blight: http://t.co/regDv873Aj,blight,True,15,128,7,5,8,16,False,True,True,False,0,3,2,0,1,4,13,13,10,8,8,7,2,5,7,7,8,12,0.16666666666666666,0.125,2,15
1135,blight,"Cleveland, Ohio",Lots of talk of how susceptible NY2 is to shoot blight with or without trama. #WCFGT2015,blight,True,16,88,8,5,1,16,False,False,True,True,2,3,1,2,1,0,11,9,6,5,3,2,7,10,11,13,14,14,0.0,0.0,7,15
1137,blight,"Eldora, IA",Help fight Northern Corn Leaf Blight with Headline Amp https://t.co/LVoqPgkLI7,blight,True,10,78,12,1,4,10,False,True,False,False,1,4,1,1,0,2,10,9,5,4,3,3,1,5,6,7,7,9,0.0,0.0,1,10
1140,blight,,@colemcfadyean fuck off cole ??????,blight,False,5,35,0,0,1,10,True,False,False,False,1,2,0,1,0,0,5,4,2,2,1,1,1,3,3,4,4,4,0.6,-0.4,1,5
1144,blight,"Bridgetown, Barbados","Imagine if 2 Old Gods were awakened to start a Blight 2.0
@BioMarkDarrah @Mike_Laidlaw",blight,True,13,86,9,3,4,13,False,False,False,False,1,2,1,1,1,1,9,8,6,5,4,3,5,7,8,9,10,11,0.2,0.1,4,13
1147,blight,"Stamford, CT",Stamford tightens blight law: A dilapitated barn sits half-erect on Hickory Road near the int... http://t.co/QP65iO4AvC #stamford #topix,blight,True,18,136,9,3,8,21,False,True,True,False,1,5,0,3,1,2,16,15,10,10,7,6,3,8,8,11,12,14,0.4,0.1,2,18
1148,blight,"Columbus, Ohio",Cleveland Heights Shaker Heights fight blight - http://t.co/qRnyme33TC via @clevelanddotcom,blight,True,10,91,7,2,6,10,False,True,False,False,1,0,1,2,2,0,9,8,8,7,5,3,2,2,3,5,7,7,0.0,0.0,0,9
1150,blight,"Philadelphia, PA",Keep up the great work Councilman Brian O'Neill http://t.co/ueS3IhSyIq,blight,False,9,70,9,1,5,9,False,True,False,False,1,2,2,0,1,0,8,7,5,3,3,2,2,4,6,6,7,7,0.75,0.8,2,9
1158,blight,,2:20 BLIGHT ?? EVERY DAY,blight,True,5,24,14,3,1,6,True,False,False,True,1,1,1,1,0,0,4,3,2,1,0,0,2,3,4,5,5,5,0.0,0.0,0,5
1159,blight,"Upper Dicker, England","@Michelgrabowy @vegetablefarmer INTERNET LOSER: I like to leave snide remarks.
ME: This person is a blight upon the face of the earth",blight,True,21,133,18,0,5,21,False,False,False,True,2,4,3,3,0,1,16,14,10,7,4,4,7,11,14,17,17,18,0.0,0.0,6,20
1161,blight,centre of attention,ok. but important question: how are the inquisition fighting darkspawn and NO ONE gets the blight in the entire game,blight,True,20,116,5,0,1,20,False,False,False,True,9,2,0,2,0,1,18,9,7,7,5,5,11,13,13,15,15,16,0.63125,0.125,8,18
1163,blight,Connecticut,Member Post: Norwalk blight ordinance said to be success as properties change hands http://t.co/ZDwmKQEYBn,blight,True,14,106,10,0,5,14,False,True,False,False,0,1,2,3,2,0,11,11,10,8,5,3,3,4,6,9,11,11,0.0,0.3,3,14
1165,blight,Highlands Ranch CO,Time is ripe for yet another banana blight: The banana's appeal is not slipping. But the future of bananas is inÛ_ http://t.co/StPS5mruXW,blight,True,22,138,8,1,9,23,False,True,False,False,6,2,1,3,3,1,18,12,10,9,6,3,10,12,13,16,19,20,0.1125,0.025,7,20
1169,blight,The other side of the mirror,"This is the Red Eye crossing the ocean
Peeling potatoes with servile devotion...

#BLIGHT!",blight,True,12,90,10,0,4,15,False,False,True,False,4,2,0,0,1,2,11,7,5,5,5,4,5,7,7,7,8,10,0.0,0.0,4,11
1171,blight,Metro Detroit,#Detroit has made progress against blight but too many burned out shells of houses remain.,blight,True,15,90,1,0,1,15,False,False,True,False,4,2,0,4,2,2,14,10,8,8,4,2,5,7,7,11,13,15,0.5,0.5,6,15
1172,blight,"Baltimore, MD",@justin_fenton Per my Sun piece from last year I think this is the opposite of what should be done: Urban Blight should be monumentalized.,blight,True,24,138,5,0,3,24,False,False,False,False,3,5,4,3,0,1,18,15,10,6,3,3,9,14,18,21,21,22,0.022222222222222223,0.0,11,22
1176,blight,Sporting capital of the World,I'm all for renewable energy but re: windfarms I do agree with Abbott - they are a horrible blight on the landscape https://t.co/UjYfRT77eJ,blight,True,23,139,8,2,7,23,False,True,False,False,7,2,1,3,0,1,18,11,9,8,5,5,12,14,15,18,18,19,1.0,-1.0,11,23
1180,blizzard,,Buying MoP http://t.co/tl7o6Zsqzy,blizzard,False,3,33,4,2,4,3,False,True,False,False,1,0,0,1,0,0,3,2,2,2,1,1,1,1,1,2,2,2,0.0,0.0,0,3
1184,blizzard,United States,@LoneWolffur *slaps* no,blizzard,False,3,23,2,0,3,2,False,False,False,False,0,0,0,0,1,0,2,2,2,2,2,1,1,1,1,1,2,2,0.0,0.0,1,3
1186,blizzard,mn |7-18-13|8-27-14|7-26-15|,Literally for lunch i had cheese curds and for dinner i had a blizzard pls pray for my health,blizzard,True,19,93,1,0,0,18,False,False,False,False,7,1,2,3,0,1,15,8,7,5,2,2,11,12,14,17,17,18,0.0,0.0,10,15
1187,blizzard,St. Charles MO,Oh I see we are now tied?  Sweet!  It's all in the Blizzard,blizzard,True,15,59,5,0,1,16,True,False,False,False,5,1,1,1,0,1,9,4,3,2,1,1,11,12,13,14,14,15,0.65,0.4375,6,14
1192,blizzard,Sunny Florida,Check out the #new #ebook on #sale by #TimZak 'The Lizard Stuck in a #Blizzard' #rhyming #kidsbook on #Amazon http://t.co/kVZuxdL4ij,blizzard,True,20,132,11,1,14,20,False,True,True,False,2,2,3,2,2,1,15,13,11,8,6,4,7,9,12,14,16,17,0.45454545454545453,0.13636363636363635,7,19
1193,blizzard,,Deck building of my 4 year old daughter http://t.co/INnY1ANTam,blizzard,False,9,62,7,2,4,9,False,True,False,False,1,2,0,0,0,2,6,5,3,3,3,3,4,6,6,6,6,8,0.2,0.1,2,9
1194,blizzard,,@EddieTrunk Blizzard of Ozz,blizzard,True,4,27,4,0,1,3,False,False,False,False,1,0,0,0,0,1,3,2,2,2,2,2,2,2,2,2,2,3,0.0,0.0,1,4
1197,blizzard,New York,GUNNAR Optiks -Heroes of the Storm Siege Gaming Glasses - Onyx/Fire wow blizzard - Full reÛ_ http://t.co/YEUQp0VKwU http://t.co/OuGM0yxQMo,blizzard,True,18,139,27,2,15,19,False,True,False,True,2,1,3,3,2,1,15,13,12,9,6,4,5,6,9,12,14,15,0.775,0.22499999999999998,2,17
1200,blizzard,St. Charles MO,This game drove me to a rolo mini blizzard,blizzard,True,9,42,1,0,0,8,False,False,False,False,0,4,1,0,0,1,6,6,2,1,1,1,3,7,8,8,8,9,0.4,-0.4,3,9
1205,blizzard,Ideally under a big tree,That horrible moment when u open up the dryer and it looks like a snowy blizzard cuz u left a piece of paper in your jeans pocket ??,blizzard,True,28,132,1,0,0,29,True,False,False,False,3,6,6,2,0,2,19,16,10,4,2,2,12,18,24,26,26,28,0.5,-0.3333333333333333,10,26
1210,blizzard,That place,If blizzard did another 12 month sub thing and gave the next wow expo free would probaly knock their sub count up pretty fucking high,blizzard,True,25,133,1,2,0,24,False,False,False,False,6,5,6,1,3,1,22,16,11,5,4,1,9,14,20,21,24,25,0.6679999999999999,0.182,5,24
1216,blizzard,qui tacet consentire videtur,the Internet is sending subliminal messages about ice cream therefore I need a blizzard rn,blizzard,True,15,90,2,0,0,14,False,False,False,False,2,1,2,0,1,3,11,9,8,6,6,5,6,7,9,9,10,13,0.0,0.0,4,15
1220,blizzard,Florida,Whoa! This new legend will be fun! http://t.co/hu5CmoupUM,blizzard,False,8,57,5,1,4,10,False,True,False,False,1,3,1,1,0,0,7,6,3,2,1,1,2,5,6,7,7,7,0.32727272727272727,0.2556818181818182,2,8
1231,blood,,@Louis_Tomlinson if u relate to billie jean then ur gonna also enjoy blood on the dance floor so #BuyBloodOnTheDanceFloorOniTunes,blood,True,19,129,10,0,3,18,False,False,True,False,1,3,5,2,0,0,13,12,9,4,2,2,7,10,15,17,17,17,0.5,0.4,6,19
1233,blood,"Edwardsville, IL",xoxoxxxooo : rutinaofficial NBCHannibal When #Hannibal asks will 'Have you seen blood in tÛ_ http://t.co/T7ldlcyC9g http://t.co/JLRw0Oi9ee,blood,True,16,139,13,4,14,17,False,True,True,False,1,5,2,0,0,0,14,13,8,6,6,6,3,8,10,10,10,10,0.0,0.0,3,16
1246,blood,,BRING ME THE HORIZON BLOOD STAINED GIANT ART PRINT PANEL POSTER NOR0603 http://t.co/u5ELKCA4CW http://t.co/tsGKlZZS0C,blood,True,14,117,69,7,8,15,False,True,False,True,2,0,5,1,3,0,13,11,11,6,5,2,3,3,8,9,12,12,1.0,0.0,0,14
1247,blood,,I ain't a crip or a blood....I'm doin my own thing,blood,True,11,50,2,0,2,14,False,False,False,False,1,2,2,0,0,0,6,5,3,1,1,1,6,8,10,10,10,10,1.0,0.6,5,10
1248,blood,The Land of Pleasant Living,Bitch I'm a monster no good blood sucker,blood,True,8,40,2,0,1,7,False,False,False,False,1,1,2,1,1,0,6,5,4,2,1,0,3,4,6,7,8,8,0.7000000000000001,-0.32499999999999996,2,8
1255,blood,Crescent Moon w/ Wook,/criess blood/ Golden Wook is life. http://t.co/Fhb99ciCeT,blood,True,7,58,5,2,6,8,False,True,False,False,0,1,1,2,1,0,6,6,5,4,2,1,1,2,3,5,6,6,0.5,0.3,1,7
1256,blood,"St Marys, OH",'blood makes you related but loyalty makes you family' - @SirBeezAlot,blood,True,11,69,3,0,4,10,False,False,False,False,3,0,2,1,3,0,10,7,7,5,4,1,4,4,6,7,10,10,0.4,0.0,3,9
1257,blood,305 but I'm So St. Louis...,@youngthug Remind Me of Blood Sosa From Belly.....do your homework.,blood,True,10,67,6,0,1,15,False,False,False,False,0,3,1,1,0,0,8,8,5,4,3,3,2,5,6,7,7,7,0.0,0.0,2,10
1258,blood,"Williamsport, PA",The Yankees are the reason I'm on blood pressure medicine,blood,True,10,57,3,0,1,9,False,False,False,False,4,0,1,1,1,2,9,5,5,4,3,2,5,5,6,7,8,10,0.0,0.0,3,10
1260,blood,"Quezon City, National Capital Region",Why can't gay men donate blood? http://t.co/v2Etl8P9eQ http://t.co/NLnyzeljbw,blood,True,8,77,6,3,9,10,True,True,False,False,3,0,1,2,0,0,8,5,5,4,2,2,3,3,4,6,6,6,0.5833333333333334,0.4166666666666667,0,8
1261,blood,XIX | 5SOS | Ed Sheeran |,My new mashup of 'Bad Blood x Where Are U Now' comes out tomorrow!!! Make sure t... (Vine by @Shaylen_Carroll) https://t.co/zB6GZJLgkl,blood,True,21,134,16,1,10,27,False,True,False,False,3,5,4,1,0,0,16,13,8,4,3,3,8,13,17,18,18,18,0.67003367003367,-0.12121212121212122,4,21
1265,blood,,1860 BLOOD'S PENNY POST Philly OCTAGONAL CDS 1Ìâå¢ Black 15L18 Grid Cancel + #26! http://t.co/rpV4MQSCQA http://t.co/JrjEiBUGsE,blood,True,16,127,45,12,15,18,False,True,True,True,1,4,4,2,1,0,15,14,10,6,4,3,2,6,10,12,13,13,0.43333333333333335,-0.20833333333333331,0,16
1266,blood,,seeing more blood and surgery than a regular GP behind a desk and they say dentists aren't  real doctors .... Ok,blood,True,22,112,3,0,1,25,False,False,False,False,3,6,1,3,3,1,17,14,8,7,4,1,8,14,15,18,21,22,0.41538461538461535,0.16,8,20
1268,blood,,Sometimes blood ain't no thicker than water and sometimes family will bring you down quicker than strangers ???????,blood,True,18,115,1,0,1,24,True,False,False,False,2,4,4,1,3,0,17,15,11,7,6,3,3,7,11,12,15,15,0.2888888888888889,-0.15555555555555559,7,17
1274,blood,Puerto Rico,"Name: Chizu
Gender: Male
Age: 10
Hair: Red
Eyes: Pink
Dere Type: Pasokon
Blood Type: Type O
http://t.co/cOyPF9ACTd",blood,True,11,114,22,3,18,11,False,True,False,False,0,1,3,0,0,1,11,11,10,7,7,7,0,1,4,4,4,5,0.13333333333333333,-0.03333333333333333,0,10
1281,bloody,             Waiheke Island,The whole of New Zealand is shouting 'Bloody Marvellous'! John Campbell to join Radio NZ http://t.co/F88fCLiVzH #radionz,blood,True,17,120,15,2,7,18,False,True,True,False,2,2,2,0,2,3,13,11,9,7,7,5,6,8,10,10,12,15,0.5848484848484848,-0.2212121212121212,3,17
1285,bloody,Singapore,Whats the bloody use of the bus app if everything has no prediction? No one driving bus today? http://t.co/zvGrM5PGZa,blood,True,19,117,7,1,4,21,True,True,False,False,8,0,1,2,1,0,15,7,7,6,4,3,12,12,13,15,16,16,0.9,-0.8,6,17
1286,bloody,,@ashwilliams1 continues to be the best guest on @iLoveGGLetters. This week's episode is bloody outrageous.,blood,True,15,106,5,1,3,16,False,False,False,False,1,2,1,2,1,0,11,10,8,7,5,4,5,7,8,10,11,11,0.7333333333333334,-0.26666666666666666,5,15
1291,bloody,,Too bloody hot in my room,blood,True,6,25,1,0,0,5,False,False,False,False,2,1,0,1,0,0,4,2,1,1,0,0,4,5,5,6,6,6,0.875,-0.275,2,6
1292,bloody,Northampton,Im so bloody excited to see Maisy and Martha,blood,True,9,44,3,0,0,8,False,False,False,False,2,0,1,2,1,0,6,4,4,3,1,0,5,5,6,8,9,9,0.825,-0.21250000000000002,3,9
1295,bloody,California,@JeremyClarkson buy a new one bloody ell,blood,True,7,40,2,0,1,6,False,False,False,False,4,0,0,1,0,0,6,2,2,2,1,1,5,5,5,6,6,6,0.6772727272727272,-0.33181818181818185,1,7
1299,bloody,,@tomm3h You've been on Twitter since 2008?! Bloody hell. Veteran!,blood,True,10,65,4,5,2,13,True,False,False,False,0,1,2,3,2,1,9,9,8,6,3,1,1,2,4,7,9,10,0.45,-0.4,2,10
1306,bloody,Canada,Awful refereeing has ruined the balance of the game. Guy is a bloody mess #IMFC,blood,True,15,79,6,0,1,15,False,False,True,True,4,1,3,2,1,0,12,8,7,4,2,1,7,8,11,13,14,14,0.6187499999999999,-0.59375,6,14
1310,bloody,Earthrealm,Just because of his 'precious lunch' ??? Bloody hell no brain issit??  https://t.co/X5dwKElReo,blood,True,14,94,6,1,6,19,True,True,False,False,2,2,1,2,2,0,11,9,7,6,4,2,5,7,8,10,12,12,0.95,-0.15000000000000002,4,14
1311,bloody,Baltimore,I swear my eyes be bloody red but bitch I feel amazing.,blood,True,12,55,2,0,0,12,False,False,False,False,2,2,2,1,0,1,8,6,4,2,1,1,6,8,10,11,11,12,0.6,-0.06666666666666665,3,11
1313,bloody,,@ShtBallPlayrsDo are you anyway running your mouth about this bloody game? Pree sure you're not bigger then baseball. Calm the hell down,blood,True,22,136,6,0,2,23,True,False,False,False,4,8,3,4,1,0,22,18,10,7,3,2,4,12,15,19,20,20,0.6212962962962963,-0.09259259259259262,10,22
1314,bloody,,Bloody nurses waking me up just when I eventually fall asleep lol #Hospital,blood,True,13,75,3,0,1,12,False,False,True,False,1,3,0,4,0,0,10,9,6,6,2,2,4,7,7,11,11,11,0.8,0.0,4,13
1322,bloody,,@halfpeachh @CaitlinCavanah I can't deal right now OMG WHO REMEMBERS BLOODY MARY? ????,blood,True,13,86,28,0,3,17,True,False,False,True,3,2,3,1,0,0,12,9,7,4,3,3,4,6,9,10,10,10,0.7178571428571429,-0.2571428571428572,1,13
1323,bloody,,Û÷A Nightmare On Elm StreetÛª Is Getting RemadeÛ_ Again http://t.co/qaYGdzI9jQ via @bdisgusting,blood,False,12,98,13,1,14,12,False,True,False,True,2,1,1,0,1,0,10,8,7,6,6,5,4,5,6,6,7,7,0.0,0.0,0,12
1325,bloody,Beacon Hills ~ The Glade,BLOODY HELL TEEN WOLF *O* Hayden and Liam are so cute :3 And I think Stiles's Jeep is dead huh ? Pleeease... I loved her ! @MTVteenwolf,blood,True,27,135,30,1,5,31,True,False,False,True,6,7,2,2,0,1,20,14,7,5,3,3,13,20,22,24,24,25,0.6833333333333332,0.14583333333333334,5,26
1329,blown up,IG: xbougiebri,Luckily I'm up cause if these Mexicans had came to cut this grass this early and I was sleep. I woulda had a full blown attitude,blew up,False,26,128,5,0,1,26,False,False,False,False,6,4,5,2,1,2,20,14,10,5,3,2,12,16,21,23,24,26,0.5611111111111111,0.2611111111111111,11,23
1330,blown up,Scout Team ,If you bored as shit don't nobody fuck wit you... But when you busy yo shit get blown up! Smh,blew up,False,20,93,3,0,1,23,False,False,False,False,7,5,3,2,0,0,17,10,5,2,0,0,10,15,18,20,20,20,0.7,-0.25,7,18
1333,blown up,? the Foothills of SC ?,"Yes they know you're an adultress.
And yes they HAVE #Killary emails.

Like the smoke being blown up ur azz?

#NSA

http://t.co/pNheTk8a0f",blew up,False,18,138,13,2,14,21,True,True,True,True,3,4,3,1,0,1,15,12,8,5,4,4,6,10,13,14,14,15,0.0,0.0,7,17
1336,blown up,,@SassyNreal Agreed. Whole thing has blown up in their faces right wrong or indifferent. The public is relentless court of public opinion,blew up,False,22,136,5,0,1,23,False,False,False,False,2,0,8,2,2,0,17,15,15,7,5,3,7,7,15,17,19,19,0.39380952380952383,-0.002857142857142858,7,21
1339,blown up,somewhere or other,I don't understand how White Iverson by Post Malone hasn't blown the fuck *UP* already.,blew up,False,15,87,7,0,4,15,False,False,False,True,2,3,3,2,1,1,13,11,8,5,3,2,4,7,10,12,13,14,0.3,-0.2,5,15
1342,blown up,"Toledo, OH ",@KaylaG_Baby1 @jaykpurdy  no shush. I'm getting it blown up poster size. ??,blew up,False,13,75,4,1,4,16,True,False,False,False,1,0,2,2,1,0,8,7,7,5,3,2,6,6,8,10,11,11,0.0,0.0,3,13
1344,blown up,,My license picture blown up is absolutely terrifying. http://t.co/0NVdzxQ2HF,blew up,False,9,76,6,2,4,10,False,True,False,False,0,0,1,0,2,0,6,6,6,5,5,3,3,3,4,4,6,6,1.0,-1.0,2,9
1355,blown up,"Paterson, New Jersey ",Deadly suicide bombing hits mosque in Saudi Arabia: A suicide bomber has blown himself up at a mosque in the s... http://t.co/RkvU3xjAzH,blew up,False,22,136,8,1,5,25,False,True,False,False,2,2,2,4,5,0,16,14,12,10,6,1,8,10,12,16,21,21,0.4,-0.2,9,19
1357,blown up,,My phone is being blown up rn ??,blew up,False,8,32,1,0,0,9,True,False,False,False,0,0,3,0,0,0,3,3,3,0,0,0,5,5,8,8,8,8,0.0,0.0,3,8
1358,blown up,,@DodgersNation he was due to get blown up at least this is still a winnable game.,blew up,False,16,81,2,0,1,16,False,False,False,False,3,1,4,0,0,1,10,7,6,2,2,2,9,10,14,14,14,15,0.39166666666666666,-0.27499999999999997,8,16
1359,blown up,Los Angeles,Lock up your last remaining shred of manhood and accept that youÛªre a full blown sissy http://t.co/ZN17ic99hb #feÛ_ http://t.co/u42luY3slS,blew up,False,19,141,5,7,15,20,False,True,True,False,1,5,3,2,1,1,16,15,10,7,5,4,4,9,12,14,15,16,0.30833333333333335,0.175,6,19
1364,blown up,"22714 Ventura Blvd. WHills, CA",Get blown up with a delicious flavor of #BlowVape a strawberry cherry pop! Try it today for $15Û_ https://t.co/iT8rDItjFV,blew up,False,19,122,9,3,9,20,False,True,True,True,3,2,2,3,0,0,14,11,9,7,4,4,8,10,12,15,15,15,1.0,1.0,7,18
1366,blown up,,We are now up to run no. 24 in the singles. The rain has blown off again.,blew up,False,17,73,2,2,0,19,False,False,False,False,8,1,1,1,0,1,12,4,3,2,1,1,13,14,15,16,16,17,0.0,0.0,10,17
1367,blown up,,Damn! @LastWitchHunter has blown up my Twitter feed. Looks amazing!,blew up,False,10,67,6,0,1,12,False,False,False,False,1,0,4,0,1,1,8,7,7,3,3,2,3,3,7,7,8,9,0.9,0.7500000000000001,3,10
1370,blown up,,@MalikChaimaa I hope Zayn gets blown up in a drone attack whilst visiting family in Pakistan ??,blew up,False,17,95,5,0,1,18,True,False,False,False,0,3,2,3,0,2,11,11,8,6,3,3,6,9,11,14,14,16,0.0,0.0,4,16
1373,blown up,Northern Scandinavia,Coldwood is blown away by your support - they even hung up some of your art! http://t.co/uQWlnbJEYE http://t.co/MToWVqkSXC,blew up,False,18,122,14,0,9,20,False,True,False,False,0,8,1,0,1,1,13,13,5,4,4,3,5,13,14,14,15,16,0.0,0.0,8,17
1377,blown up,Australia,@bmrow At first thought it was a blown-up DVD as I'm pretty sure POST MORTEM had been years back.,blew up,False,19,97,15,0,3,19,False,False,False,True,4,3,3,3,1,1,15,11,8,5,2,1,8,11,14,17,18,19,0.5555555555555556,0.25,6,19
1386,body bag,New York,New Ladies Shoulder Tote Handbag Faux Leather Hobo Purse Cross Body Bag Womens - Full readÛ_ http://t.co/Rpn6pXLPiB http://t.co/l6aYlVVDZ0,body bag,True,18,139,24,3,12,19,False,True,False,False,2,5,2,2,3,1,17,15,10,8,6,3,3,8,10,12,15,16,0.3348484848484849,0.1621212121212121,0,18
1387,body bag,Salt Lake City,Cute Soft Washed Fabric Camouflage Outdoor Shoulder Cross-body Bag Pack Purple Camouflage http://t.co/bxVFQqsIhC,body bag,True,13,112,17,0,5,13,False,True,False,False,1,3,0,3,1,1,13,12,9,9,6,5,1,4,4,7,8,9,0.675,0.3,0,12
1392,body bag,,Cross Body Bag Purse Zippers Shoulder Bag Camouflage Camo  Phone Case Camera Case Wallet #wallet #wallets http://t.co/cq6XYhR3LV,body bag,True,18,128,19,2,6,18,False,True,True,False,2,4,3,2,2,2,17,15,11,8,6,4,3,7,10,12,14,16,0.0,0.0,0,16
1397,body bag,New York,Louis Vuitton Monogram Sophie Limited Edition Clutch Cross body Bag - Full read by eBay http://t.co/YC2FYXiKBA http://t.co/Pv8wRAvNZQ,body bag,True,17,133,25,2,9,18,False,True,False,False,1,4,2,2,3,1,15,14,10,8,6,3,3,7,9,11,14,15,0.23095238095238094,0.09285714285714286,1,17
1398,body bag,,"#3682 Nikon D50 6.1 MP Digital SLR Camera Body 2 batteries carry bag and charger http://t.co/TeT9q0kXvl

$200.00
Û_ http://t.co/h3XgoxTFfi",body bag,False,17,139,16,17,16,20,False,True,True,True,5,1,3,1,2,0,15,10,9,6,5,3,7,8,11,12,14,14,0.0,0.0,1,17
1400,body bag,,AUTH LOUIS VUITTON BROWN SAUMUR 35 CROSS BODY SHOULDER BAG MONOGRAM 7.23 419-3 - Full readÛ_ http://t.co/8AzzJKBxnm http://t.co/xNgHnEtdvv,body bag,False,18,139,63,10,13,20,False,True,False,True,1,4,4,1,2,2,16,15,11,7,6,4,3,7,11,12,14,16,0.275,0.175,0,18
1403,body bag,Las Vegas,Dracula Vampire Cross Body Small Shoulder Bag http://t.co/XPHTe7sb4X,body bag,False,8,68,12,2,4,8,False,True,False,False,1,1,2,0,2,1,8,7,6,4,4,2,1,2,4,4,6,7,0.2,-0.125,0,8
1404,body bag,Dalton,http://t.co/3d2h2wOQwa NEW! DIESEL WILLYT Printed Front Cross Body Shoulder Bag - One Size * /KSL 126,body bag,False,16,101,28,6,7,17,False,True,False,True,3,4,2,2,1,1,14,11,7,5,3,2,5,9,11,13,14,15,0.22727272727272727,0.08522727272727272,0,16
1410,body bag,New York,New Ladies Shoulder Tote Handbag Women Cross Body Bag Faux Leather Fashion Purse - Full reÛ_ http://t.co/cRQVl68aoX http://t.co/OFLvMMbfMk,body bag,True,18,139,24,2,12,19,False,True,False,False,2,4,4,1,3,1,17,15,11,7,6,3,3,7,11,12,15,16,0.3348484848484849,0.1621212121212121,0,18
1413,body bag,,"#7294 Nikon D50 6.1 MP Digital SLR Camera Body 2 batteries carry bag and charger http://t.co/SL7PHqSGKV

$200.00
Û_ http://t.co/T4Qh2OM8Op",body bag,False,17,139,23,18,16,20,False,True,True,True,5,1,3,1,2,0,15,10,9,6,5,3,7,8,11,12,14,14,0.0,0.0,1,17
1416,body bag,Paignton,Û¼? New Ladies Shoulder Tote #Handbag Faux Leather Hobo Purse Cross Body Bag #Womens http://t.co/zujwUiomb3 http://t.co/sdvNAKZek4,body bag,True,16,131,18,2,13,18,True,True,True,True,2,5,2,1,2,2,16,14,9,7,6,4,2,7,9,10,12,14,0.22727272727272727,0.06818181818181818,0,16
1417,body bag,,I would love to #win Suze's amazing filled #beauty #bag #giveaway! Contents from L'Occitane Body Shop &amp; Lavera. http://t.co/hEjJVVRsTY,body bag,False,19,138,15,0,12,21,False,True,True,False,0,6,2,2,3,1,17,17,11,9,7,4,2,8,10,12,15,16,0.7,0.6000000000000001,2,19
1423,body bag,DC Metro Area,Pl. Parenthood Employee Laughs About Aborted Baby Body Parts 'All Mixed Up Together in a Bag' http://t.co/AIdGzPqfLL,body bag,False,17,116,20,0,6,18,False,True,False,False,1,4,3,1,1,2,14,13,9,6,5,4,4,8,11,12,13,15,0.25,0.0,2,17
1424,body bag,Paignton,?? New Ladies Shoulder Tote #Handbag Faux Leather Hobo Purse Cross Body Bag #Womens http://t.co/zujwUiomb3 http://t.co/eDHjUjIuoB,body bag,True,16,129,19,1,10,19,True,True,True,False,2,4,2,1,2,2,15,13,9,7,6,4,3,7,9,10,12,14,0.22727272727272727,0.06818181818181818,0,16
1426,body bag,Orlando,Photo: bonesymcbones: Beartooth - Body Bag (x) http://t.co/kNH4HLFuMa,body bag,True,8,69,10,1,9,8,False,True,False,False,2,1,0,1,0,0,7,5,4,4,3,3,3,4,4,5,5,5,0.0,0.0,0,8
1427,body bag,"Rowlett, TX",Two-Tone Cross-Body Smartphone Bag Only $15 Shipped! via Dian's Daily Deals - ** Two-Tone ... http://t.co/91LaZl2crV,body bag,False,16,116,16,5,12,20,False,True,False,False,4,1,2,1,0,3,14,10,9,7,6,6,6,7,9,10,10,13,0.5,0.0,0,15
1428,body bag,New York,genuine Leather man Bag Messenger fit iPad mini 4 tablet case cross body air jp - Full reaÛ_ http://t.co/Vl26HSrq4E http://t.co/ryl0Y88fKM,body bag,False,20,139,12,7,12,21,False,True,False,False,4,5,1,2,2,0,17,13,8,7,5,3,7,12,13,15,17,17,0.36250000000000004,0.2875,0,20
1430,body bagging,"Bloemfontein, Free State",@MeekMill I think its time you consulted @kendricklamar cause @Drake done body bagging you,body bag,True,14,90,4,0,3,13,False,False,False,False,3,3,2,1,1,0,13,10,7,5,4,3,4,7,9,10,11,11,0.0,0.0,3,13
1434,body bagging,Don't stalk me- thanks,People are bagging on Rousey's body? Shit I'd love to have a body like that. Those who are ridiculing her are probably dudes in skinny jeans,body bag,False,26,140,5,0,2,27,True,False,False,False,6,5,5,2,1,2,22,16,11,6,4,3,10,15,20,22,23,25,0.7,0.15,11,24
1435,body bagging,North West,Bagging the last spot on Body Attack ?????? #getin #traintuesday #lesmills,body bag,False,11,74,3,0,3,16,True,False,True,False,1,3,0,3,1,0,10,9,6,6,3,2,2,5,5,8,9,9,0.06666666666666667,0.0,2,11
1437,body bagging,"On The Island: Nassau, Bahamas",' Dear Lord Forgive Me For Body Bagging @MeekMill Not Once But Twice. Amen ' - @Drake http://t.co/dPBz1PYvFF,body bag,True,18,108,21,1,9,19,False,True,False,False,3,5,0,2,2,0,14,11,6,6,4,2,7,12,12,14,16,16,0.0,0.0,0,17
1438,body bagging,"University, FL",@cameron13131313 @OtooleDalton @averywelch23 @otoole1055 first of all you can't 'hit stick' shit.. Second I'm body bagging you on sight ??????,body bag,True,20,142,4,14,8,27,True,False,False,False,4,2,3,4,1,0,18,14,12,9,5,4,6,8,11,15,16,16,0.37777777777777777,0.016666666666666663,5,19
1442,body bagging,Harlem,Drake is really body bagging meek atm,body bag,True,7,37,1,0,0,6,False,False,False,False,1,2,1,1,1,0,6,5,3,2,1,0,2,4,5,6,7,7,0.2,0.2,1,7
1446,body bagging,Canada,I remember the halo interview with ABC. Wasn't no time and The Pamanian Devil was body bagging fools. https://t.co/CpK7300RQg,body bag,True,19,125,12,4,5,21,False,True,False,True,4,5,1,2,1,2,17,13,8,7,5,4,6,11,12,14,15,17,0.0,0.0,5,19
1451,body bagging,Wolfgangmuzic@gmail.com,Jersey's artist Wolfgangjoc pays homage to the late great Biggie Smalls by body bagging  his hypnotize beat.... http://t.co/x0jKnOxJHA,body bag,True,19,134,9,1,5,23,False,True,False,False,2,3,1,4,1,2,16,14,11,10,6,5,5,8,9,13,14,16,0.675,0.25,4,19
1457,body bagging,,Not only did Drake kill Meek Mill but he started T bagging his his dead body ????????????,body bag,False,17,89,5,0,0,28,True,False,False,False,5,6,1,0,2,0,15,10,4,3,3,1,7,13,14,14,16,16,0.7,-0.1,6,16
1461,body bagging,"O-Town , The left end",This man @zvch4 about to start body bagging these local jokal photographers,body bag,True,12,75,1,1,1,11,False,False,False,False,1,2,5,1,1,0,11,10,8,3,2,1,2,4,9,10,11,11,0.0,0.0,3,12
1462,body bagging,Botswana Gaborone,Body bagging! https://t.co/HSlenz4KGU,body bag,True,3,37,6,1,4,4,False,True,False,False,0,1,0,0,0,1,3,3,2,2,2,2,0,1,1,1,1,2,0.0,0.0,0,3
1465,body bagging,"Dirty Bay, CA",Drake is body bagging meek,body bag,True,5,26,1,0,0,4,False,False,False,False,0,2,1,0,1,0,4,4,2,1,1,0,1,3,4,4,5,5,0.0,0.0,1,5
1468,body bagging,,Body bagging that I think it's time to bring bags out,body bag,True,11,53,2,0,1,10,False,False,False,False,1,5,2,0,1,0,9,8,3,1,1,0,3,8,10,10,11,11,0.0,0.0,4,11
1469,body bagging,"Broward, Miami, Tally",We need to stop paying attention to @drizzy body bagging @Meekmill and worry bout what happen to #SandraBland,body bag,True,18,109,4,0,3,17,False,False,True,False,1,5,1,2,2,0,14,13,8,7,5,3,5,10,11,13,15,15,0.0,0.0,5,16
1471,body bagging,10 hours from pluto,I hear my up north niggas body bagging this but you never know. That got some spitters down south andÛ_ https://t.co/XToioGtk2w,body bag,True,21,128,5,1,7,22,False,True,False,False,3,6,4,2,1,1,18,15,9,5,3,2,6,12,16,18,19,20,0.2888888888888889,-0.15555555555555559,7,21
1476,body bagging,Cape Town,Eish even drake killing niggas eish game is really watered down a singing nigga body bagging rappers.. smh,body bag,True,18,106,1,0,0,19,False,False,False,False,1,6,2,2,4,0,16,15,9,7,5,1,3,9,11,13,17,17,0.29629629629629634,-0.11851851851851854,3,18
1478,body bagging,,@ESM_Campy and he used werewolf on me also idiota I was tea bagging your body for like 7 minutes while he was fighting someone else,body bag,False,25,131,5,1,2,24,False,False,False,False,5,6,1,1,3,2,19,14,8,7,6,3,11,17,18,19,22,24,0.0,0.0,10,23
1481,body bags,,'Body Bags' (1993) Movie Review!: http://t.co/E1tdatSUcC via @YouTube,body bag,True,8,69,10,5,10,9,False,True,False,False,1,0,3,1,0,2,8,7,7,4,3,3,1,1,4,5,5,7,0.0,0.0,0,8
1489,body bags,"West Monroe, Louisiana",@LennGoneWin nah man we need to be defenseless from thugs so when the cops get there we can get put in cool new body bags!,body bag,True,25,122,3,0,1,25,False,False,False,False,8,6,3,0,0,0,19,11,5,2,2,2,14,20,23,23,23,23,0.6348484848484849,0.04015151515151513,11,23
1490,body bags,CLEVELAND,@ComplexMag he asking for a body bags @PUSHA_T,body bag,True,8,46,8,0,3,7,False,False,False,True,1,2,0,1,0,1,6,5,3,3,2,2,3,5,5,6,6,7,0.0,0.0,3,8
1492,body bags,Yemen,RT Hamosh84: This how the #Saudi is coming home from #Yemen in body bags. For what? #Saudi Kingdom ego? You're looÛ_ http://t.co/LJlKWGXgjY,body bag,True,22,140,17,2,12,25,True,True,True,False,3,5,2,6,1,0,19,16,11,9,3,2,6,11,13,19,20,20,0.0,0.0,6,21
1496,body bags,,Hot Ladies Handbag Leather Shoulder Tote Satchel messenger Cross Body Bags Green http://t.co/c7XBjRhNbi #Handbags http://t.co/1dmoLajv1Z,body bag,True,15,136,18,3,9,16,False,True,True,False,1,3,2,1,3,1,15,14,11,9,8,5,1,4,6,7,10,11,0.38333333333333336,0.016666666666666663,0,15
1512,body bags,"Alexandria, VA ","Fairfax Co. investigating firefighter Khalil Abdul-Rasheed for Facebook post saying police shld be put in body bags

http://t.co/VpvskCIyro",body bag,True,17,139,9,0,7,18,False,True,False,False,3,3,0,3,1,1,15,12,9,9,6,5,5,8,8,11,12,13,0.0,0.0,3,17
1516,body bags,,Our mistakes come back in body bags: Leading in the VUCA world - How the Armed Forces do it | RAGHU https://t.co/vJFSlizmiI,body bag,True,22,123,18,0,7,22,False,True,False,True,4,4,4,1,1,1,16,12,8,4,3,2,10,14,18,19,20,21,0.0,0.0,6,20
1517,body bags,,Womens Stylish Metal Chain Pearls Solid Hanbags Shoulder Cross Body Bags Golden http://t.co/oR0JZb9cFh http://t.co/6byul0ID4l,body bag,True,14,125,18,5,8,15,False,True,False,False,0,2,4,3,2,1,14,14,12,8,5,3,0,2,6,9,11,12,0.4,0.2,0,14
1528,body bags,,Womens Flower Printed Shoulder Handbags Cross Body Metal Chain Satchel Bags Pink http://t.co/vBZqWzNxH7 http://t.co/NXIhHeP1Ea,body bag,False,14,126,23,2,8,15,False,True,False,False,0,3,3,2,2,2,14,14,11,8,6,4,0,3,6,8,10,12,0.15,-0.05,0,14
1529,bomb,"NYC, ??, VAN",One of the top RT-ed tweets in #Japan is a screenshot of a young person claiming to not know the 70th anniversary of the Hiroshima bomb,bomb,True,26,135,5,2,2,25,False,False,True,False,6,3,2,3,0,1,18,12,9,7,4,4,14,17,19,22,22,23,0.45,0.3,12,21
1536,bomb,,Hiroshima marks 70 years since bomb: The Japanese city of Hiroshima marks the 70th anniversary of the dropping... http://t.co/INRGS4z0AC,bomb,True,19,136,11,6,5,22,False,True,False,False,3,2,5,0,0,1,16,13,11,6,6,6,6,8,13,13,13,14,0.0,0.0,4,15
1539,bomb,,@joanna_bomb @eventchase @MTV @MTVNews last year they won ATW and now they're multi platinum artists #WeNeedA5HVMAPerformance ????????????,bomb,True,17,138,18,1,7,28,True,False,True,True,4,4,1,0,2,2,17,13,9,8,8,6,4,8,9,9,11,13,0.06666666666666667,0.0,5,17
1541,bomb,"San Antonio, TX",@peytonlaynec ohhh coming of age. I had a bomb teacher and we never did anything. For our final we went to salt grass and he bought us food,bomb,True,28,139,2,0,1,29,False,False,False,False,6,6,3,2,1,0,20,14,8,5,3,2,14,20,23,25,26,26,1.0,0.0,11,26
1542,bomb,"Texas, USA",My bestfriends are the bomb. ??,bomb,True,6,31,1,0,0,8,True,False,False,False,2,0,1,0,0,0,4,2,2,1,1,1,4,4,5,5,5,5,0.0,0.0,2,6
1548,bomb,N 51å¡25' 0'' / W 0å¡45' 0'',RIP RT @AJENews: On Aug. 6 1945 at 8:16 AM Tokyo time the worldÛªs 1st atom bomb on Hiroshima http://t.co/6Q5CS9MCdW http://t.co/7OGFoQr0MG,bomb,True,21,140,27,14,14,23,False,True,False,True,3,6,1,0,0,0,15,12,6,5,5,5,9,15,16,16,16,16,0.0,0.0,3,21
1550,bomb,"Tinley Park, IL",@joshrogin @slwsew379 @jimsciutto @NatSecCNN As suspected. Kerry and Barry got taken for a ride. Iran was making a bomb while talks went on.,bomb,True,23,140,9,3,4,25,False,False,False,False,5,3,6,1,0,0,20,15,12,6,5,5,8,11,17,18,18,18,0.0,0.0,7,22
1551,bomb,Oakland,@jonathanshainin I think the bomb raises all sorts of great questions but this isn't one of them,bomb,True,17,96,1,0,2,16,False,False,False,False,4,3,4,1,0,0,14,10,7,3,2,2,7,10,14,15,15,15,0.75,0.8,8,16
1552,bomb,,Why American censors supressed accounts of suffering in Nagasaki http://t.co/kZbeas50KE http://t.co/YQgpaSX3MG,bomb,False,11,110,12,3,8,12,False,True,False,False,1,0,0,0,1,3,9,8,8,8,8,7,3,3,3,3,4,7,0.0,0.0,2,11
1557,bomb,,What if your hometown were hit by the Hiroshima atomic bomb? http://t.co/XuWN4McgYp #safemode,bomb,True,13,93,7,1,5,14,True,True,True,False,2,3,1,1,0,1,11,9,6,5,4,4,4,7,8,9,9,10,0.0,0.0,5,13
1563,bomb,"Long Beach, Dublin, Amsterdam",@johncusack text: We Dropped The A-Bomb (1946)https://t.co/boJCX32qcZ Û_,bomb,True,8,73,9,6,12,8,False,True,False,True,2,0,1,1,1,0,7,5,5,4,3,2,3,3,4,5,6,6,0.0,0.0,0,8
1564,bomb,shanghai,Bruh this sex on the beach??is bomb as fuck yo,bomb,True,10,46,1,0,0,11,True,False,False,False,2,4,0,0,0,0,7,5,1,1,1,1,5,9,9,9,9,9,0.6,-0.4,5,10
1565,bomb,VI~D[M]V,Hansel and Gretel: The Witch Hunters.... Bomb ass movie. Yeh I kno Im late,bomb,True,14,74,9,0,1,18,False,False,False,False,5,2,1,2,1,0,12,7,5,4,2,1,7,9,10,12,13,13,0.6,-0.3,1,14
1566,bomb,SHIBUYA TOKYO JAPAN,&lt;Kyodonews&gt; UPDATE1: Hiroshima marks 70th A-bomb anniv. amid fears of eroded pacifism http://t.co/VpGu8z1Lhb #followme #japan,bomb,True,15,131,12,5,12,16,False,True,True,True,0,2,2,4,0,2,14,14,12,10,6,6,1,3,5,9,9,11,0.0,0.0,1,15
1571,bomb,,@MattieLBreaux u the bomb ????????????????,bomb,True,5,42,3,0,1,20,True,False,False,False,1,1,0,0,0,0,4,3,2,2,2,2,2,3,3,3,3,3,0.0,0.0,1,5
1578,bomb,,My aunt just gave me this drink at the game and it's bomb???? I'll never tell what in it though shhhh??????? http://t.co/vsFS7zr1gI,bomb,True,22,131,5,2,6,33,True,True,False,False,2,9,2,1,0,1,17,15,6,4,3,3,7,16,18,19,19,20,0.4,-0.4,10,22
1581,bombed,,ÛÏTell Shinichi Kudo that IÛªm giving him 3 minutes to enjoy it..Û -Moriya Teiji famous architect from The Time Bombed Skyscraper,bomb,True,21,133,10,1,10,22,False,False,False,False,2,4,3,3,4,1,19,17,13,10,7,3,4,8,11,14,18,19,0.75,0.45,4,21
1583,bombed,,Photo bombed by a princess http://t.co/i4PthsuYQ9,bomb,True,6,49,4,2,4,6,False,True,False,False,0,0,1,1,0,1,4,4,4,3,2,2,2,2,3,4,4,5,0.0,0.0,2,6
1584,bombed,Ventura County,When you get a call back from the interview you thought you bombed &gt;&gt;&gt;,bomb,True,14,79,1,0,6,13,False,False,False,False,5,4,0,1,1,0,13,8,4,4,3,2,6,10,10,11,12,12,0.0,0.0,6,12
1586,bombed,New York,At this hour 70 yrs ago one of the greatest acts of mass murder in world history occurred when #Hiroshima was bombed. http://t.co/2QJl5MfKzv,bomb,True,23,140,6,4,5,24,False,True,True,False,5,5,1,1,2,2,18,13,8,7,6,4,10,15,16,17,19,21,1.0,1.0,7,22
1589,bombed,,70 years ago nowish America bombed #Hiroshima. Was it justified? All I can say is #noMOREHiroshimas #VJDay70 #FEPOW http://t.co/SYADSa6QeS,bomb,True,19,138,25,5,8,21,True,True,True,True,5,0,1,3,1,1,15,10,10,9,6,5,9,9,10,13,14,15,0.9,0.4,3,19
1592,bombed,,#Hiroshima does not look like a bombed city. It looks as if a monster steamroller had passed over it and squashed it out of existence.,bomb,True,25,134,2,0,1,26,False,False,True,False,4,4,2,2,1,1,17,13,9,7,5,4,12,16,18,20,21,22,0.0,0.0,13,23
1598,bombed,"Jaipur, Rajasthan",6th July 1945 ...Hiroshima was bombed with nuclear weapon _bomb was named little boy&amp;carried in a plane called Enola Gay ...1/2,bomb,True,21,131,4,7,4,26,False,False,False,False,4,3,4,5,1,0,19,15,12,8,3,2,6,9,13,18,19,19,0.5416666666666667,0.11458333333333334,5,20
1606,bombed,#uniteblue,@allenpeacock the deal is clear.Iran either agrees to the deal and abandons it program or gets bombed.it's a deal the right wing should love,bomb,True,24,140,1,0,2,25,False,False,False,False,4,6,1,3,1,1,19,15,9,8,5,4,9,15,16,19,20,21,0.5678571428571428,0.39285714285714285,10,20
1612,bombed,"Vernal, Utah",Picture of cute sleeping puppy photo bombed by the demon in the back. https://t.co/LprYzSTK4u,bomb,True,14,93,6,1,4,15,False,True,False,False,2,1,4,1,1,1,11,9,8,4,3,2,5,6,10,11,12,13,0.5,0.25,5,13
1616,bombed,,@davej798 @JohnEJefferson remind me when SomaliaEritrea &amp; Nigeria were bombed by UK 28% of asylum applicants to UK 2014 were from S &amp; E,bomb,True,24,143,12,9,7,23,False,False,False,False,1,5,2,3,1,0,16,15,10,8,5,4,9,14,16,19,20,20,0.0,0.0,8,21
1620,bombed, Birmingham.,#SitCTips if you do vlog you WILL get video-bombed.,bomb,True,9,51,7,0,2,9,False,False,True,True,3,2,0,0,0,0,7,4,2,2,2,2,5,7,7,7,7,7,0.0,0.0,4,8
1624,bombed,Jon Bellion | Luke Christopher,I BOMBED THE FAKE BOLT CHAT AND EVERYONE THOUGHT BOLT ENDED LMFAO,bomb,True,12,65,54,0,0,11,False,False,False,True,2,4,2,1,1,1,11,9,5,3,2,1,3,7,9,10,11,12,1.0,-0.5,0,11
1629,bombing,,Bombing of Hiroshima 1945. http://t.co/4UHq9jKCvq,bombing,True,5,49,6,6,4,6,False,True,False,False,0,0,1,0,1,0,4,4,4,3,3,2,1,1,2,2,3,3,0.0,0.0,1,5
1630,bombing,These United States,We dont really talk about the murder of the bombing campaigns in WWII because we won but murder it is. https://t.co/jsGwnY6kdJ,bombing,True,21,126,8,1,4,22,False,True,False,True,5,3,1,3,2,0,16,11,8,7,4,2,10,13,14,17,19,19,0.2,0.2,11,19
1635,bombing,Tokyo JAPAN,#Hiroshima marks 70th anniversary of atomic bombing ( via NHK WORLD News) http://t.co/qGWoyNJLY8,bombing,True,13,96,16,3,7,13,False,True,True,True,2,1,3,1,1,0,11,9,8,5,4,3,4,5,8,9,10,10,0.0,0.0,1,13
1640,bombing,Philippines,Japan to mark 70th anniversary of Hiroshima atomic bombing http://t.co/RUQPVtdBzT,bombing,True,10,81,9,2,4,10,False,True,False,False,0,2,1,1,1,0,8,8,6,5,4,3,2,4,5,6,7,7,0.0,0.0,2,10
1641,bombing,South East Asia,Just Happened in Asia: Japan marks 70th anniversary of Hiroshima atomic bombing http://t.co/E5dEmdScEh,bombing,True,13,102,9,3,5,13,False,True,False,False,0,2,3,1,1,1,11,11,9,6,5,4,2,4,7,8,9,10,0.0,0.0,2,13
1642,bombing,London,What it was like to survive the atomic bombing of Hiroshima http://t.co/0cvXS2E1Er,bombing,True,12,82,6,3,4,12,False,True,False,False,2,2,0,1,2,0,9,7,5,5,4,2,5,7,7,8,10,10,0.0,0.0,5,12
1651,bombing,,70th Anniversary of Hiroshima bombing https://t.co/juwvomhGPd,bombing,True,6,61,4,2,4,6,False,True,False,False,0,1,0,0,1,0,5,5,4,4,4,3,1,2,2,2,3,3,0.0,0.0,1,6
1655,bombing,Philippines,Japan marks the 70th anniversary of the atomic bombing of Hiroshima. http://t.co/YmKn1IwPvF http://t.co/mMmJ8Bo9y3,bombing,True,13,114,10,6,8,15,False,True,False,False,2,1,2,1,1,0,11,9,8,6,5,4,4,5,7,8,9,9,0.0,0.0,4,11
1656,bombing,Kill Devil Hills,'Japan Marks 70th Anniversary of Hiroshima Atomic Bombing' by THE ASSOCIATED PRESS via NYT http://t.co/kKULqGB9e3,bombing,True,15,113,32,4,6,15,False,True,False,True,3,1,2,2,0,1,13,10,9,7,5,5,5,6,8,10,10,11,0.0,0.0,2,15
1659,bombing,"Derbyshire, England",The 'sanitised narrative' of Hiroshima's atomic bombing. #Hiroshima70 #japan http://t.co/zsyj6sqYCn,bombing,True,10,99,5,3,9,11,False,True,True,False,1,0,0,2,0,1,9,8,8,8,6,6,2,2,2,4,4,5,0.0,0.0,1,10
1664,bombing,Philippines,Japan marks 70th anniversary of Hiroshima atomic bombing: Bells tolled in Hiroshima on Thursday as Japan marke... http://t.co/IqAIRPdIhg,bombing,True,18,136,12,2,5,21,False,True,False,False,0,1,4,2,0,3,14,14,13,9,7,7,4,5,9,11,11,14,0.0,0.0,4,16
1667,bombing,,Japan marks 70th anniversary of Hiroshima atomic bombing http://t.co/MLZxmGVuIh,bombing,True,9,79,8,2,4,9,False,True,False,False,0,1,2,1,1,0,8,8,7,5,4,3,1,2,4,5,6,6,0.0,0.0,1,9
1668,bombing,Somewhere on the Earth,70 yrs since the atomic bombing of Hiroshima... Terrible mass murder...,bombing,True,11,71,2,2,0,16,False,False,False,False,2,1,1,1,1,1,9,7,6,5,4,3,4,5,6,7,8,9,1.0,-1.0,2,11
1674,bridge collapse,"London, United Kingdom",BREAKING NEWS: Australia collapse to a hapless 60 all out at Trent Bridge http://t.co/O2CFWDzZld,bridge collapse,False,14,96,21,3,5,14,False,True,False,True,2,0,2,1,1,2,10,8,8,6,5,4,6,6,8,9,10,12,1.0,-0.6,5,14
1678,bridge collapse,Saint-Petersburg,"Project Syndicate: A Marshall Plan for the United States: 
http://t.co/lz8xmyi75x",bridge collapse,False,10,81,7,3,7,10,False,True,False,False,2,1,0,1,2,1,9,7,6,6,5,3,3,4,4,5,7,8,0.0,0.0,2,10
1680,bridge collapse,,New: Two giant cranes holding a bridge collapse into nearby homes http://t.co/ACirPv8Hn4,bridge collapse,True,12,88,6,2,5,12,False,True,False,False,1,2,2,3,1,1,11,10,8,6,3,2,2,4,6,9,10,11,0.7272727272727273,0.06818181818181818,2,12
1681,bridge collapse,Nigeria,@AkinwunmiAmbode Urgentthere is currently a 3 storey building at church B/stop Oworoshoki Third mainland bridge which likely to collapse,bridge collapse,False,19,136,6,1,2,18,False,False,False,False,0,0,2,5,0,3,14,14,14,12,7,7,5,5,7,12,12,15,0.4666666666666666,0.0,5,19
1682,bridge collapse,New York City & Mpls/St. Paul,"Throwback Thursday: More Thoughts About Citizen Media During Minneapolis Bridge Collapse Disaster - http://t.co/GudUDAZ4fx 
#TBT",bridge collapse,True,15,128,20,1,8,15,False,True,True,True,0,1,3,2,1,3,14,14,13,10,8,7,1,2,5,7,8,11,0.5,0.5,0,15
1685,bridge collapse,India,Ashes 2015: AustraliaÛªs collapse at Trent Bridge among worst in history: England bundled out Australia for 60 ... http://t.co/l5ULCx4mOm,bridge collapse,False,19,138,10,8,9,22,False,True,False,False,3,0,5,1,2,2,16,13,13,8,7,5,6,6,11,12,14,16,1.0,-1.0,4,19
1695,bridge collapse,,Two giant cranes holding a bridge collapse into nearby homes http://t.co/Mqm46H6G8b,bridge collapse,True,11,83,4,4,4,11,False,True,False,False,1,1,2,3,1,1,10,9,8,6,3,2,2,3,5,8,9,10,1.0,0.0,2,11
1696,bridge collapse,Minneapolis St. Paul Minnesota,"Throwback Thursday: Minneapolis Bridge Collapse &amp; Citizen Journalism - http://t.co/bXV3vlMBBp 
#TBT http://t.co/iBmqVWrVyz",bridge collapse,True,12,126,19,1,14,13,False,True,True,True,0,0,2,1,1,1,11,11,11,9,8,7,1,1,3,4,5,6,0.0,0.0,0,12
1697,bridge collapse,,'@berggruenInst: Berggruen Institute member @dambisamoyo on the problems with #US #infrastructure @ProSyn http://t.co/T96O158Yxv',bridge collapse,False,13,129,10,5,12,13,False,True,True,True,2,1,0,1,1,1,12,10,9,9,8,7,3,4,4,5,6,7,0.0,0.0,3,13
1704,bridge collapse,,Australia collapse at Trent Bridge how Twitter . On the first morning of the fourth Ashes Test... http://t.co/WAtjhzULa8,bridge collapse,False,18,120,11,1,4,22,False,True,False,False,3,0,3,2,3,1,14,11,11,8,6,3,7,7,10,12,15,16,0.16666666666666666,0.125,5,17
1708,bridge collapse,"manchester, UK",Shane Warne and Ricky Ponting shocked by Australia batting collapse at Trent Bridge http://t.co/b5zPfW7Vo0,bridge collapse,False,14,106,10,3,4,14,False,True,False,False,1,0,4,1,3,1,12,11,11,7,6,3,3,3,7,8,11,12,0.8,-0.7,3,14
1711,bridge collapse,,2 Injured 1 missing in bridge collapse in central Mexico http://t.co/scDa8eVwR6,bridge collapse,True,11,79,5,4,4,11,False,True,False,False,0,0,0,2,3,1,7,7,7,7,5,2,4,4,4,6,9,10,0.15,-0.1,2,10
1713,bridge collapse,,Australia's Ashes disaster - how the collapse unfolded at Trent Bridge http://t.co/UqEtEeltVU #telegraph,bridge collapse,False,13,104,9,0,7,13,False,True,True,False,2,0,2,1,0,3,11,9,9,7,6,6,4,4,6,7,7,10,0.0,0.0,3,13
1714,bridge collapse,United Kingdom,#Sport - Shane Warne and Ricky Ponting shocked by Australia batting collapse at Trent Bridge Australian grea... http://t.co/c41iUMknis,bridge collapse,False,18,134,11,2,6,21,False,True,True,False,1,0,4,2,4,1,15,14,14,10,8,4,4,4,8,10,14,15,0.4,-0.35,3,18
1717,bridge collapse,,5 injured in bridge collapse at Swiss kosher hotel: The accident occurred on Tuesday at the Metropol Hotel a ... http://t.co/sIGeZlynJ9,bridge collapse,True,21,135,9,2,5,24,False,True,False,False,3,0,2,3,2,4,15,12,12,10,7,5,9,9,11,14,16,20,0.0,0.0,6,20
1729,buildings burning,"Liverpool, England",a very scary thought is if 9/11 had happened today their would be teenagers taking selfies in front of the burning buildings,buildings burning,False,22,124,0,3,1,21,False,False,False,False,2,2,5,1,3,1,16,14,12,7,6,3,8,10,15,16,19,20,1.0,-0.65,10,22
1730,buildings burning,y/e/l,THIS SOUNDS LIKE A SONG YOU WOULD HEAR IN A MOVIE WHERE THEY ARE WALKING AWAY FROM BURNING BUILDINGS AND CARS AND SHIT,buildings burning,False,23,118,96,0,0,22,False,False,False,True,4,9,3,1,2,0,20,16,7,4,3,1,7,16,19,20,22,22,0.8,-0.2,0,21
1732,buildings burning,,@CTVKathyLe and in other news: don't run into burning buildings,buildings burning,False,10,63,5,0,3,9,False,False,False,False,2,1,3,0,1,0,9,7,6,3,3,2,3,4,7,7,8,8,0.375,-0.125,5,10
1734,buildings burning,,forestservice : RT dhsscitech: #Firefighters run into burning buildingsÛÓwe work on #tech tÛ_ http://t.co/KybQcSvrZa) http://t.co/Ih49kyMsMp,buildings burning,False,15,142,10,2,19,16,False,True,True,False,1,3,1,0,1,0,12,11,8,7,7,6,4,7,8,8,9,9,0.0,0.0,2,15
1736,buildings burning,The Triskelion,this is like when folks said ÛÏburning down buildings doesnÛªt workÛÛ_onlyÛ_it did. now cities trying to get information out ASAP to prevent it,buildings burning,False,23,149,4,0,15,23,False,False,False,True,3,7,1,2,1,0,19,16,9,8,6,5,7,14,15,17,18,18,0.2888888888888889,-0.15555555555555559,10,22
1738,buildings burning,Las Baegas,Like how are ppl not burning these buildings down knowing why it was originally created?,buildings burning,False,15,88,1,0,0,15,True,False,False,False,6,2,1,0,2,1,14,8,6,5,5,3,7,9,10,10,12,13,0.5194444444444445,0.10972222222222221,8,15
1742,buildings burning,,kou is like [CASH REGISTER] [BUILDINGS BURNING],buildings burning,True,7,47,28,0,4,6,False,False,False,True,1,1,1,0,0,1,6,5,4,3,3,3,2,3,4,4,4,5,0.0,0.0,1,7
1743,buildings burning,,@chistate33 @thehill What hate crimes? It's the looney libs that are always burning down buildings and vandalzing private property,buildings burning,False,19,130,2,2,3,19,True,False,False,False,3,6,0,2,3,2,19,16,10,10,8,5,3,9,9,11,14,16,0.5212962962962963,-0.31851851851851853,5,19
1746,buildings burning,Rochester NY,3 rules for a long life.  #1ÛÒDonÛªt go in burning buildings! #2ÛÒDonÛªt jump out of perfectly good airplanes! #3ÛÒDonÛªt awaken sleeping giants!,buildings burning,False,23,151,3,4,21,26,False,False,True,False,2,3,2,1,2,1,17,15,12,10,9,7,8,11,13,14,16,17,0.5,0.46875,5,23
1748,buildings burning,Sunshine Coast of BC,Port Coquitlam fire burning several businesses http://t.co/Q5FzYLBvTk,buildings burning,False,7,69,8,1,4,7,False,True,False,False,0,2,0,0,2,0,7,7,5,5,5,3,0,2,2,2,4,4,0.0,0.0,0,7
1749,buildings burning,New Jersey,@speechgirlAM On par with caring for the sick helping people move not talking during movies rescuing people from burning buildings...,buildings burning,False,20,133,3,0,1,22,False,False,False,False,4,4,0,5,3,1,19,15,11,11,6,3,5,9,9,14,17,18,0.8571428571428571,-0.7142857142857143,6,19
1751,buildings burning,Cin City,@TravDave @Kornbread_ICU especially where it happened. Really nothing to tear up. Burning the buildings saves the city money for real,buildings burning,False,20,133,8,0,3,21,False,False,False,False,4,3,3,1,2,0,18,14,11,8,7,5,6,9,12,13,15,15,0.5,0.13333333333333333,7,19
1758,buildings burning,,The fire brigade should play this guys music at burning buildings to put the flames out,buildings burning,False,16,87,1,0,0,15,False,False,False,False,4,4,1,2,2,0,14,10,6,5,3,1,6,10,11,13,15,15,0.0,0.0,6,16
1764,buildings burning,"San Francisco, CA",Two buildings burn in 3-alarm Antioch fire: Two buildings are burning in a 3-alarm fire at the Delta PinesÛ_ http://t.co/GQgF2ygpX2,buildings burning,False,20,132,9,4,10,20,False,True,False,False,4,2,2,0,4,1,16,12,10,8,8,4,8,10,12,12,16,17,0.0,0.0,6,16
1765,buildings burning,US of Eh,.@denisleary Not sure how these folks rush into burning buildings but I'm grateful they do. #TrueHeroes,buildings burning,False,16,103,4,0,3,17,False,False,True,False,5,4,2,0,1,1,16,11,7,5,5,4,5,9,11,11,12,13,0.8888888888888888,-0.25,6,16
1777,buildings on fire,Wellington,"Jane Kelsey on the FIRE Economy
5th Aug 5:30ÛÒ7:30pm
Old Govt Buildings Wgton
The context &amp; the driver for #TPP and #TRADEinSERVICESAgreement",buildings burning,False,19,146,30,7,12,18,False,False,True,True,5,4,1,2,1,0,18,13,9,8,6,5,6,10,11,13,14,14,0.2,0.1,5,18
1778,buildings on fire,"Mighty Tempe, Arizona",'Failure doesnÛªt exist. ItÛªs only a change of direction' - Alejandro Jodorowsky (via buildings-on-fire) http://t.co/ByMVemW4xF,buildings burning,False,15,130,9,1,17,16,False,True,False,False,0,2,0,3,0,1,12,12,10,10,7,7,3,5,5,8,8,9,0.65,-0.15833333333333335,3,15
1781,buildings on fire,IG: 94fijiwater,I'm security so they want me to help out in case of emergency like the buildings on fire or a shooter's in the building. I'm leaving tho..,buildings burning,False,27,138,2,0,3,29,False,False,False,False,5,6,1,0,1,1,18,13,7,6,6,5,14,20,21,21,22,23,0.0,0.0,13,24
1782,buildings on fire,?arsehole squad?,@blainescronuts thats what i would do if there were buildings on fire,buildings burning,False,12,69,0,0,1,11,False,False,False,False,0,3,3,0,0,0,8,8,5,2,2,2,4,7,10,10,10,10,0.0,0.0,7,12
1783,buildings on fire,Wherever the music takes me ,fucking apartments across the street are on fire right now. 5 fuckin firetrucks wtf. this is the second time those buildings caught on fire,buildings burning,False,24,139,0,1,0,25,False,False,False,False,3,6,2,5,1,0,20,17,11,9,4,3,7,13,15,20,21,21,0.5839285714285715,-0.20357142857142857,9,21
1785,buildings on fire,Fallen TX,It's a testimony to the human spirit that more of us don't set fire to our office buildings on Sunday night.,buildings burning,False,21,108,2,0,2,21,False,False,False,False,3,4,2,4,0,0,15,12,8,6,2,2,9,13,15,19,19,19,0.3,0.25,10,20
1788,buildings on fire,Las Vegas,"There are multiple buildings on fire In Downtown Hinton OK.
The fire is threatening to level the entire block! #8NN https://t.co/pEVtSf7Cyt",buildings burning,False,20,139,13,2,6,22,False,True,True,True,2,3,2,3,1,2,16,14,11,9,6,5,6,9,11,14,15,17,0.375,0.16666666666666666,5,19
1793,buildings on fire,"?????????, ?????-?????????","#DNR
Res. buildings shelled &amp; on fire in #Gorlovka tonight.
Civilian casualties Jan-July 2015:ÛÓ
164 killed (incl. 16 children)
501 wounded",buildings burning,False,17,144,8,12,15,19,False,False,True,True,0,1,1,2,2,1,14,14,13,12,10,8,3,4,5,7,9,10,0.0,-0.2,2,17
1794,buildings on fire,"ÌÏT: 41.373061,-71.942237",@gilsimmons lightening struck &amp; 2 units in 1 of our buildings in our development on fire. Groton CT. Check out my FB wall most recent post,buildings burning,False,26,142,6,2,3,27,False,False,False,True,4,3,4,3,0,0,18,14,11,7,4,4,12,15,19,22,22,22,0.375,0.25,9,24
1795,buildings on fire,TAIZ - YEMEN,"#Taiz
#Houthi #Saleh indiscriminate shelling from castle sets Tahreer st buildings on fire
#Yemen http://t.co/qsli2ivIoG",buildings burning,False,13,120,7,1,10,13,False,True,True,False,0,2,0,2,1,1,11,11,9,9,7,6,2,4,4,6,7,8,0.0,0.0,2,13
1797,buildings on fire,,Buildings on fire behind Tisa's in Niceville @tristapnwfdn https://t.co/ACl1baBacR,buildings burning,False,9,82,7,1,6,9,False,True,False,False,0,1,0,2,0,0,7,7,6,6,4,4,2,3,3,5,5,5,0.7,-0.4,2,9
1800,buildings on fire,New Hampshire Û¢ WMUR ,Two buildings involved in fire on 2nd Street in #Manchester. @WMUR9 #wmur http://t.co/bCEUGsoi2r,buildings burning,False,13,96,11,3,7,14,False,True,True,True,2,1,1,2,0,1,10,8,7,6,4,4,5,6,7,9,9,10,0.0,0.0,3,12
1801,buildings on fire,Yorkshire and London,"Agricultural Buildings on Fire - Aldwark - NYorks Fire &amp; Rescue Service 

Still grim news but fewer piglets caught up http://t.co/0kjCWG6pN9",buildings burning,False,21,144,14,3,10,21,False,True,False,False,1,4,2,3,4,0,17,16,12,10,7,3,5,9,11,14,18,18,1.0,-1.0,3,19
1805,buildings on fire,Boston,Multiple firefighters hospitalized after fighting a fire Manchester NH. #7News http://t.co/X1oYU5Y6bI,buildings burning,False,11,101,10,4,5,12,False,True,True,True,1,1,1,1,0,2,10,9,8,7,6,6,2,3,4,5,5,7,0.0,0.0,2,11
1806,buildings on fire,"Las Vegas, Nevada","There are multiple buildings on fire In Downtown Hinton OK.
The fire is threatening to level the entire block! #8NN https://t.co/GXDKLhxU22",buildings burning,False,20,139,15,3,6,22,False,True,True,True,2,3,2,3,1,2,16,14,11,9,6,5,6,9,11,14,15,17,0.375,0.16666666666666666,5,19
1819,buildings on fire,Sydney Australia,"My Happy Pensioner Stories
Safe Buildings: watching a report on unsafe cladding catching fire in Melbourne same... http://t.co/cnoxJB8XoQ",buildings burning,False,17,137,11,1,6,20,False,True,False,False,0,1,1,2,1,3,13,13,12,11,9,8,4,5,6,8,9,12,0.63125,0.475,4,17
1820,buildings on fire,"Kalispell, Montana",Multiple houses/buildings on fire in Kalispell http://t.co/1iyThVshgF,buildings burning,False,7,69,5,1,5,7,False,True,False,False,0,1,0,0,0,1,5,5,4,4,4,4,2,3,3,3,3,4,0.0,0.0,2,7
1825,burned,"Las Vegas, NV",Family heartbroken.Mobile home at Nellis &amp; Cheyenne burned in fire. Kids were all ready to go back 2 school @News3LV http://t.co/VAf1RAiYQb,burned,True,21,143,14,3,7,23,False,True,False,False,1,4,3,4,0,2,16,15,11,8,4,4,6,10,13,17,17,19,0.25,0.1,5,21
1828,burned,,I burned 3 of my fingers!! http://t.co/Gs2W38CSJn,burned,True,7,49,6,4,4,9,False,True,False,False,0,0,0,1,0,0,3,3,3,3,2,2,4,4,4,5,5,5,0.0,0.0,2,7
1829,burned,557619,This is why you should be burned at the stake ! https://t.co/YpezipY2NY,burned,True,12,71,5,1,4,13,False,True,False,False,3,1,1,2,0,0,8,5,4,3,1,1,7,8,9,11,11,11,0.0,0.0,7,12
1830,burned,"Dallas, Texas",Let me tell you Brandace brought it today at #NTC! Heat and all...we survived! Burned over 500Û_ https://t.co/ILfd6wcGqg,burned,True,18,121,10,4,8,23,False,True,True,True,3,3,2,2,1,2,15,12,9,7,5,4,6,9,11,13,14,16,0.0,0.0,8,18
1839,burned,Poyth WesssterrrnnOystrayahhh,@IrSolichin @9Tawan99 @178kakapo @POTUS The last 2 of 68 cities where everyone was burned to death. Terrorism on the grandest of scales,burned,True,22,135,10,9,4,22,False,False,False,True,3,1,1,5,0,2,16,13,12,11,6,6,9,10,11,16,16,18,0.06666666666666667,0.0,7,21
1843,burned,,@Kyra_Elizabethh my back break light is burned out so I gotta show them in the next 10 days ??,burned,True,19,94,3,2,2,20,True,False,False,False,2,5,3,1,0,0,12,10,5,2,1,1,9,14,17,18,18,18,0.2333333333333333,0.13333333333333333,7,19
1844,burned,Indiana,@realDonaldTrump @Shelia1965A Been burned by Republicans so many times at least you are talking about things important to us. Good luck,burned,True,21,135,7,4,2,21,False,False,False,False,3,4,3,2,1,0,17,14,10,7,5,4,7,11,14,16,17,17,0.625,0.325,7,21
1846,burned,"St. Louis, MO",burned 163 calories doing 30 minutes of Total Body Cardio #21dayfix #myfitnesspal,burned,True,12,81,3,7,2,11,False,False,True,False,1,1,2,2,1,1,10,9,8,6,4,3,3,4,6,8,9,10,0.75,0.0,2,12
1849,burned,,Corey White talking all dat shit but he got burned more than curlin irons on black women necks,burned,True,18,94,2,0,0,17,False,False,False,False,4,3,6,2,1,0,16,12,9,3,1,0,6,9,15,17,18,18,0.43333333333333335,0.03333333333333333,6,18
1850,burned,"Indianapolis, IN",@BlackHatWriter Yeah I'm going to be at home by a computer for the next two weekends. :( Getting really burned out really quick.,burned,True,23,128,6,0,4,24,False,False,False,False,5,3,1,4,1,1,17,12,9,8,4,3,11,14,15,19,20,21,0.425,-0.05416666666666668,8,22
1854,burned,"Ecruteak City, Johto",@alfred00dle @PDLeague I'm sorry about that crit not 100% sure if it matter prob cuz I was burned,burned,True,18,97,5,5,4,17,False,False,False,False,4,5,2,2,0,0,15,11,6,4,2,2,7,12,14,16,16,16,0.9444444444444444,0.0,6,18
1855,burned,"Ann Arbor, MI","I got more rhymes than the Bible's got psalms
And just like the Prodigal Son I've returned
Anyone stepping to me you'll get burned
??",burned,True,22,133,7,0,6,23,True,False,False,False,6,5,0,2,1,2,19,13,8,8,6,5,9,14,14,16,17,19,0.5,0.5,8,20
1858,burned,"North Bellmore, NY",@widouglass @kurrrlyW @AdamRubinESPN @Nationals Welp that dunce got burned here,burned,True,10,79,9,0,4,9,False,False,False,False,1,3,1,1,0,0,10,9,6,5,4,4,1,4,5,6,6,6,0.0,0.0,2,10
1859,burned,"Hutchinson, MN",OMG so last week i accidentally burned myself with a cigarette lol only i would do that,burned,True,17,87,3,0,0,16,False,False,False,True,2,5,1,2,0,0,12,10,5,4,2,2,7,12,13,15,15,15,0.5888888888888889,0.26666666666666666,9,16
1862,burned,"New Jersey, USA",@AdamRubinESPN I know we have been burned just a week ago in a similar spot but getting @MattHarvey33 out o just 88 pitches save some inn,burned,True,26,137,9,4,2,25,False,False,False,False,4,9,0,1,3,0,19,15,6,6,5,2,11,20,20,21,24,24,0.4,0.0,12,24
1867,burned,who fuckin knows,"so keep calling me crazy
cause I never learned
you should stop loving fire
because you got burnedÛ_ https://t.co/ZsAEGjQq1z",burned,True,16,124,6,1,10,16,False,True,False,False,2,2,1,2,1,0,13,11,9,8,6,5,5,7,8,10,11,11,0.925,0.0,6,16
1868,burned,NYC ?? PA,I'm proud of my heart it's been played stabbed cheated burned and broken. But somehow still works,burned,True,17,97,2,0,2,17,False,False,False,False,3,2,4,2,4,0,15,12,10,6,4,0,5,7,11,13,17,17,0.7,0.2,5,17
1871,burning,mumbai,hermancranston: WIRED : All these fires are burning through firefighters' budgets http://t.co/FSGAnfRgjH http://t.co/ju9zzu9TiOÛ_ Û_,burned,False,14,134,14,2,17,15,False,True,False,True,3,0,3,0,3,0,13,10,10,7,7,4,4,4,7,7,10,10,0.0,0.0,3,14
1872,burning,"Pasadena, CA",PSA- I chopped 3 #jalapenos &amp; my fingers were burning-lava-on-fire painful for 5+ hrs. This is a first! Wear gloves! #peppers from #hell.,burned,False,23,141,6,2,10,26,False,False,True,True,1,6,1,2,4,1,17,16,10,9,7,3,7,13,14,16,20,21,0.6166666666666667,-0.15468749999999998,6,23
1874,burning,"Conover, NC",Geoengineering and burning of fossil fuels is making our global weather unstable. With temps up to 165å¡ and biggest flood in past 200 years,burned,False,24,140,2,6,2,24,False,False,False,False,4,2,5,3,3,0,19,15,13,8,5,2,9,11,16,19,22,22,0.125,-0.125,8,23
1876,burning,,@sar_giuliani I'm currently burning my skin off??,burned,False,7,49,1,0,3,8,True,False,False,False,1,1,1,0,1,0,6,5,4,3,3,2,2,3,4,4,5,5,0.4,0.0,2,7
1879,burning,SoCal,@JanelleBrown117 YES! We are comrades in sweat-seeking calorie-burning cardio-torture! We need all the support we can get- smile nod wave,burned,False,20,137,7,3,5,21,False,False,False,True,5,4,1,0,1,1,16,11,7,6,6,5,9,13,14,14,15,16,0.1,0.3,6,19
1884,burning,,WoW Legion ÛÒ Slouching Towards The Broken Isles: Warlords of Draenor wasnÛªt close enough to The Burning Crusad... http://t.co/RKpmoMQMUi,burned,False,19,140,19,0,11,22,False,True,False,True,4,0,1,4,3,2,17,13,13,12,8,5,6,6,7,11,14,16,0.6333333333333333,-0.10000000000000002,2,18
1891,burning,Los Angeles/ Las Vegas/ Boston,@TheVenskus you led a killer workout today @TheSweatShoppe my core is burning. Now #gymtime #worktime #auditiontime #roccotime #noBS,burned,False,18,132,8,0,7,18,False,False,True,False,3,1,2,1,1,2,15,12,11,9,8,7,6,7,9,10,11,13,0.0,0.0,4,18
1894,burning,gateway regional hs,Peddle to the floorboard.. End up in a four door. Burning up a backroad song... Park it and we pile outÛ_ Baby watch your step nowÛ_,burned,False,26,134,5,0,6,31,False,False,False,False,3,6,2,3,2,1,18,15,9,7,4,2,11,17,19,22,24,25,0.0,0.0,11,24
1896,burning,,Burning bridges is my forte!,burned,False,5,28,1,0,0,5,False,False,False,False,0,0,0,1,2,0,3,3,3,3,2,0,2,2,2,3,5,5,0.0,0.0,2,5
1902,burning,daily ? 18 ? ?,RT: A real burn book entry about CA: why the fuck is this place always BURNING,burned,False,16,78,12,0,2,15,False,False,False,True,4,5,3,1,1,0,14,10,5,2,1,0,6,11,14,15,16,16,0.45,-0.1,5,16
1903,burning,,fear the fever Can you feel it now? I feel the fire Burning belo-ooow It's gonna trick ya Swallow you who-ooo-ole #MTVHottest Justin Bieber,burned,False,24,139,11,0,5,24,True,False,True,False,5,6,3,2,2,0,21,16,10,7,5,3,8,14,17,19,21,21,0.0,0.0,6,21
1904,burning,"TÌÁchira, Venezuela",the Burning Legion has returned,burned,False,5,31,2,0,0,4,False,False,False,False,2,0,0,1,1,1,5,3,3,3,2,1,2,2,2,3,4,5,0.0,0.0,2,5
1906,burning,London,The Arab autocracies: Burning down their house http://t.co/xcjRamGQ22 via @TheEconomist,burned,False,10,87,8,2,6,10,False,True,False,False,2,2,2,0,1,0,10,8,6,4,4,3,2,4,6,6,7,7,0.2888888888888889,-0.15555555555555559,2,10
1907,burning,faisalabad,@TarekFatah you are burning in enemity of Pakistan .i m sure you will burn more and more,burned,False,17,88,3,0,1,17,False,False,False,False,4,5,0,0,2,1,13,9,4,4,4,2,8,13,13,13,15,16,0.6296296296296297,0.5,10,15
1912,burning,"Detroit, MI",@8goingon80 I put on a ton of sunscreen and I'm still burning :/,burned,False,13,64,2,3,4,12,False,False,False,False,4,0,1,0,1,0,8,4,4,3,3,2,9,9,10,10,11,11,1.0,-0.25,4,13
1913,burning,,Blizzard details new Dungeons and Raids in World of Warcraft: Legion: The Burning LegionÛ_ http://t.co/8IBAT5LOQN,burned,False,15,114,17,2,9,15,False,True,False,False,3,0,2,0,3,2,13,10,10,8,8,5,5,5,7,7,10,12,0.45454545454545453,0.13636363636363635,3,15
1923,burning buildings,Seattle,'What is this accomplishing?! Burning is killing the buildings!' #TI5Quotes #TI5,buildings burning,False,11,80,7,2,4,13,True,False,True,True,1,2,1,0,2,0,9,8,6,5,5,3,3,5,6,6,8,8,0.0,0.0,4,10
1926,burning buildings,"Austin Texas, Ontario Canada",15 Amp is common 120V breaker trip threshold to protect 14 AWG wire (commonly used in buildings) from burning. 1800W power outlets results..,buildings burning,False,23,140,6,11,2,25,False,False,False,True,2,5,2,1,3,1,18,16,11,9,8,5,7,12,14,15,18,19,0.5,-0.3,4,23
1928,burning buildings,"Epic City, BB.","Burning Buildings.

Keep The Flames Lit. ??????",buildings burning,False,6,47,6,0,2,13,True,False,False,False,1,1,0,2,1,0,6,5,4,4,2,1,1,2,2,4,5,5,0.0,0.0,0,6
1930,burning buildings,"San Francisco, CA",Three-alarm fire burning in Antioch apartment complex. @kron4news http://t.co/IH7cTORGRH,buildings burning,False,9,88,10,2,6,10,False,True,False,False,0,1,0,0,2,1,8,8,7,7,7,5,1,2,2,2,4,5,0.4,-0.3,1,9
1931,burning buildings,"Dublin City, Ireland",@RockBottomRadFM Is one of the challenges on Tough Enough rescuing people from burning buildings?,buildings burning,False,14,97,8,0,1,14,True,False,False,False,2,1,1,2,1,1,11,9,8,7,5,4,5,6,7,9,10,11,0.6666666666666667,-0.19444444444444445,4,14
1934,burning buildings,SW London (RBK),@mrjamesob U're not getting rid me until every last drop of life has gone... I crawl into burning buildings because all Life matters. Jakey,buildings burning,False,24,139,4,0,2,27,False,False,False,False,4,6,4,0,4,1,21,17,11,7,7,3,7,13,17,17,21,22,0.06666666666666667,0.0,8,24
1936,burning buildings,,Firefighters are some brave people in my opinion bc I clare I don't know I could save ppl from burning buildings and houses I salute them ???,buildings burning,False,27,141,5,0,1,29,True,False,False,False,4,5,4,3,2,0,20,16,11,7,4,2,11,16,20,23,25,25,1.0,0.8,8,24
1944,burning buildings,"Denver, CO",The Rocky Fire burning in CA still threatening more than 7k buildings. Largest in state &amp; one of nearly 2 dozen burning now #9newsmornings,buildings burning,False,24,142,6,3,3,24,False,False,True,False,3,3,5,1,3,0,18,15,12,7,6,3,9,12,17,18,21,21,0.45,0.3,6,22
1946,burning buildings,,I liked a @YouTube video http://t.co/EYma5CRlHk Mega Man ZX OST - T17: Ogre Claw (Area G - Burning Buildings),buildings burning,False,19,109,22,3,10,19,False,True,False,True,2,4,3,0,1,1,13,11,7,4,4,3,8,12,15,15,16,17,0.8,0.6,1,18
1947,burning buildings,US of Eh,.@denisleary Not sure how these folks rush into burning buildings but I'm grateful they do. #TrueHeroes,buildings burning,False,16,103,4,0,3,17,False,False,True,False,5,4,2,0,1,1,16,11,7,5,5,4,5,9,11,11,12,13,0.8888888888888888,-0.25,6,16
1958,burning buildings,,@Trubeque Destruction magic's fine just don't go burning any buildings.,buildings burning,False,10,71,2,0,3,10,False,False,False,False,1,2,1,0,2,0,9,8,6,5,5,3,2,4,5,5,7,7,0.75,0.45833333333333337,3,10
1964,burning buildings,San Francisco,? High Skies - Burning Buildings ? http://t.co/uVq41i3Kx2 #nowplaying,buildings burning,False,9,69,6,4,6,11,True,True,True,False,0,1,1,0,1,0,6,6,5,4,4,3,3,4,5,5,6,6,0.5399999999999999,0.16,0,8
1970,burning buildings,San Diegohhjhhhhhghghpjg,What if we used drones to help firefighters lead people out of burning buildings/ help put the fire out?,buildings burning,False,19,104,1,0,1,19,True,False,False,False,3,7,0,2,1,0,15,12,5,5,3,2,7,14,14,16,17,17,0.0,0.0,7,18
1974,bush fires,The Internet & NYC,'When you attack PP you attack women's health &amp; when you attack women's health you attack America's health.' http://t.co/HXdG24MCQg,bush fires,False,19,135,10,2,11,20,False,True,False,False,4,1,2,6,2,1,18,14,13,11,5,3,5,6,8,14,16,17,0.0,0.0,5,11
1977,bush fires,Dundee,Soaring temperature's in some southern US states causing bush fires pity @scotgov only allow rain in Scotland. #TweetLikeKez,bush fires,True,18,124,7,0,3,18,False,False,True,False,0,5,2,1,2,2,15,15,10,8,7,5,3,8,10,11,13,15,0.39999999999999997,-0.03333333333333333,4,17
1978,bush fires,,You know it's hot when there are bush fires right near your villa ????,bush fires,True,14,70,1,0,1,17,True,False,False,False,3,7,4,0,0,0,14,11,4,0,0,0,3,10,14,14,14,14,0.5952380952380952,0.2119047619047619,5,14
1982,bush fires,,Bushfire causes first victim in Albania ::  The multiple fires in Albania have caused the first vict http://t.co/yuba6XmBlq #Bush,bush fires,False,20,129,7,1,7,20,False,True,True,False,2,2,4,3,2,2,16,14,12,8,5,3,6,8,12,15,17,19,0.17916666666666664,0.10625,4,17
1984,bush fires,"SQU\/D, uk",Drove past the field on fire yesterday. Reminded me of the bush fires we used to get in South Africa. http://t.co/SN3dHuYnFe,bush fires,True,21,124,9,1,4,23,False,True,False,False,3,4,4,0,1,1,15,12,8,4,4,3,9,13,17,17,18,19,0.25,-0.25,8,20
1988,bush fires,"Melbourne, Australia",Bush #food fires: http://t.co/Q1Y8lm7us9 http://t.co/TofLxOdyrX,bush fires,False,5,63,7,4,10,6,False,True,True,False,0,1,1,1,0,0,5,5,4,3,2,2,0,1,2,3,3,3,0.0,0.0,0,5
1993,bush fires,"Dubai, United Arab Emirates",[WATCH] Mother Nature halts Australia Blue Mountains bushfire http://t.co/xxA4rmFZ01,bush fires,False,9,84,13,3,6,9,False,True,False,True,0,1,1,2,1,1,9,9,8,7,5,4,0,1,2,4,5,6,0.1,0.0,0,9
1997,bush fires,$$$,@jiminswang i was about 2 say bush fires in aus but the reason is hot,bush fires,True,15,69,0,1,1,14,False,False,False,False,6,1,2,1,0,0,11,5,4,2,1,1,10,11,13,14,14,14,0.8500000000000001,0.25,7,15
1998,bush fires,,Bushfire causes first victim in Albania ::  The multiple fires in Albania have caused the first vict http://t.co/yuba6XmBlq #Bush,bush fires,False,20,129,7,1,7,20,False,True,True,False,2,2,4,3,2,2,16,14,12,8,5,3,6,8,12,15,17,19,0.17916666666666664,0.10625,4,17
2002,bush fires,London,If you like goats and dislike bush fires then this is probably the video for you http://t.co/93VacQM4b1,bush fires,True,17,103,4,4,4,17,False,True,False,False,5,4,3,0,1,1,15,10,6,3,3,2,7,11,14,14,15,16,0.0,0.0,8,16
2004,bush fires,"Scotland, United Kingdom",@PamelaMueller @TIME  It is an honour  and privlege to pray. I have witnessed these bush fires when living in Australia,bush fires,True,22,119,9,0,2,22,False,False,False,True,1,3,4,2,0,1,14,13,10,6,4,4,9,12,16,18,18,19,0.0,0.0,8,21
2005,bush fires,Mid north coast of NSW,@TheRealPBarry How much CO2 does an erupting volcano and bush fires raging put into the atmosphere? None of the believers mention this.,bush fires,True,22,135,8,1,1,23,True,False,False,True,6,5,2,1,2,1,20,14,9,7,6,4,8,13,15,16,18,19,0.2,0.2,8,21
2008,bush fires,;),All these Eugene fires gotta make you think.... Hashtag conspiracies hashtag population control hashtag bush did it,bush fires,False,17,115,3,0,0,20,False,False,False,False,3,2,3,1,4,0,16,13,11,8,7,3,4,6,9,10,14,14,0.0,0.0,4,16
2011,casualties,Ellixton London's 33rd Borough,Warfighting Robots Could Reduce Civilian Casualties So Calling for a Ban Now Is Premature http://t.co/yvYgTcAz7k,casualties,True,15,112,15,1,4,15,False,True,False,False,3,0,1,2,1,1,12,9,9,8,6,5,6,6,7,9,10,11,0.0,0.0,2,15
2013,casualties,,lets hope this concert ends with zero casualties amen,casualties,True,9,53,0,0,0,8,False,False,False,False,0,7,0,0,1,0,9,9,2,2,2,1,0,7,7,7,8,8,0.0,0.0,2,9
2018,casualties,,American Weapons and Support Are Fueling a Bloody Air War in Yemen http://t.co/ZBLU4xXo44,casualties,False,13,89,14,3,4,13,False,True,False,False,4,0,1,1,3,1,11,7,7,6,5,2,6,6,7,8,11,12,0.45,-0.4,3,13
2021,casualties,,More women children casualties of Afghan violence http://t.co/OstkZA1qaX,casualties,True,8,72,6,1,4,8,False,True,False,False,0,1,1,1,0,2,7,7,6,5,4,4,1,2,3,4,4,6,0.5,0.5,1,8
2025,casualties,"Auckland, New Zealand",@gtiso Fair enough. Change always has unfortunate casualties. I like that @NzMorningReport utilises both Welly &amp; Aucklnd. We'll see.,casualties,True,19,136,9,0,5,22,False,False,False,False,1,5,3,3,1,2,18,17,12,9,6,5,2,7,10,13,14,16,0.7999999999999999,0.06666666666666665,3,19
2029,casualties,Ngayogyakarta Hadiningrat ,Memorial day of 70 years Hiroshima and Nagasaki (69 august 1945) wth total casualties 200.000+ . God forgive them!,casualties,True,19,114,4,14,3,21,False,False,False,False,5,0,4,1,1,3,16,11,11,7,6,5,8,8,12,13,14,17,0.75,0.0,3,19
2030,casualties,Worldwide,Warfighting Robots Could Reduce Civilian Casualties So Calling for a Ban Now Is Premature - http://t.co/trNGqOPBdl,casualties,True,16,114,17,0,5,16,False,True,False,False,3,0,1,2,1,1,12,9,9,8,6,5,7,7,8,10,11,12,0.0,0.0,2,16
2032,casualties,"San Francisco, Los Angeles",@EskSF there are always casualties when doing the right thing especially if it's going to cost your boss money.,casualties,True,19,111,3,0,2,19,False,False,False,False,2,5,5,3,0,0,17,15,10,5,2,2,4,9,14,17,17,17,0.7678571428571428,0.14285714285714285,9,19
2037,casualties,,@Josh_Daniel_ @mikegiarrusso @FoxNews so do you think a bunch of untrained people firing back isn't going to cause more casualties,casualties,True,20,130,4,0,6,19,False,False,False,False,1,2,5,2,0,1,15,14,12,7,5,5,6,8,13,15,15,16,0.25,0.25,8,20
2041,casualties,"Arizona, USA","Obama 'lambasted 4 not being respected &amp; 4 being a jokeÛ
Would #Trump prefer more civilian casualties?
http://t.co/gxQMDMzA1u
#GOP
#maddow",casualties,True,16,144,11,3,17,17,True,True,True,False,1,1,4,2,0,1,13,12,11,7,5,5,4,5,9,11,11,12,0.5,0.5,5,14
2044,casualties,,@JimW_in_NM @KurtSchlichter Here's the thing: they were predicting UP TO A MILLION AMERICAN CASUALTIES. Forget the goddamn Japanese.,casualties,True,18,132,39,0,6,19,False,False,False,True,2,2,0,3,2,1,15,13,11,11,8,6,5,7,7,10,12,13,0.0,0.0,4,17
2048,casualties,,American Weapons and Support Are Fueling a Bloody Air War in Yemen http://t.co/F7ZcqaOcY7,casualties,False,13,89,13,2,4,13,False,True,False,False,4,0,1,1,3,1,11,7,7,6,5,2,6,6,7,8,11,12,0.45,-0.4,3,13
2052,casualties,,Let's appreciate that the group of people that everyone hates so much the police prevented mass casualties today in Nashville.,casualties,True,20,126,2,0,1,20,False,False,False,False,2,4,4,2,0,1,17,15,11,7,5,5,5,9,13,15,15,16,0.2,0.2,7,18
2053,casualties,,@DonteStallworth @SteveSGoddard if you look at the casualties on Iwo Jima and Okinawa and the numbers dead on both sides you'll see it.,casualties,True,23,135,8,0,3,23,False,False,False,False,8,4,1,1,2,0,19,11,7,6,5,3,12,16,17,18,20,20,0.4,-0.2,12,20
2054,casualties,,@Cameron_Surname @chrisg0000 The Allies forecast an Invasion of Japan had a minimum of 1 million casualties that is a minimum.,casualties,True,20,126,6,5,3,20,False,False,False,False,2,1,1,1,2,3,13,11,10,9,8,6,9,10,11,12,14,17,0.0,0.0,8,18
2062,casualty,Canada | #LUX,@Rx_Casualty @Vpzedd @Daintt_M call,casualties,False,4,35,5,0,5,3,False,False,False,False,0,1,0,0,1,0,4,4,3,3,3,2,0,1,1,1,2,2,0.0,0.0,0,4
2065,casualty,"Pasadena, CA","#LegalJobs Litigation Attorney in Scottsdale AZ:  Claims Specialist II Casualty Bodily Injury 
The can... http://t.co/zqrQEg3Cxl #Jobs",casualties,False,17,134,19,1,8,20,False,True,True,True,1,1,1,4,0,2,14,13,12,11,7,7,4,5,6,10,10,12,0.1,0.0,2,17
2066,casualty,among the socially awkward ?,@5SOSFamUpdater social casualty,casualties,False,3,31,5,1,1,2,False,False,False,False,0,0,0,1,0,1,3,3,3,3,2,2,0,0,0,1,1,2,0.06666666666666667,0.03333333333333333,0,3
2072,casualty,,"ÛÏ@MacCocktail: 'The first casualty of war is truth.'
? Hiram Johnson (died this day) - in Tony Blairs case it died before the war! ??",casualties,False,24,135,7,0,11,28,True,False,False,False,2,7,3,2,1,1,18,16,9,6,4,3,8,15,18,20,21,22,0.3333333333333333,0.3125,7,24
2079,casualty,,Georgian wines have become a casualty in Russia's political campaign against the Ukraine: http://t.co/wCo724AmPl,casualties,False,14,112,6,3,6,14,False,True,False,False,1,1,1,1,1,5,12,11,10,9,8,7,3,4,5,6,7,12,0.1,0.0,5,14
2080,casualty,"West Hampstead, London NW6",@bruminthecity oh no what coffee was it espresso? poss casualty of today's busiest thurs ever. come in for a perfect coffee - on the house.,casualties,False,25,139,0,0,3,27,True,False,False,False,3,3,2,3,3,1,17,14,11,9,6,3,11,14,16,19,22,23,1.0,1.0,10,24
2085,casualty,"Santa Monica, CA",Associated Agencies Inc. is #hiring Property &amp; Casualty Account Manager http://t.co/z6MQrUFLDl #jobs #RollingMeadows #Insurance,casualties,False,14,131,16,1,10,15,False,True,True,False,0,1,2,0,3,3,13,13,12,10,10,7,1,2,4,4,7,10,0.0,0.0,1,14
2088,casualty,"Cambridge, MA",Documenting climate change's first major casualty http://t.co/5QMvEwDgiS via @GreenHarvard http://t.co/NmtWI59MU4,casualties,False,10,113,13,4,10,11,False,True,False,False,1,0,2,0,1,2,10,9,9,7,7,6,1,1,3,3,4,6,0.41666666666666663,0.15625,0,10
2090,casualty,"Washington, D.C.",Canceling Deal for 2 Warships France Agrees to Repay Russia via @nytimes http://t.co/j7vbskHAXn,casualties,False,13,95,10,2,5,13,False,True,False,False,2,1,1,3,0,2,11,9,8,7,4,4,4,5,6,9,9,11,0.0,0.0,2,13
2092,casualty,,charlie from casualty at the ashes https://t.co/jDlYmGuHwW,casualties,False,7,58,5,0,4,7,False,True,False,False,1,1,1,0,1,1,6,5,4,3,3,2,2,3,4,4,5,6,0.0,0.0,3,7
2093,casualty,,Keep alive your sound intensity level catering in keeping with auditory effect casualty insurance: hcXvNeoAV,casualties,False,15,108,5,0,1,14,False,False,False,False,0,3,3,1,1,3,14,14,11,8,7,6,1,4,7,8,9,12,0.4,0.25,3,15
2101,casualty,"Paranaque City, National Capital Region","ÛÏ@5SOSGlobalSquad: me: will give all of my money to hear social casualty live 

#MTVHottest 5sosÛ I have about 5 buck here I'd give it all??",casualties,False,25,144,11,3,13,26,True,False,True,False,3,8,3,1,1,1,19,16,8,5,4,3,9,17,20,21,22,23,0.2833333333333333,0.08484848484848484,11,24
2104,casualty,Toronto  #6ixSideMafia,@Vpzedd reach skype,casualties,False,3,19,1,0,1,2,False,False,False,False,0,0,2,0,1,0,3,3,3,1,1,0,0,0,2,2,3,3,0.0,0.0,0,3
2105,casualty,,"?please read casualty fans?
Let us know &amp; help spread the word by retweeting! DM me or @ScriptetteSar for more info?? http://t.co/HDrBTJRoHb",casualties,False,21,144,12,0,8,26,True,True,False,False,2,5,1,2,1,1,16,14,9,8,6,5,7,12,13,15,16,17,0.5,0.5,6,21
2106,casualty,"Houston, TX",business casualty,casualties,False,2,17,0,0,0,1,False,False,False,False,0,0,0,0,0,2,2,2,2,2,2,2,0,0,0,0,0,2,0.0,0.0,0,2
2107,casualty,jonas/lovato/bieber/5sos,@datshemmings_ moi c'est plutot disconnected the only reason close as strangers heartbreak girl rejects social casualty ... ufhguhfidt,casualties,False,18,134,0,0,3,20,False,False,False,False,3,2,2,3,1,1,17,14,12,10,7,6,4,6,8,11,12,13,0.5333333333333333,0.016666666666666666,3,18
2120,catastrophe,"Oakland, CA",Fox News is the biggest media catastrophe in American history.  People love living a lie??,catastrophe,True,16,90,4,0,0,18,True,False,False,False,2,2,2,2,1,2,12,10,8,6,4,3,6,8,10,12,13,15,0.3,0.25,4,16
2124,catastrophe,,#twist #sony Ultimate #preparedness library: http://t.co/kx1fGSqeB6 Prepare Yourself For Any Catastrophe. Over http://t.co/7GYGhOG2ds,catastrophe,True,13,133,15,4,12,15,False,True,True,False,2,1,1,1,1,3,13,11,10,9,8,7,2,3,4,5,6,9,1.0,0.0,0,13
2127,catastrophe,,@BuzzFeed Stannis is not evil in the books GOT is a catastrophe just saying,catastrophe,True,14,75,6,0,1,13,False,False,False,True,3,2,1,1,1,0,10,7,5,4,3,2,7,9,10,11,12,12,1.0,0.5,7,13
2130,catastrophe,"Carrboro, NC",@ShaneRyanHere CATASTROPHE on Amazon Prime.,catastrophe,True,5,43,16,0,1,5,False,False,False,True,0,0,0,2,0,0,4,4,4,4,2,2,1,1,1,3,3,3,0.0,0.0,1,5
2132,catastrophe,Germany,You r a wonderful person  ???? @thomasistrash #ThomasIsTrash http://t.co/7bcLAzAfIH,catastrophe,False,10,83,9,1,6,14,True,True,True,False,1,1,0,1,0,0,7,6,5,5,4,4,4,5,5,6,6,6,1.0,1.0,1,10
2135,catastrophe,#BVSTRONG,'Now I am quietly waiting for the catastrophe of my personality to seem beautiful again and interesting and modern.',catastrophe,True,19,116,2,0,2,19,False,False,False,False,4,2,1,0,2,1,14,10,8,7,7,5,9,11,12,12,14,15,0.5333333333333333,0.3875,9,18
2137,catastrophe,London UK,Gaza 2014 - The Summer of Catastrophe https://t.co/gm3YI1D1dV #gaza #palestine #israel #BDS,catastrophe,True,12,91,11,7,9,12,False,True,True,True,1,3,1,1,1,0,10,9,6,5,4,3,3,6,7,8,9,9,0.0,0.0,1,12
2140,catastrophe,Australia,@taylorswift13 @Caradelevingne Mother Chucker and Catastrophe = So much hotness in one room we can't cope. #Swifties,catastrophe,True,17,116,6,2,5,17,False,False,True,False,2,2,2,1,2,0,13,11,9,7,6,4,6,8,10,11,13,13,0.2,0.2,3,17
2143,catastrophe,"Manhattan, NY",@twlldun @peterjukes It's a very good piece. And I agree the failure of post-war planning was the catastrophe.,catastrophe,True,18,110,3,0,4,19,False,False,False,False,4,3,1,1,1,3,15,11,8,7,6,5,7,10,11,12,13,16,0.54,0.29666666666666663,6,17
2147,catastrophe,"Tulsa, OK",Sorry Kylie pretty sure James?? ate Bruce ?? this morning. #Catastrophe  https://t.co/TR6oM9yN2C,catastrophe,True,13,96,10,3,5,18,True,True,True,False,1,2,3,1,1,1,11,10,8,5,4,3,3,5,8,9,10,11,0.9629629629629629,0.08333333333333333,1,13
2151,catastrophe,"Blackfield, England",@robdelaney desperate to watch the last episode of Catastrophe. How can I get it in the UK?,catastrophe,True,17,91,5,0,1,18,True,False,False,True,6,1,1,0,1,0,12,6,5,4,4,3,11,12,13,13,14,14,0.5333333333333333,-0.3,7,16
2152,catastrophe,Puerto Rico,@BarackObama hello Mr. President there is a really big problem in Puerto Rico regarding the water situation no more like a catastrophe...,catastrophe,True,22,137,6,0,1,25,False,False,False,False,3,3,3,2,1,0,17,14,11,8,6,5,8,11,14,16,17,17,0.3,-0.125,8,21
2155,catastrophe,Portugal,Alaska's #Wolves face catastrophe Alexander #ArchipelagoWolves population plummeted 60% in 1 yr. Be their voice:  http://t.co/vCpKdbnSfp,catastrophe,True,17,136,9,3,9,18,False,True,True,False,2,1,1,1,1,1,13,11,10,9,8,7,6,7,8,9,10,11,0.0,0.0,2,17
2156,catastrophe,"Illinois, USA",Two shows I've loved this summer - Catastrophe and Unreal,catastrophe,True,10,57,4,0,2,9,False,False,False,False,2,2,2,2,0,0,9,7,5,3,1,1,3,5,7,9,9,9,0.8,0.7,2,10
2162,catastrophic,"Nevada, USA",@VaunWilmott - @PaysTara agrees that with the catastrophic loss of the love in the barn scene we are short 1 shirtless Michael. #Dominion,catastrophe,False,23,137,6,1,4,23,False,False,True,False,4,5,2,1,0,1,18,14,9,7,6,6,9,14,16,17,17,18,0.44999999999999996,0.25,9,21
2165,catastrophic,,Something Catastrophic Is Coming: Should We Tune Out? http://t.co/iTkCRpqgn0,catastrophe,False,9,76,11,1,5,10,True,True,False,False,0,2,0,1,1,0,7,7,5,5,4,3,2,4,4,5,6,6,0.0,0.0,0,9
2166,catastrophic,,[WP] Following a catastrophic event the United States is decimated. The President prepares his first post apocalyÛ_ http://t.co/6eCMRxUyR6,catastrophe,False,18,139,12,2,9,19,False,True,False,True,3,2,2,2,0,1,16,13,11,9,7,7,5,7,9,11,11,12,0.21666666666666667,0.125,4,18
2167,catastrophic,Philippines,@johngreen The catastrophic history of you and me,catastrophe,False,8,49,1,0,1,7,False,False,False,False,3,0,0,0,1,0,6,3,3,3,3,2,5,5,5,5,6,6,0.0,0.0,4,8
2168,catastrophic,,If a å£1 rise in wages is going to have such a catastrophic impact on wage structure. What the fuck is automation going to do!?,catastrophe,False,25,127,2,1,2,27,True,False,False,False,2,7,3,1,0,0,16,14,7,4,3,3,11,18,21,22,22,22,0.55,-0.25,12,21
2170,catastrophic,"Manhattan, NY",@unitedNYblogs @InsideCityHall @nyclass ouch. He needs to explain why his NYCLASS $500K hate mailer was such catastrophic fail,catastrophe,False,18,126,14,3,4,18,False,False,False,True,3,3,3,1,2,1,16,13,10,7,6,4,5,8,11,12,14,15,0.5666666666666665,-0.43333333333333335,5,18
2178,catastrophic,,The Catastrophic Effects of Hiroshima and Nagasaki Atomic Bombings Still Being Felt Today http://t.co/W1iFF7ddvy,catastrophe,False,14,112,14,2,4,14,False,True,False,False,2,1,3,1,1,2,13,11,10,7,6,5,3,4,7,8,9,11,0.0,0.0,2,14
2180,catastrophic,Kansas City,'How should a society respond to a looming crisis of uncertain timing but of catastrophic proportions?' http://t.co/rIiesTP9zY,catastrophe,False,17,126,5,1,6,18,True,True,False,False,1,1,0,3,3,0,12,11,10,10,7,4,6,7,7,10,13,13,0.0,0.0,7,15
2182,catastrophic,"Seattle, WA","Dear @CarlyFiorina Will you or anyone in your family be alive in 2040?

#climatechange #GOPDebate 

 http://t.co/j7Q2ySOMvR

#FeelTheBern",catastrophe,False,16,137,16,6,14,17,True,True,True,False,1,3,1,2,0,0,11,10,7,6,4,4,6,9,10,12,12,12,0.4,0.1,6,15
2184,catastrophic,US,#CANCER : everything seems catastrophic you feel you can not be worse. Hit rock bottom. You recover. You start again. After a while got it,catastrophe,False,25,138,10,0,2,28,False,False,True,True,8,2,4,2,2,1,21,13,11,7,5,3,12,14,18,20,22,23,0.6,-0.4,9,23
2185,catastrophic,united states,Jim Rickards Blog: Catastrophic Outcomes May Come Faster Than Expecte... http://t.co/czEgzbnJ4x http://t.co/B53yr0ccmX,catastrophe,False,12,118,14,4,9,16,False,True,False,False,2,2,1,1,0,2,12,10,8,7,6,6,2,4,5,6,6,8,0.0,0.0,0,12
2187,catastrophic,Cape Coral Fl,Stop Extreme Regulations That Hurt The Middle Class http://t.co/ATp5apYxRr,catastrophe,False,9,74,12,1,4,9,False,True,False,False,1,3,1,1,1,0,9,8,5,4,3,2,1,4,5,6,7,7,0.5,-0.0625,0,9
2196,catastrophic,Leanbox?,@_LalaDeviluke - consequences could have been catastrophic. I was also informed by the security A.I *Mute that you were primarily -,catastrophe,False,21,131,6,0,5,22,False,False,False,True,4,5,2,0,0,2,17,13,8,6,6,6,8,13,15,15,15,17,0.5,0.4,8,20
2197,catastrophic,,#gaming Learning from the Legacy of a Catastrophic Eruption: fifteen-mile-high plume of ash . The eruption wh... http://t.co/sv5KBP1FmO,catastrophe,False,18,135,10,2,8,22,False,True,True,False,3,1,2,1,1,2,14,11,10,8,7,6,7,8,10,11,12,14,0.0,0.0,5,17
2199,catastrophic,"Mechanicsville, VA",Want to sell my boat of a car for a truck,catastrophe,False,11,41,1,0,0,10,False,False,False,False,2,3,1,0,0,0,6,4,1,0,0,0,7,10,11,11,11,11,0.0,0.0,6,10
2200,catastrophic,California,As long as my #Baby is blissfully unaware of the catastrophic day happy  fed bathed  cared for...Û_ https://t.co/zMvrjLjoog,catastrophe,False,20,124,4,0,8,23,False,True,True,False,3,1,3,1,1,0,13,10,9,6,5,4,10,11,14,15,16,16,0.6333333333333333,0.25,6,19
2201,catastrophic,Edmonton,I suffered a catastrophic pants failure at work today. I resorted to tying my jacket around my waist til I got to a thrift store. #trustory,catastrophe,False,26,139,3,0,1,27,False,False,True,False,2,1,3,5,1,2,16,14,13,10,5,4,12,13,16,21,22,24,0.3,-0.3166666666666667,7,21
2202,catastrophic,www.facebook.com/Randirobics,Society will collapse by 2040 due to catastrophic food shortages says study http://t.co/2wWZBW5lId,catastrophe,False,13,98,6,6,4,13,False,True,False,False,1,4,1,0,1,1,11,10,6,5,5,4,3,7,8,8,9,10,0.375,-0.125,3,13
2206,catastrophic,"Seattle, WA","Dear @SenTedCruz Will you or anyone in your family be alive in 2040?

#climatechange #GOPDebate 

 http://t.co/j7Q2ySOMvR",catastrophe,False,16,121,14,6,11,17,True,True,True,False,1,3,1,2,0,0,11,10,7,6,4,4,6,9,10,12,12,12,0.4,0.1,6,15
2208,catastrophic,OHIO,Something Catastrophic Is Coming: Should We Tune Out? http://t.co/ftrdbbaKqv via @po_st,catastrophe,False,11,87,9,0,7,12,True,True,False,False,1,2,0,2,1,0,9,8,6,6,4,3,3,5,5,7,8,8,0.0,0.0,0,11
2218,chemical emergency,? In your head ?,THE CHEMICAL BROTHERS to play The Armory in SF tomorrow night!: EMERGENCY BAY AREA EDM ANNOUNCEMENT ÛÒ THE CHEM... http://t.co/Uhgx7uQoBd,chemical emergency,False,20,138,64,1,8,24,False,True,False,True,6,2,0,1,2,3,17,11,9,9,8,6,9,11,11,12,14,17,0.0,0.0,2,19
2223,chemical emergency,"New Jersey, USA","Fake 'explosion toxic chemical' drills emergency responders before Pope Francis 1.5 million visit in Sept.
http://t.co/AjVFJD3qnI",chemical emergency,False,15,129,10,3,7,17,False,True,False,False,1,2,2,2,2,0,14,13,11,9,7,5,2,4,6,8,10,10,1.0,-0.5,2,15
2224,chemical emergency,"Corpus Christi, Texas",Emergency crews are on the scene of a chemical spill at Spohn Shoreline. We will have more details as they come to us.,chemical emergency,False,23,118,4,0,0,24,False,False,False,False,3,5,4,0,1,1,16,13,8,4,4,3,10,15,19,19,20,21,0.5,0.5,12,23
2226,chemical emergency,,Standard behavior of Chemical Mixers so that Emergency Purposes...JyB,chemical emergency,False,9,69,7,0,0,11,False,False,False,False,0,1,0,1,0,3,7,7,6,6,5,5,2,3,3,4,4,7,0.0,0.0,3,9
2228,chemical emergency,Manchester,Emergency services called to Bacup after 'strong' chemical smells http://t.co/4GaJhSPfwl,chemical emergency,False,10,88,6,1,6,10,False,True,False,False,0,0,2,2,0,3,9,9,9,7,5,5,1,1,3,5,5,8,0.7333333333333333,0.4333333333333333,2,10
2232,chemical emergency,UK,Rossendale: Emergency services called to Bacup after 'strong' chemical smells http://t.co/hUDTl2HdSV #rossendale,chemical emergency,False,12,112,9,1,8,12,False,True,True,False,0,0,2,2,0,3,11,11,11,9,7,7,1,1,3,5,5,8,0.7333333333333333,0.4333333333333333,2,12
2234,chemical emergency,Sydney,"Emergency services in Hammondville. Near Jewell Close. STORY: http://t.co/jQcy5NwbUg  #Liverpool #7News
https://t.co/snpmAlngvd",chemical emergency,False,12,127,16,2,12,15,False,True,True,True,0,1,0,3,0,1,10,10,9,9,6,6,2,3,3,6,6,7,0.4,0.1,1,12
2243,chemical emergency,Sydney,Chemical spill at a house in Hammondville. Emergency services attending. #BreakingNews #7News http://t.co/bQ94MjYgfe,chemical emergency,False,13,116,9,3,6,15,False,True,True,False,0,0,2,1,0,2,10,10,10,8,7,7,3,3,5,6,6,8,0.0,0.0,3,13
2247,chemical emergency,,@bendwavy emergency chemical rinse,chemical emergency,False,4,34,0,0,1,3,False,False,False,False,0,0,1,0,0,1,4,4,4,3,3,3,0,0,1,1,1,2,0.0,0.0,0,4
2249,chemical emergency,,Emergency services called to Bacup after 'strong' chemical smells http://t.co/hJJ7EFTJ7O,chemical emergency,False,10,88,9,2,6,10,False,True,False,False,0,0,2,2,0,3,9,9,9,7,5,5,1,1,3,5,5,8,0.7333333333333333,0.4333333333333333,2,10
2252,chemical emergency,,@PMBreedlove Russian nuclear-biological-chemical (NBC) brigade 'emergency response' exercise in Southern MD http://t.co/qyoT2B59ig Û_,chemical emergency,False,13,134,12,3,14,13,False,True,False,True,1,0,1,0,2,2,11,10,10,9,9,7,3,3,4,4,6,8,0.0,0.0,1,13
2253,chemical emergency,UK,Emergency prompted due to chemical spill at a factory near RedruthåÊUK https://t.co/oiCtAcbwSR http://t.co/46lSIanjMC,chemical emergency,False,13,117,12,2,10,14,False,True,False,False,1,1,1,0,1,2,10,9,8,7,7,6,4,5,6,6,7,9,0.3875,-0.012499999999999997,3,13
2259,cliff fall,,"When God pushes you to the edge of the cliff two things may happen:
1) He will catch you when you fall.
2) He will teach you how to fly.",cliff fall,False,28,136,4,2,5,29,False,False,False,False,10,6,3,2,0,1,23,13,7,4,2,2,15,21,24,26,26,27,0.9,0.8,13,21
2261,cliff fall,,Photographer Brian Ruebs endures 4500-feet climb to capture bride and groom http://t.co/gft2Lr0Lsi @rarasathie_,cliff fall,False,13,111,5,6,7,13,False,True,False,False,1,0,5,0,2,0,12,11,11,6,6,4,2,2,7,7,9,9,0.0,0.0,2,13
2264,cliff fall,,I might go losing it n drive off a cliff fall in the void,cliff fall,True,14,57,1,0,0,13,False,False,False,False,2,2,3,1,0,0,8,6,4,1,0,0,8,10,13,14,14,14,0.0,0.0,5,14
2268,cliff fall,,I hope you fall off a cliff.,cliff fall,False,7,28,1,0,0,7,False,False,False,False,2,2,0,1,0,0,5,3,1,1,0,0,4,6,6,7,7,7,0.0,0.0,3,7
2269,cliff fall,,@Spencer_VH I hope you fall off a cliff,cliff fall,False,8,39,4,0,2,7,False,False,False,False,2,2,1,0,0,0,6,4,2,1,1,1,4,6,7,7,7,7,0.0,0.0,3,8
2270,cliff fall,hyejeong?taehyung,@usetheIight youre an ugly piece of trash i hope u fall off a cliff,cliff fall,False,14,67,1,0,1,13,False,False,False,False,1,3,4,0,0,0,9,8,5,1,1,1,6,9,13,13,13,13,1.0,-0.7,5,14
2276,cliff fall,Emirate,Huge cliff landslide on road in China: Watch the moment a cliff collapses as huge chunks of rock fall onto a r... http://t.co/LKDO0momtw,cliff fall,False,23,136,7,1,5,26,False,True,False,False,1,7,3,3,0,0,17,16,9,6,3,3,7,14,17,20,20,20,0.9,0.4000000000000001,7,21
2283,cliff fall,,My boy @Fall_off_Cliff still got it man rumor has it he going back to DE ??,cliff fall,False,16,75,5,0,3,17,True,False,False,False,4,1,3,0,0,0,9,5,4,1,1,1,11,12,15,15,15,15,0.0,0.0,5,15
2287,cliff fall,,"Video: Man rescued after 80ft cliff fall at Shaldon
Read more: http://t.co/efQCLTEVlr http://t.co/4gQy7ziMfC",cliff fall,True,12,108,13,4,11,13,False,True,False,False,1,2,3,1,1,0,11,10,8,5,4,3,2,4,7,8,9,9,0.5,0.5,3,12
2290,cliff fall,"Twin Cities, MN",@MattBuek Some pitchers gracefully lose their stuff. Some fall off a cliff and land on their throwing arm. Hard to tell who gets what.,cliff fall,False,24,134,5,0,1,26,False,False,False,False,3,9,4,1,0,2,21,18,9,5,4,4,6,15,19,20,20,22,0.5416666666666666,-0.2916666666666667,9,22
2291,cliff fall,,@JohnnieGuilbert jump off a cliff. I'll be cheering for you to do a back flip for fucks sake. I hope you fall and break your neck.,cliff fall,False,26,130,4,0,2,28,False,False,False,False,6,7,4,1,0,1,20,14,7,3,2,2,12,19,23,24,24,25,0.0,0.0,12,23
2293,cliff fall,,3 out of the 4 people I'm camping with I would happily see fall of a cliff.,cliff fall,False,17,75,2,2,1,17,False,False,False,False,4,2,1,2,2,0,11,7,5,4,2,0,10,12,13,15,17,17,1.0,0.8,6,16
2295,cliff fall,,Mega keen for hiking tomorrow! Hope i don't fall off a cliff haha!  #keen #fitness #yay #excitedmuch,cliff fall,False,18,100,2,0,5,19,False,False,True,False,2,5,4,1,0,1,15,13,8,4,3,3,5,10,14,15,15,16,0.3,0.25,5,18
2302,cliff fall,,@NTSouthWest Looks very tasty but the problem is the cliff might fall into the sea due to coastal erosion so it would be crumbly then,cliff fall,False,25,133,5,0,1,24,False,False,False,False,6,4,5,0,4,0,20,14,10,5,5,1,11,15,20,20,24,24,0.3375,0.037500000000000006,12,23
2305,collapse,"Memphis, TN",Interview on The Collapse of Materialism Best #TalkRadio Listen Live: http://t.co/ncMBnRsk5Q,collapse,True,11,92,13,1,6,11,False,True,True,False,1,1,1,1,0,1,9,8,7,6,5,5,3,4,5,6,6,7,0.4,0.5681818181818181,2,11
2310,collapse,"Kampala, Uganda",Greece's tax revenues collapse as debt crisis continues http://t.co/V5yyzNGRBZ,collapse,True,9,78,7,1,5,9,False,True,False,False,1,1,0,1,0,3,8,7,6,6,5,5,2,3,3,4,4,7,0.0,0.0,1,9
2313,collapse,,http://t.co/dOg9bw1eCW Correction: Tent Collapse story #HNLnow,collapse,True,6,62,9,2,6,6,False,True,True,False,0,1,1,0,1,1,6,6,5,4,4,3,0,1,2,2,3,4,0.0,0.0,0,6
2316,collapse,Narbin city  ,Correction: Tent Collapse Story http://t.co/CMbNMvVDKl,collapse,True,5,54,11,0,5,5,False,True,False,False,0,1,1,0,0,1,5,5,4,3,3,3,0,1,2,2,2,3,0.0,0.0,0,5
2320,collapse,"Leeds, England, United Kingdom",We all knew Cain wasn't going to die... It's either Val or someone is gonna collapse later on... #Emmerdale #SummerFate,collapse,True,20,119,7,0,4,25,False,False,True,False,2,3,4,3,1,1,16,14,11,7,4,3,6,9,13,16,17,18,0.0,0.0,6,20
2322,collapse,Los Angeles,Interview on The Collapse of Materialism Best #TalkRadio Listen Live: http://t.co/Qn8vTXZJzB,collapse,True,11,92,15,1,6,11,False,True,True,False,1,1,1,1,0,1,9,8,7,6,5,5,3,4,5,6,6,7,0.4,0.5681818181818181,2,11
2323,collapse,,West Side water main break causes street collapse (VIDEO) - El Paso Times http://t.co/uP9TWymJlV,collapse,True,14,96,15,1,7,14,False,True,False,True,0,4,3,2,1,1,12,12,8,5,3,2,2,6,9,11,12,13,0.3333333333333333,0.16666666666666666,0,14
2326,collapse,burger king with usher,@fouseyTUBE @zaynmalik I would collapse,collapse,True,5,39,5,0,2,4,False,False,False,False,0,0,1,0,0,1,4,4,4,3,3,3,1,1,2,2,2,3,0.0,0.0,0,5
2328,collapse,Greece,The Guardian Greece's tax revenues collapse as debt crisis continues The Guardian FreshÛ_ http://t.co/L0ARQL2q2O,collapse,True,14,113,12,3,8,14,False,True,False,False,3,1,0,1,0,6,13,10,9,9,8,8,4,5,5,6,6,12,0.0,0.0,1,12
2331,collapse,Russia,If Oikawa was in Karasuno I guess I'd just collapse from such an overwhelming happiness.,collapse,True,15,88,5,0,1,15,False,False,False,False,2,3,1,1,0,2,11,9,6,5,4,4,6,9,10,11,11,13,0.5666666666666667,0.39999999999999997,6,15
2335,collapse,,Residents set up sign as tribute to families who lost their lives in the Thane building collapse: The unfortun...  http://t.co/zT6wANhXuj,collapse,True,21,137,7,1,5,24,False,True,False,False,4,2,3,0,1,2,16,12,10,7,7,6,9,11,14,14,15,17,0.0,0.0,7,21
2338,collapse,Los Angeles,Technical Collapse -&gt;  http://t.co/BfJB5H4tuW     $WLB Down -3.43% to New Low http://t.co/cSXEKREDUg,collapse,True,16,103,21,5,14,18,False,True,False,True,2,2,1,1,0,1,10,8,6,5,4,4,8,10,11,12,12,13,0.28585858585858587,-0.004797979797979808,1,12
2343,collapse,Earth,.@ArneJungjohann #Energiewende is directly responsible for the collapse in energy value. http://t.co/NxvjPj610W,collapse,True,12,111,6,3,6,14,False,True,True,False,2,0,0,2,0,2,10,8,8,8,6,6,4,4,4,6,6,8,0.55,0.2,4,12
2344,collapse,Batam,#ROH3 #JFB #TFB #alrasyid448ItuRasya Correction: Tent Collapse Story http://t.co/xsnJi8EJRl ROH3 SmantiBatam #ROH3SmantiBatam,collapse,True,12,125,29,7,10,12,False,True,True,True,0,4,2,0,0,1,12,12,8,6,6,6,0,4,6,6,6,7,0.0,0.0,0,12
2345,collapse,Chicago IL,Ashes 2015: Rampant England humiliate rival Australia http://t.co/kMBS7bXkQN,collapse,False,8,76,10,5,5,8,False,True,False,False,0,0,3,0,2,0,8,8,8,5,5,3,0,0,3,3,5,5,0.0,0.0,0,8
2353,collapse,"Paterson, New Jersey ",Greece's tax revenues collapse as debt crisis continues: As talks continue over proposed âÂ86bn third bailout ... http://t.co/7w2WiEFjuq,collapse,True,18,137,5,4,9,21,False,True,False,False,2,2,2,1,2,5,16,14,12,10,9,7,4,6,8,9,11,16,0.0,0.0,2,18
2355,collapsed,"Cramerton, NC",That @PPact hasn't already collapsed is a testament to @TheDemocrats lockstep devotion to politics over reality.,collapse,True,16,112,5,0,3,16,False,False,False,False,0,2,0,2,1,4,12,12,10,10,8,7,4,6,6,8,9,13,0.0,0.0,6,15
2357,collapsed,San Antone,@SheriffClarke @FreeAmerican100 If a carpenter built your house and it collapsed would you ask the same carpenter to rebuild it?,collapse,True,20,128,5,3,2,20,True,False,False,False,5,2,3,0,1,0,16,11,9,6,6,5,9,11,14,14,15,15,0.125,0.0,9,19
2360,collapsed,"Minneapolis, MN",35W Memorial honoring those who died when the bridge collapsed. http://t.co/qIb5fYaLGs,collapse,True,11,86,6,3,4,12,False,True,False,True,3,2,1,1,0,2,11,8,6,5,4,4,3,5,6,7,7,9,0.0,0.0,4,11
2365,collapsed,,I used to have a good time from June to about July 10th then my summer just collapsed smh,collapse,True,19,89,3,2,0,18,False,False,False,False,1,10,1,1,0,0,14,13,3,2,1,1,6,16,17,18,18,18,0.6000000000000001,0.7,9,18
2369,collapsed,"(queer, trans, he/him, black)",i remember when i was little and i didnt want to say the pledge and the school collapsed and pit to hell opened,collapse,True,23,111,0,0,0,22,False,False,False,False,8,3,1,4,0,1,18,10,7,6,2,2,13,16,17,21,21,22,0.5,-0.1875,12,17
2371,collapsed,,But the ceiling and the walls collapsed. Upon the darkness I was trapped.,collapse,True,13,73,3,0,0,14,False,False,False,False,6,1,1,0,1,2,12,6,5,4,4,3,7,8,9,9,10,12,0.0,-0.2,5,11
2378,collapsed,,I collapsed in the bathroom bcuz of Michael.,collapse,True,8,44,2,0,0,8,False,False,False,False,1,1,0,0,0,2,5,4,3,3,3,3,4,5,5,5,5,7,0.0,0.0,3,8
2380,collapsed,"Eugene, OR.",VIDEO: Link to the billowing fire after the SouthTowne Lanes roof collapsed: http://t.co/YrRHqZLKoR http://t.co/dXk4sUXMKV,collapse,True,14,122,22,1,10,15,False,True,False,True,2,3,2,1,0,0,13,11,8,6,5,5,3,6,8,9,9,9,0.0,0.0,4,13
2381,collapsed,"EVERYWHERE, USA",@_Lasha_K @Diamond6612 @quin_lo @LSedig @Yemmely @Holly16252 @Inmianajones I saw this crazy edit of Twisted mixed with Tut and I collapsed,collapse,True,20,138,12,9,10,19,False,False,False,False,3,3,2,0,2,2,17,14,11,9,9,7,6,9,11,11,13,15,0.7166666666666667,-0.3666666666666667,4,19
2383,collapsed,"Huntsville, AL",3D view of the storm that developed &amp; collapsed over Albertville this evening; some wind damage reported #valleywx http://t.co/2wJ1MNz3mE,collapse,True,19,141,6,4,8,19,False,True,True,False,1,6,2,1,0,2,17,16,10,8,7,7,3,9,11,12,12,14,0.3,0.1,6,19
2384,collapsed,"Jersey City, NJ",@michaelgbaron Panic City has collapsed. Party City is in full swing!,collapse,True,11,69,4,0,1,12,False,False,False,False,1,3,2,1,0,0,9,8,5,3,2,2,3,6,8,9,9,9,0.55,0.4375,3,10
2392,collapsed,,@JessicaLauraxo grandma collapsed and died,collapse,True,5,42,2,0,1,4,False,False,False,False,1,1,0,0,1,0,5,4,3,3,3,2,1,2,2,2,3,3,0.0,0.0,1,5
2393,collapsed,Hong Kong,3-pronged inquiry launched into collapsed #HongKong furniture retailer DSC http://t.co/Tg3ukIsgEN @scmp_news http://t.co/An5LpimNfA,collapse,True,12,131,13,3,12,13,False,True,True,True,1,1,0,0,1,2,12,11,10,10,10,9,1,2,2,2,3,5,0.0,0.0,1,12
2401,collapsed,Tampa Bay,Official: Crowd in tent that collapsed was told to stay put: LANCASTER N.H. - Circus workers first told spectatorsÛ_ http://t.co/yRQgASn0JG,collapse,True,20,140,20,1,10,22,False,True,False,True,1,7,2,1,1,0,17,16,9,7,6,5,4,11,13,14,15,15,0.3333333333333333,0.25,4,19
2403,collapsed,sending rude things to heather,@jemmaswans i needed such a breather today oh my god i went on lunch and collapsed like a sack of bones in my car,collapse,True,24,113,0,0,1,23,False,False,False,False,3,4,3,1,0,1,14,11,7,4,3,3,13,17,20,21,21,22,0.5,0.0,11,21
2404,collide,"Conway, AR",We had a room full of people lifting up Collide in prayer!! We are so excited for Friday night!! http://t.co/645dYNAMy8,collide,True,20,119,8,4,4,24,False,True,False,False,3,2,0,2,4,1,13,10,8,8,6,2,10,12,12,14,18,19,0.65,0.56640625,8,19
2405,collide,,?Maybe someday we'll find the place where our dreams and reality collide.?,collide,True,12,74,1,0,1,14,True,False,False,False,3,1,3,2,2,0,12,9,8,5,3,1,3,4,7,9,11,11,0.0,0.0,5,12
2407,collide,,I'm not saying you should freak out but Collide starts in 30 mins so you should freak out!  GetÛ_ https://t.co/QOK1BSYZEU,collide,True,21,122,12,3,8,22,False,True,False,False,6,2,2,5,1,0,17,11,9,7,2,1,10,12,14,19,20,20,0.0,0.0,10,18
2411,collide,ham ham clubhouse,I added a video to a @YouTube playlist http://t.co/c2k7hDoLph Howie Day - Collide,collide,True,13,81,8,2,6,13,False,True,False,False,1,0,3,0,1,2,8,7,7,4,4,3,6,6,9,9,10,12,0.0,0.0,3,12
2424,collide,luisa's heart,but even if the stars and moon collide i never want u back into my life #MTVHottest Justin Bieber,collide,True,19,97,6,0,1,18,False,False,True,False,3,6,2,2,1,0,15,12,6,4,2,1,7,13,15,17,18,18,0.0,0.0,7,19
2426,collide,"Lehigh Acres, FL",Collide Gateway students make setting up chairs and tables 10x more fun than I would've thought! ?? @collideNLC,collide,True,18,111,6,2,2,20,True,False,False,False,3,3,0,2,3,3,15,12,9,9,7,4,6,9,9,11,14,17,0.35,0.4375,4,18
2431,collide,,Perez Hilton forever Niley shipper lol https://t.co/qQ1pIJK2dA,collide,False,7,62,8,2,4,7,False,True,False,False,1,0,2,1,2,0,7,6,6,4,3,1,1,1,3,4,6,6,0.7,0.8,0,7
2433,collide,,no escape- no place to hide here where time and space collide,collide,True,12,61,0,0,1,11,False,False,False,False,1,3,3,0,2,0,9,8,5,2,2,0,4,7,10,10,12,12,0.0,0.0,6,11
2434,collide,#IzzoWorld,Nigga This Is The First Time I Heard A Song By Justine Sky Other Than Collide,collide,True,16,77,16,0,0,15,False,False,False,False,2,4,4,0,2,0,12,10,6,2,2,0,6,10,14,14,16,16,0.35416666666666663,0.0625,0,16
2436,collide,"Capital Federal, Argentina",Vamos Newells,collide,False,2,13,2,0,0,1,False,False,False,False,0,0,1,0,1,0,2,2,2,1,1,0,0,0,1,1,2,2,0.0,0.0,0,2
2439,collide,,#Funfact #facts Can Stars Collide? http://t.co/E1ao9A7rw9,collide,True,6,57,6,4,6,7,True,True,True,False,1,0,1,1,0,2,6,5,5,4,3,3,1,1,2,3,3,5,0.0,0.0,0,6
2444,collide,Canada,"When transgender Sam takes runaway Lizzie in two very different worlds collide as they explore unjust boundaries and trust.
Sam(uel)
#books",collide,True,19,139,4,0,5,19,False,False,True,False,3,3,1,3,3,0,17,14,11,10,7,4,5,8,9,12,15,15,0.78,0.0,5,19
2447,collide,,When Social Media Marketing and Ethics Rules Collide | The Recorder http://t.co/D0Bnm1ZZak,collide,True,12,90,13,2,5,12,False,True,False,False,2,1,2,2,1,1,11,9,8,6,4,3,3,4,6,8,9,10,0.06666666666666667,0.03333333333333333,1,12
2448,collide,INEQUITY  IS  INJUSTICE || NJ,Trump &amp; Bill Clinton collide in best conspiracy story ever http://t.co/ABkhBhNLOz via @motherjones TRUMP DEMOCRATIC PLANT?  lmao #lastword,collide,True,19,142,29,0,8,20,True,True,True,True,1,4,4,1,2,0,17,16,12,8,7,5,3,7,11,12,14,14,0.65,0.8,1,19
2449,collide,New York,PIERCE THE VEIL Rubber Bracelet Wristband Collide with the Sky - Full read by eBay http://t.co/H4WUPpaT6k http://t.co/WisjhDH58n,collide,True,17,128,28,4,9,18,False,True,False,True,3,5,0,2,1,1,15,12,7,7,5,4,5,10,10,12,13,14,0.55,0.35,3,17
2450,collide,,Now there's only 2 days for collide!!! get signed up!???? http://t.co/vhh7LBOATZ,collide,True,11,80,7,2,5,19,True,True,False,False,3,2,0,1,2,0,10,7,5,5,4,2,4,6,6,7,9,9,1.0,0.0,4,11
2461,collided,Islamabad,@FarhanKVirk @PTISalarKhan ! Instead of promoting false news first get your facts right . It was a road rage incident . Vehicles collided,collide,True,23,137,11,0,2,25,False,False,False,False,2,4,4,0,1,3,17,15,11,7,7,6,8,12,16,16,17,20,0.4896825396825397,0.04523809523809521,4,22
2469,collided,,"I so want to #win an ARC of WHEN WE COLLIDED Emery Lord's 2016 release! Open intl #TheStartofEmandYou #giveaway
 http://t.co/qcu4xO54wT",collide,True,20,135,27,7,9,21,False,True,True,True,1,6,1,1,0,2,14,13,7,6,5,5,7,13,14,15,15,17,0.45,0.5,4,20
2472,collided,,@mollywood I agree! I didn't know you had moved to Marketplace. I woke up to your report &amp; thought my favorite worlds (BOL-APM) collided.,collide,True,24,141,10,0,7,26,False,False,False,True,2,3,2,4,1,1,17,15,12,10,6,5,9,12,14,18,19,20,1.0,0.5,8,21
2473,collided,,@imaginator1dx currently reading after. as you can see after we collided is on my dresser waiting to get read http://t.co/QwrASZ6LHO,collide,True,20,132,7,2,5,21,False,True,False,False,4,1,1,1,3,1,14,10,9,8,7,4,10,11,12,13,16,17,0.4,0.0,10,20
2474,collided,,@edsheeran tf is innit,collide,False,4,22,0,0,1,3,False,False,False,False,0,0,1,0,0,0,2,2,2,1,1,1,2,2,3,3,3,3,0.0,0.0,1,4
2477,collided,England,So running down the stairs was a bad idea full on collided... With the floor ??,collide,True,16,79,2,0,0,20,True,False,False,False,4,4,1,1,1,0,12,8,4,3,2,1,8,12,13,14,15,15,0.5018518518518519,-0.16851851851851848,6,15
2481,collided,,#maritime The sand carrier Shinto Maru and chemical tanker Hoshin Maru collided on 7 nautical miles off Honshu... http://t.co/2bnfoAGpzD,collide,True,19,136,9,2,5,22,False,True,True,False,3,3,1,3,1,3,17,14,11,10,7,6,5,8,9,12,13,16,0.0,0.0,3,18
2484,collided,"Wellington, FL",Oh my God. Sending my thoughts to @SAStars head coach Dan Hughes who left the game on stretcher after Danielle Robinson collided into him.,collide,True,24,138,10,0,1,25,False,False,False,False,3,6,2,1,1,5,19,16,10,8,7,6,8,14,16,17,18,23,0.2,-0.2,9,23
2495,collided,,@AlyssaSpencer28 remember when beau and i collided on the slip and slide and I died ??????,collide,True,16,90,3,2,1,21,True,False,False,False,4,4,1,1,0,2,13,9,5,4,3,3,7,11,12,13,13,15,0.0,0.0,7,14
2503,collided,,Ok two of my favorite things have collided into one great HT #LiteraryCakes  https://t.co/E2meY0aKPu,collide,True,15,100,9,2,5,15,False,True,True,False,2,2,1,1,0,2,10,8,6,5,4,4,7,9,10,11,11,13,0.75,0.6,4,15
2509,collision,,Call to car vs fed ex truck head on collision on I-40 mile marker 118. Prayers for the families as we get to the scene!,collision,True,25,119,3,5,1,26,False,False,False,True,6,5,1,2,1,1,17,11,6,5,3,2,14,19,20,22,23,24,0.0,0.0,9,22
2511,collision,,Motorcyclist bicyclist injured in Denver collision on Broadway http://t.co/eOPWBtUYr9,collision,True,9,85,9,1,4,9,False,True,False,False,0,0,0,1,1,1,7,7,7,7,6,5,2,2,2,3,4,5,0.0,0.0,2,9
2518,collision,Denver Colorado,Motorcyclist bicyclist injured in Denver collision on Broadway: At least two people were taken to a localÛ_ http://t.co/PMv8ZDFnmr,collision,True,18,131,9,1,8,18,False,True,False,False,1,1,2,2,1,1,13,12,11,9,7,6,6,7,9,11,12,13,0.4,-0.3,5,18
2522,collision,"Parkway, CA",Traffic Collision - Ambulance Enroute: Florin Rd at Franklin Blvd South Sac http://t.co/dYEl9nMQ0A,collision,True,13,98,15,2,6,13,False,True,False,False,1,1,1,1,1,2,10,9,8,7,6,5,4,5,6,7,8,10,0.0,0.0,1,13
2525,collision,,The Denver Post - Motorcyclist bicyclist injured in Denver collision on Broadway http://t.co/yjrIi5mHii,collision,True,13,103,8,1,5,13,False,True,False,False,1,1,0,2,1,1,10,9,8,8,6,5,4,5,5,7,8,9,0.0,0.0,2,12
2526,collision,,that collision daaamn,collision,True,3,21,0,0,0,2,False,False,False,False,0,1,0,1,0,0,3,3,2,2,1,1,0,1,1,2,2,2,0.0,0.0,1,3
2529,collision,"San Francisco, CA",Marin Sr37 / Sr121 **Trfc Collision-Unkn Inj** http://t.co/yqJVEVhSzx,collision,True,8,69,12,5,10,8,False,True,False,False,0,1,3,1,0,0,7,7,6,3,2,2,1,2,5,6,6,6,0.0,0.0,0,8
2533,collision,"Riverside, CA",Riverside I15 N Sr91 E Con / I15 N Sr91 W Con **Trfc Collision-Unkn Inj** http://t.co/QqMLKvgPQk,collision,True,16,96,21,8,10,16,False,True,False,True,4,2,1,1,0,0,11,7,5,4,3,3,9,11,12,13,13,13,0.0,0.0,0,12
2549,collision,Mumbai,Techerit: Anti Collision Rear- #gadget #technology http://t.co/v3a5ZQaRFg,collision,True,7,73,8,2,8,7,False,True,True,False,0,1,1,0,1,0,7,7,6,5,5,4,0,1,2,2,3,3,0.0,0.0,0,7
2551,collision,"USA , AZ",Anti Collision Rear- #innovation #gadgets http://t.co/YXD4c4XlGo,collision,True,6,64,8,2,7,6,False,True,True,False,0,1,1,0,0,1,6,6,5,4,4,4,0,1,2,2,2,3,0.0,0.0,0,6
2558,crash,Somewhere in the Canada,Mom fights to recover in hospital from fiery car crash while kids miss her at home - http://t.co/0UH26R2zfX,crash,True,18,107,5,4,5,18,False,True,False,False,3,4,3,1,1,1,14,11,7,4,3,2,7,11,14,15,16,17,0.0,0.0,6,18
2562,crash,,No citation for Billings police officer who caused Broadwater crash http://t.co/aAhYoEITzl http://t.co/ULZ3ubQV5z,crash,True,12,113,13,2,8,13,False,True,False,False,2,0,1,2,1,2,11,9,9,8,6,5,3,3,4,6,7,9,0.0,0.0,2,12
2563,crash,,'Our little angel': Banjo Pilon 10 dies after skateboarding crash at Wamberal: At the weekend 10-year-old B... http://t.co/5bcOQB6Cff,crash,True,18,133,10,6,10,21,False,True,False,True,1,3,4,1,2,0,15,14,11,7,6,4,4,7,11,12,14,14,0.5,-0.1875,3,18
2567,crash,"Austin, TX",lol at the guy whipping by me on a double yellow line in his mustang just to crash on the curb into a light pole #sns,crash,True,26,117,0,0,1,25,False,False,True,False,5,6,2,2,1,1,17,12,6,4,2,1,14,20,22,24,25,26,0.35,0.30000000000000004,14,23
2574,crash,,New post: 'India Train Crash Kills Dozens' http://t.co/6OQaZmQa3L,crash,True,8,65,11,2,7,8,False,True,False,False,1,0,4,1,1,0,8,7,7,3,2,1,1,1,5,6,7,7,0.45454545454545453,0.13636363636363635,0,8
2577,crash,PPCC ,Crash,crash,True,1,5,1,0,0,0,False,False,False,False,0,0,1,0,0,0,1,1,1,0,0,0,0,0,1,1,1,1,0.0,0.0,0,1
2578,crash,The Open road!,@crash_matrix @TheMercedesXXX With a minivan :3,crash,True,6,47,6,1,4,5,False,False,False,False,0,1,0,0,1,0,4,4,3,3,3,2,2,3,3,3,4,4,1.0,0.5,1,6
2580,crash,The New Way To Surf!,Non-Power 5 Schools with Best Shot to Crash College Football Playoff http://t.co/Wj5EMRNkYi,crash,True,12,91,15,2,5,12,False,True,False,False,0,3,1,0,3,1,10,10,7,6,6,3,2,5,6,6,9,10,0.3,1.0,2,12
2581,crash,"Ponyville,Equestria ",This is hilarious! Look at all of you! We got: Hairity Rainbow Crash Spitty Pie #Spikebot,crash,True,16,89,9,0,2,17,False,False,True,False,2,4,1,1,2,0,12,10,6,5,4,2,6,10,11,12,14,14,1.0,0.78125,5,16
2583,crash,,Thieves crash dealership gate steal four vehicles in Killeen http://t.co/aA47AXC6sr http://t.co/fz5axahPVr,crash,True,11,106,8,4,8,12,False,True,False,False,0,2,2,0,2,1,10,10,8,6,6,4,1,3,5,5,7,8,0.0,0.0,1,11
2584,crash,Highway to Hell,Time to enjoy summer in a crash course of two weeks... I will never take summer classes again. (That's a lie),crash,True,21,109,3,0,3,24,False,False,False,False,1,4,3,4,2,1,15,14,10,7,3,1,7,11,14,18,20,21,0.5,0.4,7,19
2586,crash,Vancouver,#portmoody Clarke Rd hill n/b blocked by crash past Seaview traffic back to Kemsley. Take Como Lake to Gatensbury to get around it.,crash,True,23,131,8,0,2,24,False,False,True,False,3,6,1,2,3,1,18,15,9,8,6,3,8,14,15,17,20,21,0.125,-0.125,5,21
2589,crash,,@natethewolf Car vs Motorcycle Crash Fairport Nine https://t.co/SkUQMJq7g2 #BGC14,crash,True,9,81,13,4,6,9,False,True,True,True,1,1,1,1,0,1,8,7,6,5,4,4,2,3,4,5,5,6,0.0,0.0,0,9
2595,crash,,Learn cPanel in 2015. Join cPanel Crash Course only $20 http://t.co/TltY2Mumco,crash,True,11,78,9,7,5,12,False,True,False,False,1,2,3,3,0,0,10,9,7,4,1,1,2,4,7,10,10,10,1.0,0.0,2,10
2596,crash,Los Angeles,.@Emily_Noel95 @SterlingKnight @joeylawrence @ABCFmelissajoey that car crash was pretty fun to film  #melissaandjoeychat,crash,True,14,120,8,2,6,14,False,False,True,False,3,2,1,1,0,0,12,9,7,6,5,5,5,7,8,9,9,9,0.6,0.275,3,14
2600,crash,Philippines,NEWS: 2 injured in school bus crash in Bordentown - http://t.co/672bY6OOjn | Details: http://t.co/N5IHOfDpD4,crash,True,14,108,15,7,12,15,False,True,False,True,1,0,2,1,1,1,9,8,8,6,5,4,6,6,8,9,10,11,0.0,0.0,2,13
2601,crash,"Indian Trail, North Carolina",The Crash And A New Depression ÛÒ The Seeds For The Next Crisis Have Already Been Sown http://t.co/IsN9HdZ4cp,crash,True,18,110,20,2,7,18,False,True,False,True,7,4,2,1,1,0,17,10,6,4,3,2,8,12,14,15,16,16,0.22727272727272727,0.06818181818181818,0,16
2607,crashed,,Husband's back from Edinburgh and crashed out. One young adult's has got a raging temperature the other's gone out and I'VE NOT HAD ANY TEA,crash,True,25,139,18,0,4,25,False,False,False,True,11,5,1,1,3,0,24,13,8,7,6,3,12,17,18,19,22,22,0.26875,0.018750000000000003,9,24
2610,crashed,,Rip to whoevers face that crashed in front of my work. Wish I could have helped,crash,True,16,79,3,0,0,16,False,False,False,False,1,4,3,1,1,1,11,10,6,3,2,1,6,10,13,14,15,16,0.0,0.0,6,16
2613,crashed,Arizona,almost crashed while listening to walk the moon bUT I DONT CARE I LOVE IT,crash,True,15,73,18,0,0,14,False,False,False,True,2,5,1,1,1,0,11,9,4,3,2,1,6,11,12,13,14,14,0.6,0.5,3,14
2615,crashed,,Ol'Head just crashed into the back of another ol'head car he hopped out like 'DAMNNNN U FUCKIN ROOKIE... SLOW TF DOWN!!' ??????,crash,True,22,127,32,0,4,32,True,False,False,True,3,5,0,3,5,1,18,15,10,10,7,2,7,12,12,15,20,21,0.22962962962962963,-0.18101851851851855,6,22
2618,crashed,Kentucky,@thomicks Isn't showing up for me. I think it crashed.,crash,True,10,54,2,0,2,11,False,False,False,False,2,0,2,0,1,1,7,5,5,3,3,2,5,5,7,7,8,9,0.0,0.0,4,10
2620,crashed,"Pleasantville, NY",@RosanneBarr New documents suggest Clinton's email server may have crashed. All of her fan mail from Qatar must have crashed it.,crash,True,21,128,6,0,2,22,False,False,False,False,6,5,2,1,2,1,20,14,9,7,6,4,7,12,14,15,17,18,0.45454545454545453,0.13636363636363635,6,20
2623,crashed,Estados Unidos,Bin Laden family plane crashed after 'avoiding microlight and landing too far down runway': Three members of t... http://t.co/ZlBOeMXo2T,crash,True,19,136,9,1,7,22,False,True,False,False,4,2,4,1,3,1,18,14,12,8,7,4,5,7,11,12,15,16,0.6444444444444445,-0.02777777777777779,6,19
2626,crashed,,@BlizzardCS crashed them right after the stream lol,crash,True,8,51,3,0,1,7,False,False,False,False,2,1,2,1,1,0,8,6,5,3,2,1,2,3,5,6,7,7,0.6178571428571429,0.5428571428571429,3,8
2630,crashed,London,@PahandaBear @Nethaera Yup EU crashed too :P,crash,True,7,44,7,0,3,6,False,False,False,False,2,0,0,0,1,0,5,3,3,3,3,2,4,4,4,4,5,5,1.0,0.75,1,7
2634,crashed,Arlington VA (DC Area),#news Bin Laden family plane crashed after 'avoiding microlight and landing too far down runway': Three member... http://t.co/hHsN0VnYKs,crash,True,18,136,8,1,8,21,False,True,True,False,4,1,5,1,2,1,18,14,13,8,7,5,4,5,10,11,13,14,0.6444444444444445,-0.02777777777777779,4,18
2636,crashed,,"aQgcO mhtw4fnet

Pakistan says army helicopter has crashed in country's restive northwest  - Fox News",crash,True,15,101,5,1,4,14,False,False,False,False,2,3,1,0,2,0,12,10,7,6,6,4,5,8,9,9,11,11,0.0,0.0,2,15
2638,crashed,"Ventura, CA",Got a ticket &amp; my car got crashed  man life's great !,crash,True,13,57,1,0,3,13,False,False,False,False,4,0,2,2,1,0,9,5,5,3,1,0,8,8,10,12,13,13,0.75,1.0,2,13
2639,crashed,Pakistan,"Pak army helicopter crashed in Mansehra. 
Pray for departed souls. http://t.co/XclNBVvfSi",crash,True,11,89,8,0,5,13,False,True,False,False,2,1,1,1,1,1,10,8,7,6,5,4,3,4,5,6,7,8,0.0,0.0,2,11
2646,crashed,USA,Website Malfunctioning? PHP Scripts not working? Database Crashed? Need a Unique Script? PHP PRO to the rescue! http://t.co/LadH9Oo086,crash,True,18,134,20,4,4,23,True,True,False,True,5,1,0,1,4,3,16,11,10,10,9,5,7,8,8,9,13,16,1.0,0.46875,4,17
2650,crashed,Swat Pakistan,08 Army personnel including 5 Majors were martyred when a helicopter of Army Medical Corps crashed near Mansehra. http://t.co/wyMrtwsZHU,crash,True,19,136,10,3,4,20,False,True,False,False,0,5,1,1,2,1,15,15,10,9,8,6,4,9,10,11,13,14,0.2,0.05,4,18
2652,crashed,Edinburgh/ West Yorkshire,The last few days have proven how popular the #BBC is. Over 9m watched Bake Off and iplayer crashed due to cricket commentary.,crash,True,23,126,7,1,1,24,False,False,True,True,8,6,0,1,5,0,21,13,7,7,6,1,10,16,16,17,22,22,0.36041666666666666,0.06874999999999999,7,23
2653,crush,"Boston, MA",pkadlik : jojowizphilipp and I have a crush on Rob Thomas right now...?? #viptickets #imgunnashakeitallnight @Û_ Û_ http://t.co/uaGsSzMu9w),crash,False,18,141,6,1,15,23,True,True,True,True,3,2,2,1,1,1,14,11,9,7,6,5,7,9,11,12,13,14,0.5357142857142857,0.2857142857142857,5,18
2654,crush,,my brother said he has a crush on a girl named Danielle ???????? OH GOD NO,crash,False,16,74,8,0,0,23,True,False,False,True,2,2,2,0,1,2,9,7,5,3,3,2,9,11,13,13,14,16,0.0,0.0,6,15
2662,crush,,women crush for sure ???? http://t.co/7fQjvTd4GN,crash,False,6,48,4,2,4,10,True,True,False,False,1,2,2,0,0,0,6,5,3,1,1,1,1,3,5,5,5,5,0.8888888888888888,0.5,1,6
2665,crush,?illinois?,I think I might have a crush on my lover boy ?,crash,False,12,46,2,0,0,12,True,False,False,False,1,1,4,0,0,0,6,5,4,0,0,0,7,8,12,12,12,12,0.0,0.0,4,11
2669,crush,pa,Aramis will crush 1 pitch strop,crash,False,6,31,1,1,0,5,False,False,False,False,0,1,3,1,0,0,5,5,4,1,0,0,1,2,5,6,6,6,0.0,0.0,1,6
2674,crush,Dreamville | Hoolagan,So if you secretly have a crush on me and can sing lmk lmfao,crash,False,14,60,1,0,0,13,False,False,False,False,4,2,2,0,0,1,9,5,3,1,1,1,9,11,13,13,13,14,0.7,-0.4,8,14
2678,crush,USA,Crush cars with wrestling stars in MMX Racing Featuring WWE - AppAdviceÛ_ http://t.co/5XvP1IfPmy #designgeeks,crash,False,14,110,15,2,9,14,False,True,True,True,2,2,2,1,0,0,12,10,8,6,5,5,4,6,8,9,9,9,0.0,0.0,2,14
2681,crush,"Baltimore, MD",I was freakingg out and he was playing candy crush ??,crash,False,11,53,1,0,0,12,True,False,False,False,4,0,2,0,1,0,8,4,4,2,2,1,7,7,9,9,10,10,0.0,0.0,5,10
2685,crush,,I'm just not a relationship person. That's why when I have a crush on someone I always think they're not going to feel the same way,crash,False,26,131,4,0,3,26,False,False,False,False,6,5,3,2,3,0,20,14,9,6,4,1,12,17,20,22,25,25,0.125,0.0,13,23
2686,crush,,@sandy0013 dude i have a crush on hockey players but Paul will always give me butterflies...he's just an angel!!,crash,False,19,112,1,4,2,23,False,False,False,False,1,6,1,2,2,0,14,13,7,6,4,2,6,12,13,15,17,17,0.0,0.0,10,19
2690,crush,,I have the biggest girl crush on oomf ????,crash,False,9,42,1,0,0,12,True,False,False,False,1,4,1,0,1,0,7,6,2,1,1,0,3,7,8,8,9,9,0.0,0.0,3,9
2697,crush,,@Team_Barrowman Just saying your my man crush!,crash,False,7,46,3,0,2,7,False,False,False,False,1,2,0,2,0,0,6,5,3,3,1,1,2,4,4,6,6,6,0.0,0.0,2,7
2699,crush,"MNL, Philippines",omg I have a huge crush on her because of her looks. ... ÛÓ Not necessarily I dont think so! She is looks way be... http://t.co/xqmaTI4GI6,crash,False,26,139,8,2,7,34,False,True,False,True,9,3,4,1,1,0,20,11,8,4,3,2,15,18,22,23,24,24,0.95,0.20000000000000004,10,24
2704,crushed,,I crushed a 5.1 mi run with a pace of 13'0' with Nike+ SportWatch GPS. #nikeplus: http://t.co/lJiiuuaTRC,crushed,True,17,104,11,5,9,19,False,True,True,True,2,4,2,0,1,0,12,10,6,4,4,3,7,11,13,13,14,14,0.1,-0.1,5,15
2705,crushed,"Lawn, PA",So my Neptunia girls are all nearly level 150 and I've crushed all the non-S-rank Colosseum fights.  Major grinding happens very soon.,crushed,True,23,134,6,3,3,24,False,False,False,False,6,2,4,1,3,2,20,14,12,8,7,4,9,11,15,16,19,21,0.325,0.065625,7,22
2710,crushed,"NoPa, San Francisco",@AmyRamponi But theyÛªre not crushed? It doesnÛªt set up some negative self-fulfilling prophecy or negative self-talk? #psychat,crushed,True,17,129,4,0,10,18,True,False,True,False,3,1,0,0,0,5,14,11,10,10,10,10,6,7,7,7,7,12,0.3,-0.18333333333333335,4,16
2712,crushed,Florida,An old man shuffled slowly into an ice cream parlor. He ordered a banana split. The waitress asked Crushed nuts? No he said. Arthritis.,crushed,True,24,135,6,0,0,28,True,False,False,False,4,1,4,3,3,2,18,14,13,9,6,3,10,11,15,18,21,23,0.2333333333333333,-0.10000000000000002,4,24
2713,crushed,"War Drobe, Spare Oom",@DancingOnHwy there is nothing I love more than seeing Bears fans get their hopes and dreams crushed.,crushed,True,17,101,5,0,1,17,False,False,False,False,2,4,4,2,1,1,15,13,9,5,3,2,4,8,12,14,15,16,0.4000000000000001,0.3,6,17
2716,crushed,"Motown, WV",So in one episode they undo season 1. Kai joins FF Ren beats Aichi with Psy  and misaki gets crushed.  What the fuck?,crushed,True,25,117,8,1,0,27,True,False,False,False,6,5,4,2,1,1,19,13,8,4,2,1,12,17,21,23,24,25,0.35,-0.25,5,24
2717,crushed,Bangalore,RT #Target Best price on #Avril Crushed Sheer #CurtainPanel #Curtains #Decor #Blinds #Shades : http://t.co/TBhbuX6dc0,crushed,True,15,117,16,2,12,15,False,True,True,False,0,1,2,2,4,0,12,12,11,9,7,3,3,4,6,8,12,12,0.3833333333333333,0.3,1,15
2718,crushed,,@MWCahill5 also mcutchen crushed it,crushed,True,5,35,3,1,1,4,False,False,False,False,0,1,0,0,1,1,4,4,3,3,3,2,1,2,2,2,3,4,0.1,-0.1,1,5
2721,crushed,,I'm so over getting my hopes up and then being crushed.,crushed,True,11,55,1,0,1,11,False,False,False,False,2,2,2,0,1,1,8,6,4,2,2,1,5,7,9,9,10,11,0.1,-0.1,7,11
2722,crushed,,Uribe just crushed that,crushed,True,4,23,1,0,0,3,False,False,False,False,0,2,1,0,1,0,4,4,2,1,1,0,0,2,3,3,4,4,0.1,-0.1,2,4
2735,crushed,"Fredericton, NB",Double E! Just crushed that ball! #Jays,crushed,True,7,39,4,0,1,8,False,False,True,False,0,2,2,1,1,0,6,6,4,2,1,0,1,3,5,6,7,7,0.05,-0.0625,1,7
2737,crushed,"Atlanta, GA",#GoT season 5 - funniest season ever. Hilarious. #GameOfThrones you crushed it. OMG. #CantStopLaughing #Wow #Comedy,crushed,True,16,115,14,1,6,19,False,False,True,True,2,3,1,2,2,1,14,12,9,8,6,4,4,7,8,10,12,13,0.7000000000000001,0.16666666666666666,2,15
2738,crushed,downriver.,?? my soul just crushed because they were so damn cute ?? https://t.co/zADH87Pwml,crushed,True,13,81,4,2,4,17,True,True,False,False,0,6,0,0,2,0,9,9,3,3,3,1,4,10,10,10,12,12,0.55,0.2,6,12
2742,crushed,"Ottawa, ON, Canada",@Loraccee @JoeNBC @msnbc Still gets crushed by @FoxNews which says little about cable news viewers in general. Dumb sells but sucks.,crushed,True,21,132,9,0,4,22,False,False,False,False,1,4,5,3,3,2,19,18,14,9,6,3,3,7,12,15,18,20,0.38,-0.18249999999999997,5,21
2745,crushed,House of El,Uribe crushed it! #Mets,crushed,True,4,23,2,0,1,4,False,False,True,False,1,0,2,0,1,0,4,3,3,1,1,0,1,1,3,3,4,4,0.1,-0.125,1,4
2746,crushed,"Piscataway, NJ",@Brandon_Warne MLB has that ball at 462 feet.  Absolutely crushed.,crushed,True,11,66,6,3,2,12,False,False,False,True,3,2,1,0,0,1,9,6,4,3,3,3,5,7,8,8,8,9,0.1,-0.1,3,11
2747,crushed,FL/NJ,That ball was crushed,crushed,True,4,21,1,0,0,3,False,False,False,False,1,2,0,0,1,0,4,3,1,1,1,0,1,3,3,3,4,4,0.1,-0.1,1,4
2750,crushed,,http://t.co/ACHBbiFQrQ : Big Papi with a great welcoming to The Show: #CrushedÛ_ http://t.co/ceBFBONcHD http://t.co/mUncapudDc,crushed,True,14,127,21,0,18,16,False,True,True,False,2,2,2,0,0,0,11,9,7,5,5,5,5,7,9,9,9,9,0.425,0.4,3,14
2751,crushed,"Hodesto, Cuntlifornia",@Spicenthingsup wtf!? I can't. The love bit. I really think that's how she feels. Massive crush that got crushed.,crushed,True,19,113,5,0,3,24,True,False,False,False,4,3,3,4,1,1,17,13,10,7,3,2,6,9,12,16,17,18,0.58,-0.004999999999999999,4,18
2754,curfew,Jammu Kashmir ,@GhazalaBaji : Exactly!  Curfew like situation when I sit with dad,curfew,True,12,66,5,0,2,12,False,False,False,False,2,3,0,1,0,1,9,7,4,4,3,3,5,8,8,9,9,10,0.25,0.3125,2,12
2762,curfew,"Lufkin.Texas,USA",Black African refugees in 'Israel' cannot attend Kenye West concert due to curfew for black refugees.. http://t.co/S0usjQYIJe,curfew,True,17,125,10,1,6,19,False,True,False,False,2,1,3,3,2,2,15,13,12,9,6,4,4,5,8,11,13,15,0.3104166666666667,-0.11458333333333331,5,17
2764,curfew,Mississauga,Has the kids' bedtime gotten later &amp; later? Now's a good time to point out to them when their regular curfew would be. #BTSPrep #Parenting,curfew,True,25,142,7,0,6,26,True,False,True,False,4,4,7,3,2,1,22,18,14,7,4,2,7,11,18,21,23,24,0.16923076923076924,0.175,9,24
2772,curfew,,@karli_knox you know how crazy strict Philip is. he gave me a 10 texting curfew bruh,curfew,True,16,84,1,2,2,16,False,False,False,False,3,3,1,3,1,0,12,9,6,5,2,1,7,10,11,14,15,15,0.9,-0.6,6,16
2775,curfew,Ohio land of no sun,@CurfewBeagle @beaglefreedom Pretty Curfew!!!??,curfew,True,4,47,4,0,2,8,True,False,False,False,0,0,0,1,0,0,4,4,4,4,3,3,0,0,0,1,1,1,1.0,0.48828125,0,4
2776,curfew,Nor Cal,WHEN YOUR PARENTS TRY TO PUT A CURFEW ON YOU AND YOU'RE ALMOST 19 ????????????,curfew,True,15,78,49,2,1,26,True,False,False,True,4,2,0,3,1,0,11,7,5,5,2,1,8,10,10,13,14,14,0.0,0.0,0,15
2779,curfew,770 to Benedict College ,everybody like fuck curfew.. and i'm sitting here like i'll be in bed by 12.,curfew,True,15,76,0,2,2,17,False,False,False,False,4,5,0,0,1,1,12,8,3,3,3,2,7,12,12,12,13,14,0.6,-0.4,7,14
2781,curfew,isabel beatriz paras de leon,@benznibeadel_ hehe like u HAHAHA I'm kidding love u I'm gonna sleep na bc curfew ??,curfew,True,16,84,8,0,4,17,True,False,False,True,2,3,2,2,1,0,11,9,6,4,2,1,7,10,12,14,15,15,0.5,0.35,0,14
2789,curfew,,@AnnaEsterly dude you were only out 4 mins past curfew give your self a break.,curfew,True,15,78,2,1,1,15,False,False,False,False,2,8,0,2,0,0,13,11,3,3,1,1,4,12,12,14,14,14,0.625,-0.125,6,15
2790,curfew,Waraq,Big 30 hanging out no curfew?? https://t.co/JHDqHfaTLJ,curfew,True,7,54,8,2,4,9,True,True,False,False,2,0,0,0,1,1,5,3,3,3,3,2,4,4,4,4,5,6,0.1,0.0,2,7
2791,curfew,"Winchester, UK",@DomeTufnellPark Do you know what the curfew for Havoc Fest is on Sunday please?!,curfew,True,14,81,7,0,1,15,True,False,False,False,3,3,1,2,0,1,11,8,5,4,2,2,6,9,10,12,12,13,0.0,0.0,6,14
2798,curfew,,! Sex-themed e-books given curfew in Germany on http://t.co/7NLEnCph8X,curfew,True,9,70,7,2,6,10,False,True,False,False,0,0,1,1,2,0,6,6,6,5,4,2,3,3,4,5,7,7,0.0,0.0,2,9
2800,curfew,,Big 30?? Hanging Out NO CURFEW,curfew,True,6,30,11,2,0,7,True,False,False,True,2,1,0,1,1,0,5,3,2,2,1,0,3,4,4,5,6,6,0.1,0.0,0,6
2804,cyclone,"Miami, FL",Happy to report all is quite in the TROPICS. Cyclone Development not expected at this time @CBSMiami @MiamiHerald http://t.co/vI5oVsaHqL,cyclone,True,19,136,20,1,6,20,False,True,False,True,3,2,2,1,1,2,15,12,10,8,7,6,7,9,11,12,13,15,0.7,0.42500000000000004,8,19
2805,cyclone,United Kingdom,Here comes the next Episode #Scorpion #Cyclone @ScorpionCBS,cyclone,True,8,59,8,0,3,7,False,False,True,False,1,2,1,0,1,1,8,7,5,4,4,3,1,3,4,4,5,6,0.0,0.0,1,8
2806,cyclone,,The revival of Cyclone Football begins today!!  Be there September 5th!!,cyclone,True,12,72,5,1,0,15,False,False,False,False,1,0,2,1,3,1,9,8,8,6,5,2,4,4,6,7,10,11,0.0,0.0,2,12
2809,cyclone,"Melbourne, Australia",An Appeal By Cardinal Charles Bo SDB ( CNUA) Dear Brothers and Sisters The  recent cyclone and the massive... http://t.co/bLgH5bTV8T,cyclone,True,21,132,22,2,6,24,False,True,False,True,5,1,1,2,3,2,16,11,10,9,7,4,10,11,12,14,17,19,0.625,0.0,3,20
2810,cyclone,"Comox Valley Courtenay, BC  ",Cyclone hits Skye  http://t.co/QZYeRMrQtW http://t.co/N5AI9pQNjg,cyclone,True,6,64,14,2,8,7,False,True,False,False,0,2,0,0,1,0,5,5,3,3,3,2,1,3,3,3,4,4,0.0,0.0,0,6
2812,cyclone,NYC,@orochinagicom GIGATECH CYCLONE,cyclone,True,3,31,15,0,1,2,False,False,False,True,0,0,0,0,1,1,3,3,3,3,3,2,0,0,0,0,1,2,0.0,0.0,0,3
2814,cyclone,"Quezon City, PHILIPPINES","SEVERE WEATHER BULLETIN No. 6
FOR: TYPHOON ÛÏ#HannaPHÛ (SOUDELOR)
TROPICAL CYCLONE: WARNING

ISSUED AT 11:00 PM... http://t.co/fKoJd0YqK0",cyclone,True,14,140,79,7,20,18,False,True,True,True,1,0,2,2,2,2,13,12,12,10,8,6,2,2,4,6,8,10,0.0,0.0,0,14
2816,cyclone,"Brooklyn, NY",First time for everything! @ Coney Island Cyclone https://t.co/SdNT3Dhs3W,cyclone,True,9,73,9,2,5,10,False,True,False,False,1,1,2,1,1,0,8,7,6,4,3,2,2,3,5,6,7,7,0.3333333333333333,0.3125,1,9
2818,cyclone,Sittwe,@Aliyeskii @wquddin @tunkhin80 @MaungKyawNu @drkhubybe @nslwin @ibrahimdubashi @mdskar @zarnikyaw @kyawthu043 After cyclone,cyclone,True,12,123,5,5,10,11,False,False,False,False,0,0,1,0,3,1,12,12,12,11,11,8,0,0,1,1,4,5,0.0,0.0,0,12
2823,cyclone,"Seoul, Republic of Korea",@ERPESTAR i aint a bitch girl popobawa revolves around you the cyclone,cyclone,True,12,70,8,0,1,11,False,False,False,True,2,2,1,1,1,2,10,8,6,5,4,3,4,6,7,8,9,11,0.0,0.0,4,12
2824,cyclone,"Vineland, NJ, USA",#weather #tropicalweather: Tropical Cyclone Tracking update 1245Z 6 Aug 15. http://t.co/D79laflys9 #tropicalupdate,cyclone,True,12,114,6,10,8,13,False,True,True,True,2,0,1,1,1,3,11,9,9,8,7,6,3,3,4,5,6,9,0.0,0.0,0,12
2834,cyclone,,Is that a hurricane or a typhoon? No matter which one it's also a cyclone. http://t.co/c5kJAtjgzn,cyclone,True,16,97,4,1,5,18,True,True,False,False,1,3,1,1,0,2,10,9,6,5,4,4,7,10,11,12,12,14,0.0,0.0,7,14
2837,cyclone,United Kingdom,Waige driving like a Badass #ScorpionPilot #Cyclone @ScorpionCBS,cyclone,True,8,64,9,0,3,7,False,False,True,False,0,1,1,1,1,1,7,7,6,5,4,3,1,2,3,4,5,6,0.0,0.0,1,8
2840,cyclone,"Manchester, England",raleigh cyclone 15 gear mountain bike 26'': http://t.co/4LpPmad80G #sportinggoods http://t.co/lleFHhggrL,cyclone,True,10,104,6,7,12,11,False,True,True,False,0,2,1,0,2,1,9,9,7,6,6,4,1,3,4,4,6,7,0.0,0.0,0,10
2845,cyclone,,"RT  SEVERE WEATHER BULLETIN No. 6
FOR: TYPHOON ÛÏÛ (SOUDELOR)
TROPICAL CYCLONE: WARNING

ISSUED AT 11:00 PM...  https://t.co/BYy4dHrqyH",cyclone,True,17,138,78,6,19,21,False,True,False,True,1,0,2,3,2,2,13,12,12,10,7,5,5,5,7,10,12,14,0.0,0.0,0,16
2847,cyclone,NYC,Red Tropical Cyclone alert for SOUDELOR-15 in China Northern Mariana Islands 06 Aug 2015 06:00 UTC http://t.co/DMnr5Nkfo7,cyclone,True,17,121,22,14,6,17,False,True,False,True,4,1,3,0,3,2,15,11,10,7,7,4,6,7,10,10,13,15,0.0,0.0,2,17
2848,cyclone,"Mansfield, Ohio","#LocalEventCountdown:
8. Curtain opens on The Black Cyclone in Shelby tickets &amp; info: http://t.co/v7dCz5DJDj #rstoday",cyclone,True,14,121,12,3,11,15,False,True,True,False,1,0,4,1,3,1,12,11,11,7,6,3,3,3,7,8,11,12,0.43333333333333335,-0.16666666666666666,2,14
2850,cyclone,,May 1965 Rodder and Super Stock Keeling 427 Mustang Barracuda Riviera Cyclone http://t.co/ha3I0Etk5w http://t.co/Id2vGZ6qew,cyclone,True,14,123,14,12,8,15,False,True,False,False,3,1,2,1,4,0,14,11,10,8,7,3,3,4,6,7,11,11,0.6666666666666666,0.3333333333333333,1,14
2859,damage,"Denver, CO",Damage done: How to Recover From a Negative Social Media Update http://t.co/W2wtjyS599 @SMExaminer,damage,True,13,98,13,4,6,13,False,True,False,False,1,1,2,3,1,1,11,10,9,7,4,3,3,4,6,9,10,11,0.23333333333333334,-0.13333333333333333,2,13
2862,damage,,@beforeitsnews Û¢This Is Called DAMAGE CONTROL. Don't Be Fooled Folks. The Perps Will Just Come Up With Plan B...,damage,True,19,114,29,0,5,23,False,False,False,True,1,6,2,4,1,1,16,15,9,7,3,2,4,10,12,16,17,18,0.0,0.0,0,19
2868,damage,Downtown New York,#LMÛªs @frauncestavern named one of the historic properties granted $$ by @NYGovCuomo to repair #Sandy damage http://t.co/OcAdC8vFyF,damage,True,17,133,12,1,13,17,False,True,True,False,2,0,1,3,2,1,13,11,11,10,7,5,6,6,7,10,12,13,0.0,0.0,4,17
2874,damage,"Toronto, Ontario, Canada",@globepolitics extreme positions lack of debate pandering to the hard-right - further increase divides corrodes trust and damage goodwill,damage,True,19,137,0,0,3,18,False,False,False,False,2,1,1,2,3,3,16,14,13,12,10,7,5,6,7,9,12,15,0.75,-0.0625,5,19
2876,damage,Queens,Limited the damage. Put some runs on the board. #NYY,damage,True,10,52,5,0,1,11,False,False,True,True,3,3,0,1,2,0,9,6,3,3,2,0,4,7,7,8,10,10,0.14285714285714285,-0.07142857142857142,4,9
2892,damage,BGSU,@f_body95 never riding in the gaymaro ... Would damage my reputation,damage,True,11,68,1,2,2,13,False,False,False,False,2,0,2,2,1,0,9,7,7,5,3,2,4,4,6,8,9,9,0.0,0.0,3,11
2894,damage,USA,Alpine city park vandalized $2500 in damage http://t.co/fwk8puB2wF,damage,True,8,66,3,6,5,8,False,True,False,False,0,2,1,2,0,0,7,7,5,4,2,2,1,3,4,6,6,6,0.0,0.0,1,8
2897,damage,"California, USA",Got my first damage today  fuckkkkkk,damage,True,7,36,1,0,0,6,False,False,False,False,1,0,2,1,0,0,5,4,4,2,1,1,3,3,5,6,6,6,0.3333333333333333,0.25,1,7
2901,damage,Buzz City ,@VZWSupport Zero damage just a horrible product,damage,True,7,47,5,0,1,6,False,False,False,False,0,2,0,1,1,1,6,6,4,4,3,2,1,3,3,4,5,6,1.0,-1.0,2,7
2903,danger,Atlanta Georgia ,"@GatorGMuzik #FETTILOOTCH IS #SLANGLUCCI OPPRESSIONS GREATEST DANGER COMING SOON THE ALBUM 
https://t.co/moLL5vd8yD",danger,True,12,115,72,2,8,12,False,True,True,True,1,1,1,2,0,1,11,10,9,8,6,6,2,3,4,6,6,7,1.0,1.0,0,12
2904,danger,,I used to really think Danger was gonna be a movie,danger,True,11,50,2,0,0,10,False,False,False,False,1,1,3,2,0,0,7,6,5,2,0,0,5,6,9,11,11,11,0.2,0.2,4,11
2906,danger,In outer space,I don't think it was. It was very realistic. Scully finally had him home and sfe and he wanted to go out into the danger. @HipsBeforeHands,danger,True,26,138,6,0,2,28,False,False,False,False,8,4,2,2,2,0,20,12,8,6,4,2,14,18,20,22,24,24,0.7166666666666667,0.10833333333333334,14,25
2914,danger,,#onceaho Empire Girl: Vote Abella Danger: Adult Empire is running their first ever hunt for the Emp... http://t.co/xC5RJ36yv2 #alwaysaho,danger,True,19,136,11,4,8,22,False,True,True,False,2,3,4,4,2,1,18,16,13,9,5,3,3,6,10,14,16,17,0.31666666666666665,0.175,4,18
2918,danger,,"?????? FREE!!! ÛÏThis book will blow your mindÛ_Û ??????

'Suspense danger anger love and (most importantly)... http://t.co/nzN5nTPn75",danger,True,16,138,9,3,18,34,True,True,False,True,1,5,2,2,2,0,16,15,10,8,6,4,1,6,8,10,12,12,0.62,0.29625,4,16
2919,danger,"Trujillo, Peru",In my post today I talk about the dangers of interruptions. Do they annoy you?http://t.co/zh6AusFbwh,danger,True,15,100,5,1,4,17,True,True,False,False,1,3,3,0,1,0,10,9,6,3,3,2,6,9,12,12,13,13,0.0,0.0,6,15
2923,danger,,@TheElmagoo @GOPTeens @FoxNews @pattonoswalt anyone who actually plays that drinking game is in serious danger of alcohol poisoning,danger,True,18,131,8,0,4,17,False,False,False,False,1,2,1,2,2,3,15,14,12,11,9,7,4,6,7,9,11,14,0.38888888888888884,-0.24444444444444446,5,18
2926,danger,"Huntington Beach, CA",@pukesmoothie I don't understand WHY he would put us in that danger.,danger,True,12,68,4,0,2,12,False,False,False,True,2,1,2,0,1,0,8,6,5,3,3,2,6,7,9,9,10,10,0.0,0.0,4,12
2928,danger,,@mlp_Delrim Please tell my why they might be in danger if they knew what you knew?,danger,True,16,82,2,0,2,16,True,False,False,False,2,5,2,2,0,0,12,10,5,3,1,1,6,11,13,15,15,15,0.0,0.0,9,15
2930,danger,Leeds ,The Devil Wears Prada is still one of my favourite films ??,danger,False,12,59,4,0,0,13,True,False,False,False,2,0,5,0,0,0,8,6,6,1,1,1,6,6,11,11,11,11,0.0,0.0,3,12
2938,danger,,Allen West: Obama is a clear and present danger to our republic! http://t.co/GH2VKb1zu5 http://t.co/0SmhjXWcbo,danger,True,14,110,10,4,9,16,False,True,False,False,2,0,4,1,1,0,11,9,9,5,4,3,5,5,9,10,11,11,0.19166666666666665,0.05000000000000001,5,14
2940,danger,N 32å¡39' 0'' / W 97å¡16' 0'',@Fresenius  Said I put patients lives in danger and at the same time this is whats happening. Same like this is a bigger violation than PPE,danger,True,27,139,7,0,1,27,False,False,False,True,4,8,2,2,0,1,20,16,8,6,4,4,11,19,21,23,23,24,0.25,0.0,11,25
2949,danger,,@James_May_Not @aMusicVideoaDay @knelligan12 @king_ruckus There's a lot of businesses that operate on outskirts &amp; I never feel in danger,danger,True,19,140,8,2,10,18,False,False,False,False,1,2,2,1,2,0,14,13,11,9,8,6,6,8,10,11,13,13,0.0,0.0,5,19
2951,danger,"Brinscall, England",@unitedutilities not happy I received text now about #Parasite danger.I am a #transplantee &amp; #Virus can kill #kidney https://t.co/9AasSFrdP1,danger,True,19,144,8,2,11,20,False,True,True,False,3,2,3,1,1,2,16,13,11,8,7,6,6,8,11,12,13,15,1.0,-0.4,6,19
2958,dead,it was yesterday :(,my last retweet i hope i drop dead,death,False,8,34,0,0,0,7,False,False,False,False,0,4,0,0,1,0,5,5,1,1,1,0,3,7,7,7,8,8,0.23333333333333334,-0.1,3,7
2961,dead,U.S.A,Once Thought Dead Google Glass Gets a Second Coming: Though considered an epic failure according to its makers and a recent patent...,death,False,22,133,9,0,1,24,False,False,False,False,2,4,1,5,3,0,18,16,12,11,6,3,6,10,11,16,19,19,0.27,-0.08333333333333334,6,21
2962,dead,"South Carolina, USA",dead  https://t.co/ESsxzdTcQJ,death,False,3,29,5,0,4,3,False,True,False,False,0,1,0,0,0,0,2,2,1,1,1,1,1,2,2,2,2,2,0.4,-0.2,0,3
2964,dead,,'Possum problems and dead ducks. http://t.co/x6mZDBntRP,death,False,6,55,6,1,5,7,False,True,False,False,1,1,0,1,1,1,6,5,4,4,3,2,1,2,2,3,4,5,0.4,-0.2,1,6
2966,dead,"Monaghan, Ireland",I hope it's Ross &amp; not Val that's dead @emmerdale #SummerFate,death,False,11,65,5,0,6,10,False,False,True,False,2,4,1,1,0,0,10,8,4,3,2,2,3,7,8,9,9,9,0.4,-0.2,3,11
2967,dead,,???????? this the dead ass truth you pay for shit you not gone use  https://t.co/iW1sDopMvR,death,False,16,91,4,1,4,24,True,True,False,False,8,4,1,0,0,1,15,7,3,2,2,2,9,13,14,14,14,15,0.6000000000000001,-0.2,6,15
2968,dead,dancer - Peter Pan panto 2015 ,@emmerdale #SummerFate that was so intense!! Can't believe Val's dead!!????,death,False,10,75,4,0,4,17,True,False,True,False,1,1,2,0,1,0,9,8,7,5,5,4,2,3,5,5,6,6,0.7,0.0,3,10
2972,dead,,Nah @emmerdale @MikeParrActor ross ain't dead we all know he's just unconscious and your just being dramatic teases,death,False,18,115,4,0,4,17,False,False,False,False,3,7,2,1,0,1,17,14,7,5,4,4,4,11,13,14,14,15,0.5,-0.31666666666666665,8,17
2977,dead,My World,Ross better not be dead! #Emmerdale,death,False,6,35,2,0,1,6,False,False,True,False,1,1,1,1,0,0,5,4,3,2,1,1,2,3,4,5,5,5,0.45,0.125,2,6
2978,dead,65 Skelmersdale Lane,Nooooo the village hotty is dead ???????? #Emmerdale,death,False,8,52,2,0,1,15,True,False,True,False,1,1,1,1,1,1,7,6,5,4,3,2,2,3,4,5,6,7,0.4,-0.2,2,8
2979,dead,,@MikeParrActor No no no no no no I'm not believing it! Ross isn't dead! http://t.co/LvOlNtSWDZ,death,False,15,94,13,0,7,17,False,True,False,False,3,1,2,0,0,0,9,6,5,3,3,3,9,10,12,12,12,12,0.4,-0.25,8,11
2981,dead,"wolverhampton, low hill",@MikeParrActor if Ross is dead I shall never watch emmerdale again I'll be that heartbroken ??,death,False,16,94,6,0,2,17,True,False,False,False,0,4,4,0,0,0,11,11,7,3,3,3,5,9,13,13,13,13,0.4,-0.2,5,16
2985,dead,England,I don't reckon Ross is dead actually they said 'has' Pete killed his own brother Ross has survived so much to just die from that??,death,False,25,130,4,0,3,26,True,False,False,False,4,9,2,3,1,2,21,17,8,6,3,2,8,17,19,22,23,25,0.33999999999999997,0.07999999999999999,11,24
2986,dead,London,"Please tell me Ross isn't actually dead...
I hope they're just playing us until the next episode. #emmerdale",death,False,17,108,3,0,4,20,False,False,True,False,1,5,2,1,2,2,15,14,9,7,6,4,3,8,10,11,13,15,0.2,-0.1,6,17
2989,dead,Nigeria,411Naija åÈ Flood: Two people dead 60 houses destroyed in Kaduna http://t.co/yAvL49DoOF,death,False,12,87,9,7,7,12,False,True,False,False,1,1,0,4,0,1,9,8,7,7,3,3,4,5,5,9,9,10,0.4,-0.2,1,12
2994,dead,,If you're my boyfriend's ex or had any feelings for him. DONT TALK TO HIM! Don't follow him. He is dead to you. He don't exist niggah. ??????????,death,False,28,145,17,0,4,42,True,False,False,True,3,7,3,2,1,1,19,16,9,6,4,3,12,19,22,24,25,26,0.4,-0.2,12,26
2996,dead,Indiana,For everyone that doesn't know Chris Prater was struck by a train this morning and pronounced dead on scene. Prayers to his family.,death,False,23,131,4,0,1,24,False,False,False,False,4,4,2,3,4,1,19,15,11,9,6,2,8,12,14,17,21,22,0.4,-0.2,10,23
2997,dead,,@_ToneDidIt this can't be real nah ?? her mother is dead wrong ????,death,False,13,67,3,0,3,18,True,False,False,False,2,4,2,1,0,0,10,8,4,2,1,1,5,9,11,12,12,12,0.5333333333333333,-0.16666666666666666,4,13
2999,dead,bristol ,no way can ross be dead..?? #Emmerdale,death,False,7,38,1,0,1,10,True,False,True,False,2,1,0,0,0,1,5,3,2,2,2,2,4,5,5,5,5,6,0.4,-0.2,3,7
3002,dead,"Colwyn Bay, Wales",WHAT AN INCREDIBLE CHARACTER MY HEART IS BROKEN THAT HE IS ACTUALLY DEAD!! #RIPROSS WE WILL MISS YOU!  https://t.co/LgqmdnaVDf,death,False,20,126,83,0,5,23,False,True,True,True,0,5,1,2,0,2,13,13,8,7,5,5,7,12,13,15,15,17,0.5666666666666668,0.036458333333333336,0,19
3007,death,,@baeffee @RandomPelar the black death (black death whoo!),death,True,8,57,2,0,4,8,False,False,False,False,1,0,3,2,0,1,8,7,7,4,2,2,1,1,4,6,6,7,0.43333333333333335,-0.1875,1,7
3008,death,"Death City, Nevada",I liked a @YouTube video http://t.co/EVEdsU5PB0 Camp Out! | BUNK'D | Disney Channel,death,False,13,83,18,2,8,14,False,True,False,True,0,2,2,2,1,1,9,9,7,5,3,2,4,6,8,10,11,12,0.8,0.75,1,12
3017,death,United States of America,#Obama: Don't worry the 'good' Iranians are just kidding with the 'death to America' chants. The 'bad' ones are those just like Republicans.,death,True,23,140,6,0,9,24,False,False,True,False,5,5,4,2,3,2,22,17,12,8,6,3,6,11,15,17,20,22,0.6333333333333333,5.551115123125783e-17,9,20
3020,death,New York,Microsoft Xbox 360 console RRoD red ring of death AS IS FOR PARTS OR REPAIR - Full read byÛ_ http://t.co/IpQCCT5hGC http://t.co/oofPEfRh3r,death,True,21,139,36,5,12,22,False,True,False,True,3,5,3,1,1,0,16,13,8,5,4,3,8,13,16,17,18,18,0.275,0.175,1,21
3024,death,,This headache will be the death of me ??,death,True,9,40,1,0,0,10,True,False,False,False,1,2,1,0,0,1,5,4,2,1,1,1,5,7,8,8,8,9,0.0,0.0,5,9
3028,death,,@ITristonTyler CONFESSION when I was little I had a hamster and my room was so cold it froze to death!?? OOPS......,death,True,21,115,19,0,1,29,True,False,False,True,4,3,1,1,1,1,14,10,7,6,5,4,11,14,15,16,17,18,0.75,-0.46875,10,19
3031,death,,This wall is going to be the death of me...due to the years of water leaks and lack of maintenanceÛ_ https://t.co/PVd2fYBa0q,death,True,21,125,5,2,7,24,False,True,False,False,3,3,5,0,0,1,14,11,8,3,3,3,10,13,18,18,18,19,0.0,0.0,11,17
3032,death,,The Iran Deal Will Result In Terrorism And Death | Truth Revolt http://t.co/xrG0FacL6T,death,True,13,86,15,2,5,13,False,True,False,False,2,3,2,2,0,0,11,9,6,4,2,2,4,7,9,11,11,11,0.0,0.0,0,13
3033,death,,@swearyG It looks like the death star,death,True,7,37,2,0,1,6,False,False,False,False,1,2,2,0,0,1,6,5,3,1,1,1,2,4,6,6,6,7,0.0,0.0,1,7
3035,death,,death is the only certainty in life,death,True,7,35,0,0,0,6,False,False,False,False,1,2,1,0,0,0,5,4,2,1,1,1,3,5,6,6,6,6,1.0,0.0,4,7
3040,death,,A single death is a tradery many deaths is statistics.,death,True,10,54,1,0,0,10,False,False,False,False,0,1,1,2,1,0,6,6,5,4,2,1,4,5,6,8,9,9,0.35714285714285715,0.2142857142857143,3,9
3041,death,"Manchester,England",#Spirituality - Born Again-Spiritual Awakening And Near Death Experiences http://t.co/Z0UGKqi6kM @Charlesfrize @Frizemedia @Dynamicfrize,death,True,13,136,17,2,10,13,False,True,True,False,1,2,1,0,0,0,12,11,9,8,8,8,2,4,5,5,5,5,0.4,0.1,0,13
3046,death,,@Kaay_Paat it's actually death and takes way longer than you'd think,death,True,11,68,2,0,4,10,False,False,False,False,2,2,4,1,0,1,11,9,7,3,2,2,2,4,8,9,9,10,0.1,0.0,4,11
3050,death,,of all days when I look like death I have to see all of mo city in chick fil a today ??,death,True,22,87,2,0,0,23,True,False,False,False,4,6,3,0,0,0,13,9,3,0,0,0,13,19,22,22,22,22,0.0,0.0,9,19
3063,deaths,Does it really matter!,Deaths 2 http://t.co/4A1fSwePpg,death,True,3,31,4,3,4,3,False,True,False,False,0,0,0,1,0,0,2,2,2,2,1,1,1,1,1,2,2,2,0.0,0.0,0,3
3065,deaths,In my baby with pie,@betrayedhunter reading he paused as he came across a couple of deaths and began to read deeper into it.,death,True,19,104,0,0,1,19,False,False,False,False,2,3,1,5,1,0,13,11,8,7,2,1,8,11,12,17,18,18,0.0,0.0,9,18
3067,deaths,Does it really matter!,Deaths 5 http://t.co/0RtxTT11jj,death,True,3,31,4,4,4,3,False,True,False,False,0,0,0,1,0,0,2,2,2,2,1,1,1,1,1,2,2,2,0.0,0.0,0,3
3069,deaths,"Kampala, Uganda",Bigamist and his 'first' wife are charged in the deaths of his 'second' pregnant wife her child 8 her motherÛ_ http://t.co/t5HwUnjK7g,death,True,21,134,4,3,11,21,False,True,False,False,7,2,1,1,2,3,18,11,9,8,7,5,10,12,13,14,16,19,0.27777777777777773,0.19444444444444442,9,18
3076,deaths,ICO Arkansas,HEALTH FACT: Women account for 39% of smoking deaths. http://t.co/fSx2H9XAkI,death,True,10,76,16,4,6,11,False,True,False,True,2,0,2,1,3,0,9,7,7,5,4,1,3,3,5,6,9,9,0.0,0.0,2,10
3078,deaths,"Prague, CZ, the Planet of Fans",@1outside in the series the deaths seemed one right after another but in the book it seems a month or more will pass after the death of Liz,death,True,28,139,1,1,1,27,False,False,False,False,7,4,6,3,1,0,22,15,11,5,2,1,13,17,23,26,27,27,0.5178571428571428,0.39285714285714285,15,23
3081,deaths,,@tim55081 @BootlegAlbano @ShaunKing I know. He profits off the deaths of the people he claims to be fighting for. He makes me sick.,death,True,23,131,7,5,3,25,False,False,False,False,3,1,3,3,1,1,15,12,11,8,5,4,11,12,15,18,19,20,0.8571428571428571,-0.7142857142857143,9,21
3087,deaths,UAE,@mohammedzismail because there was more deaths by regular gunsmissilesbombs and what not warfare than the A-bombs used in A war.,death,True,20,128,2,0,2,20,False,False,False,False,4,5,1,1,4,0,17,13,8,7,6,2,7,12,13,14,18,18,0.28846153846153844,0.25,11,20
3088,deaths,"Georgetown,Guyana",Infections driving up neonatal deaths ÛÒ Health Minister #Guyana http://t.co/ImugNXrEBN,death,True,10,88,10,0,8,10,False,True,True,True,1,0,0,2,2,2,9,8,8,8,6,4,2,2,2,4,6,8,0.0,0.0,1,10
3094,deaths,,Bigamist and his Û÷firstÛª wife are charged in the deaths of his Û÷secondÛª pregnant wife her child 8 her mother her nephew 1 and their uÛ_,death,True,26,144,1,2,15,25,False,False,False,False,9,3,2,3,1,2,22,13,10,8,5,4,13,16,18,21,22,24,0.5,0.3333333333333333,12,21
3096,deaths,"Elko, Nevada",MSHA stepping up enforcement after mining deaths: http://t.co/4HM34lrUER via @elkodaily,death,True,10,87,9,3,6,10,False,True,False,True,1,1,1,1,1,1,9,8,7,6,5,4,2,3,4,5,6,7,0.0,0.0,2,10
3098,deaths,Also follow ?,Bigamist and his 'first' wife are charged in the deaths of his 'second' pregnant wife her child 8 her mothe... http://t.co/RH15gGSgQG,death,True,21,133,7,3,8,24,False,True,False,False,7,2,1,1,2,4,18,11,9,8,7,5,10,12,13,14,16,20,0.27777777777777773,0.19444444444444442,9,18
3103,debris,Seattle,Is a wing part enough to solve the MH370 mystery?: http://t.co/ys2bveKlxK,debris,False,11,73,5,4,5,12,True,True,False,True,1,2,2,1,0,0,8,7,5,3,2,2,4,6,8,9,9,9,0.5,0.0,3,11
3110,debris,Canada,Debris Found in Indian Ocean could be Malaysia Flight 370! http://t.co/VUoJPrKUAX,debris,True,11,81,14,3,4,12,False,True,False,False,0,1,3,3,0,1,9,9,8,5,2,2,2,3,6,9,9,10,0.0,0.0,2,11
3113,debris,Rochester Minnesota,BBC News - MH370: Reunion debris is from missing Malaysia flight http://t.co/bze47fzKUd,debris,True,12,87,10,5,6,12,False,True,False,True,1,2,0,3,2,1,10,9,7,7,4,2,3,5,5,8,10,11,0.05,-0.2,2,12
3121,debris,,#news Island Wreckage Is From Missing Malaysian Jet: Officials: Debris found on Reunion Island is from flight ... http://t.co/kRvUmMtVY2,debris,True,19,136,16,1,7,22,False,True,True,False,1,3,2,4,2,1,16,15,12,10,6,4,4,7,9,13,15,16,0.05,-0.2,3,18
3127,debris,Eastbourne East Sussex ,Hopefully this will bring some closure for the families #MH370: Malaysian PM confirms debris is from missing flight http://t.co/2963y36LdF,debris,True,19,138,8,9,6,19,False,True,True,True,2,4,1,2,3,2,17,15,11,10,8,5,4,8,9,11,14,16,0.05,-0.2,7,19
3128,debris,,RÌ©union Debris Is Almost Surely From Flight 370 Officials Say http://t.co/hJ1BX8Bgu1,debris,True,11,85,13,6,6,11,False,True,False,False,2,1,0,4,0,1,10,8,7,7,3,3,3,4,4,8,8,9,0.8888888888888888,0.5,0,11
3129,debris,UK.,#AUS Aircraft debris found on island is from MH370 Malaysia confirms http://t.co/1zFGk9ET5v #abc,debris,True,13,96,11,6,6,13,False,True,True,True,0,3,2,2,0,3,11,11,8,6,4,4,2,5,7,9,9,12,0.0,0.0,3,13
3135,debris,,#?? #?? #??? #??? MH370: Aircraft debris found on La Reunion is from missing Malaysia Airlines ...  http://t.co/ykLruIMIsD,debris,True,19,122,12,3,9,32,True,True,True,True,3,3,1,2,2,3,15,12,9,8,6,4,7,10,11,13,15,18,0.05,-0.2,3,17
3143,debris,,With authorities ???increasingly confident??? the airplane debris recovered Wednesday comes from MH370 official analysis is set to begin,debris,True,18,136,4,3,0,23,True,False,False,True,2,2,3,1,0,3,16,14,12,9,8,8,4,6,9,10,10,13,0.8333333333333334,0.5,4,18
3146,debris,"Calabasas, CA",Investigators: Plane Debris Is 'Conclusively' From MH370 http://t.co/uKOZWID5k3 #gadgets #tech,debris,True,10,94,14,5,9,10,False,True,True,True,0,1,3,1,0,1,9,9,8,5,4,4,1,2,5,6,6,7,0.0,0.0,0,10
3148,debris,World,Top story: MH370: Reunion debris is from missing plane - BBC News http://t.co/jasWg2MwIi see more http://t.co/qgk64YPN13,debris,True,16,120,14,8,11,17,False,True,False,True,3,3,1,3,2,0,14,11,8,7,4,2,5,8,9,12,14,14,0.35000000000000003,0.26666666666666666,3,16
3149,debris,"New York, NY",Per Malaysia's PM 'this piece of debris ... is conclusively a part from the wing of #MH370.' More right now http://t.co/Bd3ik4oz2r,debris,True,21,130,8,6,8,25,False,True,True,True,4,4,3,1,0,1,16,12,8,5,4,4,9,13,16,17,17,18,0.5178571428571428,0.39285714285714285,7,20
3151,debris,"Bristol, UK",Interesting MH370: Aircraft debris found on La Reunion is from missing Malaysia Airlines ... - ABC O... http://t.co/q0OjWnY4Kc Please RT,debris,True,20,136,19,5,6,26,False,True,False,True,2,2,1,3,2,3,15,13,11,10,7,5,7,9,10,13,15,18,0.275,0.15,3,20
3156,deluge,Montana,RMT is playing Jackson Browne - Before the Deluge [Listeners: 2/100] [Requests are: On],deluge,True,14,87,10,4,8,13,False,False,False,True,3,1,0,4,2,0,12,9,8,8,4,2,5,6,6,10,12,12,0.0,0.0,3,14
3160,deluge,,ÛÏ@Liquidslap Name Ja Rule's best song.Û &lt;-- My guess is a song I've never heard because nothing I have heard could possibly be a candidate.,deluge,False,25,146,7,0,13,26,False,False,False,False,0,5,5,2,2,2,18,18,13,8,6,4,7,12,17,19,21,23,0.65,0.5,6,23
3164,deluge,South Wairarapa/Wellington ,@We3forDemocracy it already happens. ABs and rowers tweeting support for Nats last year and the deluge of celeb endorsements for Obama in 08,deluge,True,23,140,6,3,1,23,False,False,False,False,6,3,2,2,2,2,19,13,10,8,6,4,10,13,15,17,19,21,0.06666666666666667,0.0,8,21
3169,deluge,"Sydney, Australia",@CIOstrategyAU - As applicable to business as to warfare: 'battles of the future will be decided by #data' https://t.co/CIQsKWgdjj,deluge,False,19,130,11,0,10,19,False,True,True,False,1,1,0,2,1,3,11,10,9,9,7,6,9,10,10,12,13,16,0.125,0.0,8,18
3178,deluge,"Hartford, CT",Euro Ensembles much more optimistic for the weekend even though their operational counterpart is a deluge!,deluge,True,16,106,2,0,0,16,False,False,False,False,2,4,1,1,2,0,14,12,8,7,6,4,4,8,9,10,12,12,0.5,0.625,6,16
3187,deluge,"West Powelton, Philadelphia",I'm havin previous life flashbacks of when i lived in Weimar Berlin. the hustlin life on Unter der Linden before the deluge.,deluge,True,22,124,5,0,1,23,False,False,False,False,4,3,3,3,3,1,18,14,11,8,5,2,8,11,14,17,20,21,0.16666666666666666,-0.16666666666666666,8,20
3194,deluge,"Los Angeles, CA",#BigData Deluge is out! http://t.co/khatZh7agZ,deluge,True,5,46,5,1,5,6,False,True,True,False,0,1,0,1,0,1,4,4,3,3,2,2,1,2,2,3,3,4,0.0,0.0,2,5
3202,deluge,Republic of Harper ,A decade-long billion-dollar deluge of 'messages' from the government of Canada. #HarpersLegacy,deluge,True,12,95,4,0,5,12,False,False,True,False,1,1,0,1,1,0,9,8,7,7,6,5,4,5,5,6,7,7,0.0,0.0,4,11
3203,deluged,Liverpool,Do you feel deluged by unhappiness? Take the quiz: http://t.co/blBVVpbw2z http://t.co/05qooc9CbR,deluge,True,11,96,7,4,9,13,True,True,False,False,2,2,1,0,1,0,9,7,5,4,4,3,4,6,7,7,8,8,0.0,0.0,3,11
3204,deluged,Newcastle,Why are you deluged with low self-image? Take the quiz: http://t.co/JCaGECQFH2 http://t.co/nH313ADkz4,deluge,True,12,101,13,5,10,14,True,True,False,False,5,2,1,0,1,0,12,7,5,4,4,3,5,7,8,8,9,9,0.3,0.0,4,12
3206,deluged,"Toronto, Canada",thousands displaced as houses &amp; roads deluged by floodwater after week of persistent rains. #floods #climate #cdnpoli http://t.co/4WeDZRSWbn,deluge,True,18,144,6,1,9,19,False,True,True,False,0,1,3,2,2,2,15,15,14,11,9,7,3,4,7,9,11,13,0.0,0.0,4,18
3207,deluged,,Businesses are deluged with invoices. Make yours stand out with colour or shape anq it's likely to rise to the top of the pay' pile.,deluge,True,25,132,2,0,2,26,False,False,False,False,6,6,4,2,1,0,21,15,9,5,3,2,10,16,20,22,23,23,0.75,0.25,12,22
3208,deluged,Aragua,Businesses are deluged with invoices. Make yours stand out with colour or shape and it's likkly to rise to the top os the pay' pile.,deluge,True,25,132,2,0,2,26,False,False,False,False,6,6,4,2,1,0,21,15,9,5,3,2,10,16,20,22,23,23,0.5,0.5,12,22
3209,deluged,'schland,Police are still searching for two people after rain and mud deluged the western town of TetovoÛ_ http://t.co/XPhZ3GoUhR #Deutsche #Sprache,deluge,True,20,140,10,1,9,20,False,True,True,False,6,2,2,2,2,1,19,13,11,9,7,5,7,9,11,13,15,16,0.0,0.0,6,20
3213,deluged,,Businesses cre deluged with invoices. Make yours stand out with colour or shape and it's likely to rise to the top of the pay' cile.,deluge,True,25,132,2,0,2,26,False,False,False,False,6,6,4,2,1,0,21,15,9,5,3,2,10,16,20,22,23,23,0.75,0.25,12,22
3214,deluged,,Watching Deluged by Data #doczone while on my IPad..... #CBC,deluge,True,10,60,8,0,2,14,False,False,True,True,0,2,1,0,1,2,7,7,5,4,4,3,3,5,6,6,7,9,0.0,0.0,4,10
3215,deluged,,Businesses are deluged with invoices. Make your. stand out with colour or shape and it's likely to rise to the top of che pay' pile.,deluge,True,25,132,2,0,2,27,False,False,False,False,6,6,4,2,1,0,21,15,9,5,3,2,10,16,20,22,23,23,0.75,0.25,12,23
3220,deluged,,Businesses are deluged with invoices. Make yours.stand out with colour or shape and it's likely to rise to the top of the pay' pipe.,deluge,True,24,132,2,0,2,26,False,False,False,False,6,6,2,2,1,0,20,14,8,6,4,3,10,16,18,20,21,21,0.75,0.25,12,21
3223,deluged,Coventry,Do you feel deluged by unhappiness? Take the quiz: http://t.co/XUyfZkZ4k0 http://t.co/YupKvDIh8m,deluge,True,11,96,10,3,9,13,True,True,False,False,2,2,1,0,1,0,9,7,5,4,4,3,4,6,7,7,8,8,0.0,0.0,3,11
3224,deluged,,Businesses a e deluged with invoices. Make yours standwout with colour or shape and it's likely to rise to the top of the pay' pile.,deluge,True,25,132,2,0,2,26,False,False,False,False,4,6,3,2,1,0,19,15,9,6,4,3,10,16,19,21,22,22,0.75,0.25,12,22
3226,deluged,,Businesses are deluged with invoicesx Make yours stand ou. with colour or shape and it's likely to rise to the top of the pay' pile.,deluge,True,25,132,2,0,2,26,False,False,False,False,6,6,4,2,1,0,21,15,9,5,3,2,10,16,20,22,23,23,0.75,0.25,12,22
3228,deluged,"Venice, Sweden",My brain is deluged; with only your thoughts,deluge,True,8,44,1,0,1,7,False,False,False,False,0,3,1,0,0,2,6,6,3,2,2,2,2,5,6,6,6,8,1.0,0.0,4,8
3230,deluged,,Businesses are deluged with invoices. Make yours stand out with .olour or share and it's likely to rise to the top of the pay' pile.,deluge,True,25,132,2,0,2,27,False,False,False,False,6,6,4,2,1,0,21,15,9,5,3,2,10,16,20,22,23,23,0.75,0.25,13,22
3232,deluged,,Businesses are deluged with invoicew. Make yours stand out with colouj or shape and it's likely to rise to the top of the pay' pile.,deluge,True,25,132,2,0,2,26,False,False,False,False,6,6,4,2,1,0,21,15,9,5,3,2,10,16,20,22,23,23,0.75,0.25,13,22
3233,deluged,,Businesses are deluged with invoices. Make yours stand out with colour or shape and it's  ikely to rise to the to. of the pay' pile.,deluge,True,26,132,2,0,2,28,False,False,False,False,6,6,5,1,1,0,21,15,9,4,3,2,11,17,22,23,24,24,0.0,0.0,14,23
3234,deluged,Camberville (Bostonish),I can't believe it never occurred to me that I could *not* be deluged with Kickstarter emails.,deluge,True,17,94,3,0,3,17,False,False,False,False,0,2,4,0,3,1,11,11,9,5,5,2,6,8,12,12,15,16,0.0,0.0,6,16
3238,deluged,,Businesses are deluged with ivoices. Make yours stand out with colour or shape and it's likely to ris; to the top of the pay' pile.,deluge,True,25,131,2,0,3,26,False,False,False,False,6,6,4,2,1,1,21,15,9,5,3,2,10,16,20,22,23,24,0.75,0.25,13,22
3246,deluged,"New York, NY",Is Facebook being deluged by friending spam the last few days or is someone targeting me for some reason?,deluge,True,19,105,2,0,0,19,True,False,False,False,3,4,1,0,3,1,14,11,7,6,6,3,8,12,13,13,16,17,0.08333333333333334,-0.1,9,19
3247,deluged,hyderabad,Glimpses: &lt;b&gt;Hyderabad&lt;/b&gt; deluged by heavy rainfall: HYDERABAD: With flood waters headingÛ_ http://t.co/TWFWTxZ2dS,deluge,True,12,128,19,1,19,12,False,True,False,True,0,1,2,1,1,0,11,11,10,8,7,6,1,2,4,5,6,6,0.5,-0.2,1,12
3250,deluged,Austin,"deluged dismay so
soon surrendered summer drought
descending disturbed

#sunrise#haiku #poetry #wimberley #atx#smtx http://t.co/z9FDebg5Fm",deluge,True,11,138,3,2,14,11,False,True,True,False,0,0,0,2,3,0,11,11,11,11,9,6,0,0,0,2,5,5,0.0,0.0,1,11
3251,deluged,,The horror community is deluged with cruddy ostensibly macabre photography. Don't contribute to the pandemic.,deluge,True,15,109,2,0,1,16,False,False,False,False,2,1,1,2,2,0,13,11,10,9,7,5,4,5,6,8,10,10,0.9,-0.9,4,15
3254,demolish,"Nr Great Missenden, Bucks",Barton-Le-Clay house owner told to demolish extension - BBC News http://t.co/inxvExrsyV,demolish,True,11,87,9,0,7,11,False,True,False,True,1,2,2,0,0,1,9,8,6,4,4,4,3,5,7,7,7,8,0.0,0.0,1,11
3257,demolish,USA,"RT AbbsWinston: #Zionist #Terrorist Demolish Tire Repair Shop Structure in #Bethlehem
http://t.co/Om3ntQIh2m http://t.co/6SAS3fuahA",demolish,True,12,131,19,4,13,13,False,True,True,False,0,2,0,1,0,2,10,10,8,8,7,7,2,4,4,5,5,7,0.0,0.0,1,12
3258,demolish,"Southend-on-Sea, England",Salvation Army bid to demolish cottages http://t.co/3kuXonOchl #Southend http://t.co/enQaSCGFyw,demolish,True,9,95,10,1,9,10,False,True,True,False,1,1,0,0,0,2,8,7,6,6,6,6,2,3,3,3,3,5,0.0,0.0,1,9
3261,demolish,Lagos,Enugu Government to demolish illegal structures at International Conference Centre http://t.co/9Hq5miwXFU,demolish,True,11,105,9,2,4,11,False,True,False,False,0,0,1,1,1,1,9,9,9,8,7,6,2,2,3,4,5,6,0.25,-0.25,2,11
3267,demolish,"Tulsa, OK",Contractor hired to demolish Goodrich plant in Miami files for bankruptcy - Tulsa World: Manufacturing http://t.co/uk7YwsvMgA,demolish,True,16,125,9,1,6,16,False,True,False,False,1,0,5,1,0,2,13,12,12,7,6,6,4,4,9,10,10,12,0.0,0.0,3,16
3268,demolish,Global,Enugu Government to demolish illegal structures at International Conference Centre: Enugu State government app... http://t.co/bzINn2wXHu,demolish,True,15,136,11,1,5,18,False,True,False,False,0,0,3,1,2,1,13,13,13,10,9,7,2,2,5,6,8,9,0.25,-0.25,2,14
3269,demolish,"Abuja, Nigeria",'I will demolish your head' 'you are all corrupt' 'i will vandalise your head' - Aliyu Mani #SecSchoolInNigeria,demolish,True,18,111,7,0,8,17,False,False,True,False,2,6,3,0,0,2,15,13,7,4,4,4,5,11,14,14,14,16,1.0,-0.5,6,15
3271,demolish,,"Listen to @AnaKasparian demolish the case against Planned Parenthood!!
*whiny voice* 'I just really love aboooooortiooooonnnnns.' #DefundPP",demolish,True,16,139,9,0,7,18,False,False,True,False,1,3,0,3,2,1,14,13,10,10,7,5,3,6,6,9,11,12,0.6,0.5,4,16
3272,demolish,"St. Louis, MO",Hope someone buys it! Former post office in Napa now for sale http://t.co/2ZeV1Zyttg #preservation,demolish,False,14,98,6,2,5,15,False,True,True,False,3,5,0,2,1,0,13,10,5,5,3,2,4,9,9,11,12,12,0.0,0.0,4,14
3273,demolish,,We're about to demolish the other team right after we eat this pizza. We don't need no fitness- Ashton Irwin #MTVHottest 5SOS #5sosquotes,demolish,True,23,137,11,2,5,23,False,False,True,True,2,4,7,2,0,2,19,17,13,6,4,4,6,10,17,19,19,21,0.45535714285714285,0.08035714285714285,9,23
3279,demolish,,Trying to get higher in the bathroom at work with my pen b4 I go and demolish my food ??????,demolish,True,20,92,2,1,0,25,True,False,False,False,4,3,0,3,0,2,12,8,5,5,2,2,12,15,15,18,18,20,0.5,0.25,8,19
3290,demolish,The North,5000 year old ring fort to be demolished http://t.co/kNLZfC8QSl,demolish,True,9,63,6,5,4,9,False,True,False,False,1,4,0,0,0,0,7,6,2,2,2,2,3,7,7,7,7,7,0.2,0.1,2,9
3291,demolish,,Enugu Government to demolish illegal structures at International Conference Centre http://t.co/bq67uDctjc RT,demolish,True,12,108,8,2,4,12,False,True,False,False,0,0,1,1,1,1,9,9,9,8,7,6,3,3,4,5,6,7,0.25,-0.25,2,12
3293,demolish,"Garland, Texas",Economic Wisdom ÛÒ Great Economists Demolish Establishment Nonsense http://t.co/H8NKtqU5O9 The Case for #Logic and #Reason,demolish,True,15,123,16,3,9,15,False,True,True,True,4,1,1,2,1,3,15,11,10,9,7,6,4,5,6,8,9,12,0.475,0.5,2,15
3294,demolish,,No Shane I'm sorry you are wrong. You were propagating that an all out attack would demolish England #reversal,demolish,True,19,110,5,0,2,19,False,False,True,False,6,2,3,2,1,1,17,11,9,6,4,3,8,10,13,15,16,17,0.95,-0.5,7,19
3298,demolish,,I promise you @WinningWhit and I could assemble a team to demolish this. https://t.co/RN2MdghfO1,demolish,True,14,96,8,2,5,15,False,True,False,False,2,1,2,0,1,2,10,8,7,5,5,4,6,7,9,9,10,12,0.0,0.0,5,13
3305,demolished,Canada,A demolished Palestinian village comes back to life http://t.co/Jsf5OFB3m6 via @wagingnv http://t.co/Hskd5MUosM,demolish,True,12,111,10,4,9,13,False,True,False,False,1,2,1,0,1,0,10,9,7,6,6,5,3,5,6,6,7,7,0.0,0.0,1,12
3306,demolished,Your Backyard,Historical Bigfoot Landmark Soon To Be Demolished: The Bluff Creek Resort Store pictured above in 1976 was t... http://t.co/TW0SEv1N6C,demolish,True,19,134,18,7,5,22,False,True,False,False,2,3,4,1,1,2,16,14,11,7,6,5,5,8,12,13,14,16,0.05,0.0,4,19
3307,demolished,,"Big Papi just demolished that ball. 

#BOSvsNYY",demolish,True,7,47,8,0,3,7,False,False,True,False,1,3,1,0,0,0,7,6,3,2,2,2,1,4,5,5,5,5,0.1,0.0,2,7
3310,demolished,????,It was finally demolished in the spring of 2013 and the property has sat vacant since. The justÛ_: saddlebrooke... http://t.co/7FOnHQtlyv,demolish,True,20,138,6,5,8,24,False,True,False,False,7,1,0,3,1,2,17,10,9,9,6,5,10,11,11,14,15,17,1.0,0.0,7,19
3313,demolished,HTX iNNeRvErSe,#BananaLivesMatter ... but not more than #HotepLivesMatter thats why ya girl Hotepina just demolished two bananas in 13 seconds flat,demolish,True,20,132,7,2,2,22,False,False,True,False,5,5,1,0,2,1,17,12,7,6,6,4,8,13,14,14,16,17,0.3125,-0.1375,7,20
3314,demolished,??????,It was finally demolished in the spring of 2013 and the property has sat vacant since. The justÛ_: saddlebrooke... http://t.co/MDKV7c3el4,demolish,True,20,138,6,7,8,24,False,True,False,False,7,1,0,3,1,2,17,10,9,9,6,5,10,11,11,14,15,17,1.0,0.0,7,19
3315,demolished,"Pridelands, IN",She literally demolished my nap time.,demolish,True,6,37,1,0,0,6,False,False,False,False,2,0,1,0,0,0,5,3,3,2,2,2,3,3,4,4,4,4,0.0,0.0,1,6
3316,demolished,,I got my wisdom teeth out yesterday and I just demolished a whole bowl of chicken Alfredo like its nothing...,demolish,True,20,109,3,0,0,22,False,False,False,False,4,3,2,1,2,0,15,11,8,6,5,3,9,12,14,15,17,17,0.675,-0.19999999999999998,7,19
3321,demolished,"Paterson, New Jersey ",@Ramdog1980 Israeli soldiers demolished a residential shed and a barn. Soldiers also demolished a shed in Beit Kahel northwest of Hebron.,demolish,True,21,137,6,4,1,22,False,False,False,False,1,4,2,0,2,2,16,15,11,9,9,7,6,10,12,12,14,16,0.0,0.0,6,17
3325,demolished,"Connecticut, USA",Starting a GoFundMe page for a new set of rims since i demolished mine last night #helpabrotherout,demolish,True,17,98,4,0,1,16,False,False,True,False,3,4,2,0,0,2,13,10,6,4,4,4,7,11,13,13,13,15,0.20707070707070707,0.04545454545454545,5,16
3326,demolished,,I really demolished it,demolish,True,4,22,1,0,0,3,False,False,False,False,0,0,0,1,0,0,2,2,2,2,1,1,2,2,2,3,3,3,0.2,0.2,1,4
3327,demolished,Ankeny,They demolished one of my favorite restaurants to put in a Chik Fil A. I hope no one goes there. I hope it tanks.,demolish,True,24,113,6,0,0,26,False,False,False,False,4,5,0,2,0,1,14,10,5,5,3,3,14,19,19,21,21,22,1.0,0.5,8,21
3330,demolished,"Paterson, New Jersey ",Six Palestinians Kidnapped in West Bank Hebron Home Demolished - International Middle East Media Center http://t.co/J9UzIIQ3PX,demolish,True,16,126,20,2,5,16,False,True,False,False,1,4,1,3,0,0,14,13,9,8,5,5,3,7,8,11,11,11,0.03333333333333333,-0.03333333333333333,1,16
3331,demolished,India,Uttarakhand: Journalist's house demolished who exposed corruption - Oneindia http://t.co/Ro1aWWuDYE,demolish,True,10,99,9,1,7,10,False,True,False,False,1,0,1,0,1,1,9,8,8,7,7,6,2,2,3,3,4,5,0.0,0.0,1,10
3332,demolished,Hiding in a cardboard box.,"@ILoveNuiHarime More than that.
Demolished.",demolish,True,4,43,6,0,2,5,False,False,False,False,0,2,0,0,0,0,4,4,2,2,2,2,0,2,2,2,2,2,0.5,0.5,2,4
3333,demolished,Melbourne VIC Australia,Before &amp; After #underconstruction #demolished #Melbourne #Residential #commercial #builder #luxuryhomes #townhouses ?? http://t.co/6iD7CZvMEd,demolish,True,13,145,9,2,14,15,True,True,True,False,0,0,2,1,0,1,12,12,12,10,9,9,1,1,3,4,4,5,0.0,0.0,0,13
3343,demolished,"Bolton, England",@OpTic_DKarma dude they demolished you!,demolish,True,5,39,4,0,2,5,False,False,False,False,0,3,0,0,0,0,5,5,2,2,2,2,0,3,3,3,3,3,0.0,0.0,2,5
3344,demolished,,@danisnotonfire can you fix the 528472 chargers i've demolished,demolish,True,9,63,0,6,2,8,False,False,False,False,4,1,0,1,0,1,9,5,4,4,3,3,4,5,5,6,6,7,0.0,0.0,4,9
3348,demolished,Connecticut,That ball was fucking demolished,demolish,True,5,32,1,0,0,4,False,False,False,False,1,2,0,0,1,0,5,4,2,2,2,1,1,3,3,3,4,4,0.8,-0.6,1,5
3349,demolished,???????????,It was finally demolished in the spring of 2013 and the property has sat vacant since. The justÛ_: saddlebrooke... http://t.co/bd5B5yffyb,demolish,True,20,138,3,6,8,24,False,True,False,False,7,1,0,3,1,2,17,10,9,9,6,5,10,11,11,14,15,17,1.0,0.0,7,19
3350,demolished,,@who_mikejoness I hate seeing the boy get fucking demolished like this,demolish,True,11,70,1,0,2,10,False,False,False,False,3,3,0,1,1,0,10,7,4,4,3,2,4,7,7,8,9,9,0.8500000000000001,-0.7,2,11
3352,demolished,,i try n eat healthy but seriously it's like my arms move by themselves n before i know it I've demolished an entire fridge,demolish,True,24,122,1,0,2,23,False,False,False,False,3,6,0,3,1,0,16,13,7,7,4,3,11,17,17,20,21,21,0.5972222222222222,0.05555555555555556,10,22
3353,demolition,Ohio,Real-life 'Up' house set to be saved from demolition by charity http://t.co/rdD5Fe1qyJ,demolish,False,12,86,5,2,7,12,False,True,False,False,1,2,2,0,1,0,9,8,6,4,4,3,4,6,8,8,9,9,0.0,0.0,4,12
3354,demolition,TO YOUR CHOSEN DESTINATION,http://t.co/AAffnDCDNq Draw Day Demolition: Daily football selection service that consis... http://t.co/wMu2VUNCKe http://t.co/7K9Rczd2O6,demolish,False,12,137,19,5,13,17,False,True,False,False,1,2,1,0,1,1,12,11,9,8,8,7,1,3,4,4,5,6,0.0,0.0,1,12
3358,demolition,"San Diego, CA",De-watering demolition defends against flooding http://t.co/dTO0ULjxn3,demolish,False,6,70,5,2,5,6,False,True,False,False,0,0,0,0,2,1,6,6,6,6,6,4,0,0,0,0,2,3,0.0,0.0,1,6
3360,demolition,,"#Muslim cemetery demolition infuriates cultural groups in #Israel 

http://t.co/vpLZKUidz2",demolish,False,9,90,6,1,8,9,False,True,True,False,0,0,0,1,2,2,8,8,8,8,7,5,1,1,1,2,4,6,0.1,0.1,1,9
3366,demolition,"Carthage, OH",WOW!!! What a show at the Carthage Auto Parts Celebrity Demolition Derby!  Thanks to all the celebrities for putting on such a great event!!,demolish,False,25,140,11,0,0,30,False,False,False,True,4,4,2,3,2,1,19,15,11,9,6,4,10,14,16,19,21,22,0.6125,0.36103515625,10,23
3371,demolition,cyberspace,Canberra's Currong Apartments marked for demolition in September http://t.co/ZyRR8DzJx6,demolish,False,9,87,9,2,5,9,False,True,False,False,1,0,0,1,1,0,8,7,7,7,6,5,2,2,2,3,4,4,0.6,0.1,2,9
3374,demolition,,General News Û¢åÊ'Demolition of houses on waterways begins at Achimota Mile 7 ' via @233liveOnline. Full story at http://t.co/iO7kUUg1uq,demolish,False,19,137,10,6,12,20,False,True,False,False,1,3,1,2,1,1,13,12,9,8,6,5,7,10,11,13,14,15,0.525,0.2,4,18
3375,demolition,"Indianapolis, IN",Buzzing: Billy Joel Brings Down the House for Final Show at New YorkÛªs Nassau ColiseumÛ_ http://t.co/Xj3ASw5Okj http://t.co/Epca4OXAq2,demolish,False,17,137,20,4,15,18,False,True,False,False,3,3,3,2,0,2,16,13,10,7,5,5,4,7,10,12,12,14,0.5811447811447812,-0.006397306397306411,3,17
3378,demolition,"New York, New York",Demolition Means Progress: Flint Michigan and the Fate of the American Metropolis Highsmith https://t.co/fj7p8A1hvM,demolish,False,14,115,11,3,5,14,False,True,False,False,3,1,2,0,0,2,13,10,9,7,7,7,4,5,7,7,7,9,0.0,0.0,4,13
3382,demolition,Southern California,Seattle's demolition-dodging 'Up' house to live on as affordable housing http://t.co/krGNNXj2sA,demolish,False,11,95,7,1,8,11,False,True,False,False,0,2,1,0,1,0,8,8,6,5,5,4,3,5,6,6,7,7,0.5,0.13636363636363635,3,11
3384,demolition,,@Johnny_Detroit Tag Team for me was Demolition.  Awesome intro song scary looking and just destroyed there opponents.,demolish,False,18,117,6,0,2,19,False,False,False,False,4,3,3,0,2,0,16,12,9,6,6,4,6,9,12,12,14,14,1.0,0.25,6,18
3385,demolition,,Problem motel nears demolition http://t.co/fKx4IH7kM1 http://t.co/n8VcxGyhQ8,demolish,False,6,76,8,5,8,7,False,True,False,False,0,0,2,0,1,0,6,6,6,4,4,3,0,0,2,2,3,3,0.0,0.0,0,6
3386,demolition,"Tennessee, USA",The only demolition 2 be done by Christians is the putting away or throwing out of the flesh &amp; sin - personally. #IntheSpiritWeBuild 2gether,demolish,False,24,144,6,2,4,24,False,False,True,False,5,3,2,0,2,1,17,12,9,7,7,5,12,15,17,17,19,20,0.65,0.0,9,23
3392,demolition,,Photo: mothernaturenetwork: SeattleÛªs demolition-dodging Û÷UpÛª house to live on as affordable housing But... http://t.co/szG0HsNJEw,demolish,False,14,136,9,1,16,17,False,True,False,False,0,1,1,2,1,1,11,11,10,9,7,6,3,4,5,7,8,9,0.5,0.13636363636363635,3,14
3399,demolition,Wherever the #Sooners are,Demolition underway on @OU_Football stadium project. Stay updated throughout at http://t.co/ju09z2y7g0 http://t.co/UP0hOCgGrj,demolish,False,12,125,10,6,10,14,False,True,False,False,0,1,0,0,2,2,10,10,9,9,9,7,2,3,3,3,5,7,0.0,0.0,2,12
3407,derail, Road to the Billionaires Club,@Hajirah_ GM! I pray any attack of the enemy 2 derail ur destiny is blocked by the Lord &amp; that He floods ur life w/heavenly Blessings,derail,True,26,137,7,1,5,26,False,False,False,True,4,4,2,3,2,0,18,14,10,8,5,3,12,16,18,21,23,23,0.0,0.0,7,24
3409,derail, Road to the Billionaires Club,@ALESHABELL GM! I pray any attack of the enemy 2 derail ur destiny is blocked by the Lord &amp; that He floods ur life w/heavenly Blessings,derail,True,26,139,16,1,4,26,False,False,False,True,4,4,2,3,2,0,18,14,10,8,5,3,12,16,18,21,23,23,0.0,0.0,7,24
3416,derail,San Francisco,Two trains derail in central India's Madhya Pradesh http://t.co/ijDePwuYNY,derail,True,9,74,9,0,5,9,False,True,False,False,1,0,0,3,3,0,8,7,7,7,4,1,2,2,2,5,8,8,0.25,0.0,1,9
3420,derail,Cheltenham,Everyone starts a #UX project with the best intentions but common pitfalls happen along the way. Don't let them! http://t.co/48VG4RkSqT,derail,False,20,135,9,3,6,22,False,True,True,True,5,3,3,3,1,2,19,14,11,8,5,4,6,9,12,15,16,18,0.4,0.3125,6,19
3422,derail,,BBC News - India rail crash: Trains derail in Madhya Pradesh flash flood http://t.co/9UFemKfIiv,derail,True,14,95,12,1,6,14,False,True,False,True,1,2,3,4,1,0,12,11,9,6,2,1,3,5,8,12,13,13,0.0,0.0,1,14
3424,derail, Road to the Billionaires Club,@QueenBrittani_ GM! I pray any attack of the enemy 2 derail ur destiny is blocked by the Lord &amp; that He floods ur life w/heavenly Blessings,derail,True,26,143,8,1,5,26,False,False,False,True,4,4,2,3,2,0,18,14,10,8,5,3,12,16,18,21,23,23,0.0,0.0,7,24
3426,derail,,Related News: Here&amp;#8217;s what caused a Metro train to derail in downtown D.C. - Local - The Washington Post |  http://t.co/4AoNQ9vnhs,derail,True,22,139,13,6,12,24,False,True,True,True,1,3,4,2,1,1,15,14,11,7,5,4,8,11,15,17,18,19,0.2,0.0,5,21
3427,derail,"w/ @_ridabot, probably",@PumpkinMari_Bot lemme just derail this real quivk to say. HELL DAMN F,derail,True,12,70,12,0,2,12,False,False,False,True,0,6,2,1,0,0,10,10,4,2,1,1,2,8,10,11,11,11,0.30000000000000004,0.2,4,12
3434,derail,,Try @hollyclegg's low-carb summer treats that won't derail a #diabetes meal plan! http://t.co/2c66Dctrg0 #TheDX http://t.co/A6g0aRSztp,derail,True,15,134,8,6,14,17,False,True,True,False,1,2,2,4,0,1,14,13,11,9,5,5,2,4,6,10,10,11,0.0,0.0,2,15
3438,derail, Road to the Billionaires Club,@AshleyDniece GM! I pray any attack of the enemy 2 derail ur destiny is blocked by the Lord &amp; that He floods ur life w/heavenly Blessings,derail,True,26,141,8,1,4,26,False,False,False,True,4,4,2,3,2,0,18,14,10,8,5,3,12,16,18,21,23,23,0.0,0.0,7,24
3441,derail,,HillaryÛªs Bimbo Eruptions and Questionable Financial Dealings Should Derail Campaign http://t.co/kAL1s5mg2z via @politicsisdirty,derail,True,13,130,11,3,8,13,False,True,False,False,2,0,1,2,0,2,13,11,11,10,8,8,2,2,3,5,5,7,0.5,-0.25,1,13
3442,derail,"Accrington, Lancashire",BCC: Premature interest rates increases could derail the recovery: Commentating on todayÛªs interest rate decis... http://t.co/aftpebIkbO,derail,True,16,138,7,0,9,19,False,True,False,True,1,2,2,1,0,3,15,14,12,10,9,9,2,4,6,7,7,10,0.0,0.0,2,15
3443,derail,"Washington, DC and on planes",@vivigraubard of course not. for efforts to address short-sideness beyond not including a graf' would derail obvious backtracking efforts.,derail,True,19,138,0,0,3,20,False,False,False,False,2,1,2,3,3,1,16,14,13,11,8,5,5,6,8,11,14,15,0.5,0.0,6,19
3444,derail,Washington DC,Do people even ride Metro any more? http://t.co/Nb8yzecI6i #whywebike #bikecommute #DysfunctionalRedLine #WMATA,derail,False,12,111,12,2,8,13,True,True,True,True,1,2,2,2,0,0,11,10,8,6,4,4,2,4,6,8,8,8,0.5,0.5,2,12
3449,derail,"w/ @_ridabot, probably",@PumpkinMari_Bot lemme just derail this real quivk to say. HELL DAMN F,derail,True,12,70,12,0,2,12,False,False,False,True,0,6,2,1,0,0,10,10,4,2,1,1,2,8,10,11,11,11,0.30000000000000004,0.2,4,12
3453,derailed,DC & MoCo,@CoolBreezeT train derailed at Smithsonian...no passenger train...then my red line train became disabled between FH &amp; Bethesda,derail,True,17,130,7,0,3,22,False,False,False,False,1,1,3,1,1,3,14,13,12,9,8,7,4,5,8,9,10,13,0.15,-0.1,5,16
3454,derailed,Las Vegas,.@janeannmorrison: A former Assembly candidate is still waiting for answers http://t.co/Mm5z32vKPC,derail,False,11,98,6,3,6,12,False,True,False,False,1,0,1,1,2,1,9,8,8,7,6,4,3,3,4,5,7,8,0.0,0.0,2,11
3456,derailed,"Edmonton, Alberta",Interesting to note: Metro train derailed in Washington this morn after going thru interlocking area. One of lines affected by closure 1/3,derail,True,22,138,4,2,2,22,False,False,False,False,2,3,7,0,1,2,18,16,13,6,6,5,6,9,16,16,17,19,0.5,0.5,6,22
3457,derailed,"Washington, DC",@FixWMATA @AdamTuss Do you know about path of derailed train? Doesn't make sense. If it was coming from yard why turning at Smithsonian?,derail,True,23,136,12,0,3,25,True,False,False,False,3,5,1,3,2,1,18,15,10,9,6,4,8,13,14,17,19,20,0.0,0.0,8,23
3458,derailed,"District of Columbia, USA",Train derailed at Smithsonian Metro. Sidewalks outside L'Enfant mobbed to get on buses @wmata #nightmarecommute,derail,True,15,111,6,0,3,15,False,False,True,False,1,0,2,3,1,2,12,11,11,9,6,5,4,4,6,9,10,12,0.05,0.0,3,15
3461,derailed,PG,@lizkhalifa no passenger train derailed earlier this morning,derail,True,8,60,0,0,1,7,False,False,False,False,0,1,1,0,2,1,7,7,6,5,5,3,1,2,3,3,5,6,0.5,0.0,2,8
3467,derailed,"Waterloo, Ontario, Canada",".@CBCNorth see photo Old Lady of the Falls (sacred site) RR says derailed Talston power line to diamond mines in 2010
http://t.co/SxlfSNsPH0",derail,True,21,140,15,5,8,22,False,True,False,False,3,3,5,0,3,1,17,14,11,6,6,3,7,10,15,15,18,19,0.2,0.1,4,21
3479,derailed,"st. louis, missouri",'We may be derailed right now but we are going to keep holding on to remain on track' -@kristnmalea #DerailingDistractions,derail,True,20,122,3,0,5,19,False,False,True,False,5,1,2,2,1,1,14,9,8,6,4,3,11,12,14,16,17,18,0.5357142857142857,0.2857142857142857,9,18
3488,derailed,"Washington, DC",Also there is no estimate of damage yet from #WMATA/#Metro on the six-car train that derailed ~5 a.m. Shuttle service available. @CQnow,derail,True,22,135,10,1,6,24,False,False,True,False,2,4,2,2,3,2,17,15,11,9,7,4,7,11,13,15,18,20,0.4,0.4,8,22
3491,derailed,"Alexandria, VA, USA",Oh a #wmata train derailed. Kind of disappointed how unsurprised I am.,derail,True,12,70,3,0,1,13,False,False,True,False,2,1,1,1,0,0,8,6,5,4,3,3,6,7,8,9,9,9,0.825,-0.07500000000000001,4,12
3496,derailed,"Woodbridge, VA ",3 cars of #Metro train ready to go into service derailed near #Smithsonian station disrupting service. No injuries. More at noon @wusa9,derail,True,22,135,4,2,3,23,False,False,True,False,0,5,2,2,2,2,16,16,11,9,7,5,6,11,13,15,17,19,0.4666666666666666,0.26666666666666666,4,22
3502,derailed,"/ Kattappana, Kerala ",'@WSJ: How a rare lizard derailed Adani GroupÛªs plan to build a huge coal mine in Australia http://t.co/dkNPK6FbE4 http://t.co/BiVShY4q1b',derail,True,19,140,16,4,15,20,False,True,False,True,1,5,2,2,0,1,15,14,9,7,5,5,5,10,12,14,14,15,0.9,0.35000000000000003,4,18
3507,derailment,Worldwide,Google News - A Twin Train Derailment in India Leaves at Least 24 Dead - TIME http://t.co/yf56oK7Pgp #world,derailment,True,18,107,16,5,7,18,False,True,True,True,0,4,3,3,0,0,12,12,8,5,2,2,6,10,13,16,16,16,0.4,-0.25,2,17
3511,derailment,"Chicago, IL",@CTAFails PHOTOS from Green Line derailment http://t.co/Y8xFVJAlLr http://t.co/qUUUN88czw,derailment,True,8,89,22,3,9,9,False,True,False,True,0,2,1,1,0,0,8,8,6,5,4,4,0,2,3,4,4,4,0.3,-0.2,1,8
3515,derailment,,Madhya Pradesh Train Derailment: Village Youth Saved Many Lives: A group of villagers saved over 70 passengers' lives after two train...,derailment,True,21,136,10,2,3,23,False,False,False,False,1,2,7,2,2,1,18,17,15,8,6,4,4,6,13,15,17,18,0.5,0.5,3,21
3516,derailment,"Chicago, IL",#CTA GREEN LINE: All passengers have been evacuated due to a derailment however no service Garfield-Cottage Grove. http://t.co/qePJ0Hwpay,derailment,True,18,137,19,1,7,19,False,True,True,True,2,3,2,1,2,0,15,13,10,8,7,5,5,8,10,11,13,13,0.3375,-0.1625,5,18
3538,derailment,Chicago,Great photo by the Tribune's Terrence Antonio James after Green Line derailment (no one hurt fortunately) http://t.co/YFavM641OS,derailment,True,17,128,12,3,7,17,False,True,False,False,3,2,5,0,1,1,16,13,11,6,6,5,4,6,11,11,12,13,0.5833333333333334,0.3333333333333333,4,17
3539,derailment,Mumbai,Latest : Suresh Prabhu calls Harda derailment a natural calamity; officials feel ... - Economic Ti... http://t.co/6bCIvdaEa0 #IndianNews,derailment,True,18,136,11,2,8,24,False,True,True,False,1,1,3,3,1,1,15,14,13,10,7,6,4,5,8,11,12,13,0.5,0.26666666666666666,1,18
3541,derailment,,CTA Green Line service has resumed after an earlier derailment near Garfield expect delays. @WBBMNewsradio,derailment,True,15,106,11,0,1,15,False,False,False,True,2,2,2,1,4,1,14,12,10,8,7,3,3,5,7,8,12,13,0.4000000000000001,-0.03333333333333333,3,15
3545,derailment,,Green Line trains resume service after South Side derailment: Green Line service has resumed more than four h... http://t.co/dJztc7apf1,derailment,True,19,135,7,2,5,22,False,True,False,False,1,7,4,2,3,0,19,18,11,7,5,2,1,8,12,14,17,17,0.3666666666666667,0.033333333333333326,4,16
3546,derailment,,Madhya Pradesh Train Derailment: Village Youth Saved Many Lives: A group of villagers saved over 70 passengers' lives after two train...,derailment,True,21,136,10,2,3,23,False,False,False,False,1,2,7,2,2,1,18,17,15,8,6,4,4,6,13,15,17,18,0.5,0.5,3,21
3547,derailment,,#Amtrak Rail #Disaster http://t.co/H6Ol73KZJg http://t.co/Qfydu4PVGK,derailment,False,5,68,13,4,10,6,False,True,True,False,0,1,0,0,1,0,5,5,4,4,4,3,0,1,1,1,2,2,0.0,0.0,0,5
3551,derailment,India,Madhya Pradesh Train Derailment: Village Youth Saved Many Lives,derailment,True,9,63,9,0,1,8,False,False,False,False,0,1,4,1,2,0,9,9,8,4,3,1,0,1,5,6,8,8,0.5,0.5,0,9
3553,desolate,"Oakland, Ca",Twitter said bet Tampa &amp;  the over in colorado...gambling twitter will have u broke &amp; desolate be careful lol,desolate,True,20,117,2,0,4,22,False,False,False,False,3,4,4,0,3,1,16,13,9,5,5,2,7,11,15,15,18,19,0.85,0.35000000000000003,6,19
3556,desolate,"Twin Falls, Idaho, 83301",'Behold your house is being left to you desolate!' (Matthew 23:38 NASB),desolate,True,12,71,6,4,5,12,False,False,False,True,1,2,4,0,1,1,10,9,7,3,3,2,3,5,9,9,10,11,0.0,0.0,5,12
3558,desolate,,who sank all night in submarine light of BickfordÛªs floated out and sat through the stale beer afternoon in desolate FugazziÛªs,desolate,True,21,130,2,0,6,20,False,False,False,False,6,2,3,0,2,1,18,12,10,7,7,5,9,11,14,14,16,17,0.6,-0.04999999999999999,9,20
3559,desolate,"Michigander, USA","Be appalled O heavens at this
    be shocked be utterly desolate
    says the Lord
for my people have committed two evils:",desolate,True,26,122,3,0,4,25,False,False,False,False,2,2,1,2,3,2,14,12,10,9,7,4,14,16,17,19,22,24,0.9333333333333332,-0.5,8,20
3561,desolate,,The Desolate Hope: Part 1: I LOVE THIS GAME: http://t.co/gPrRZdpE4v via @YouTube,desolate,True,12,80,23,2,8,12,False,True,False,True,2,3,2,0,0,2,10,8,5,3,3,3,4,7,9,9,9,11,0.5,0.04999999999999999,0,12
3562,desolate,Texas,"We've become desolate 
Its not enough it never is.",desolate,True,9,50,2,0,2,9,False,False,False,False,2,1,2,2,0,1,8,6,5,3,1,1,3,4,6,8,8,9,0.5,0.0,3,9
3563,desolate,,Shaping the to come: multimillion chop local billet frugal else companionate anacrusis production desolate in ...,desolate,True,16,113,1,0,1,18,False,False,False,False,2,2,2,2,1,1,14,12,10,8,6,5,4,6,8,10,11,12,0.0,0.0,3,16
3564,desolate,Chicago,@VacantLDN this may be a peculiar compliment but I would be incapable of doing my research w/out the desolate headspace your music provides,desolate,True,23,139,5,0,2,22,False,False,False,False,3,2,4,0,0,4,17,14,12,8,8,8,9,11,15,15,15,19,0.0,0.0,10,22
3571,desolate,From Harlem to Duke ! ,It's really sad that white people are quick to give money to desolate uneducated black ppl before educated blacks who are productive,desolate,True,22,132,1,0,1,21,False,False,False,False,5,3,4,4,0,2,20,15,12,8,4,4,7,10,14,18,18,20,0.48333333333333334,-0.08333333333333334,7,20
3574,desolate,Cardiff/London/NYC/Warwick,@StevieDE83 @roathboy I'm desolate no idea how I'll ever get over it ??#badgeofhonour,desolate,True,13,85,5,2,5,14,True,False,True,False,3,4,0,0,0,1,11,8,4,4,4,4,5,9,9,9,9,10,0.0,0.0,4,13
3576,desolate,,The Desolate Hope: Part 3: BATTLE!!!!: http://t.co/mx3HuxnXgX via @YouTube,desolate,True,9,74,15,2,8,13,False,True,False,True,2,1,1,0,0,2,8,6,5,4,4,4,3,4,5,5,5,7,0.0,0.0,0,9
3577,desolate,Outreach Africa,And the 10 horns which u saw on the beast these will hate the harlet make her desolate and naked eat her flesh and burn her with fire,desolate,True,28,133,1,2,0,27,False,False,False,False,11,6,6,1,0,1,25,14,8,2,1,1,14,20,26,27,27,28,0.65,-0.4,13,23
3579,desolate,Macclesfield,@WilliamTCooper TY for the follow Go To http://t.co/l9MB2j5pXg BRUTALLY ABUSED+DESOLATE&amp;LOST + HER LOVELY MUM DIES..Is it Murder? Pls RT,desolate,True,19,140,57,3,9,22,True,True,False,True,5,0,0,2,1,2,13,8,8,8,6,5,11,11,11,13,14,16,0.875,-0.1875,3,19
3580,desolate,Florida,@mtnredneck It does when you are searching on a desolate part of the beach with no cell service and a mile away from your car.,desolate,True,25,126,1,0,1,25,False,False,False,False,4,10,1,0,1,1,19,15,5,4,4,3,10,20,21,21,22,23,0.0,0.0,14,24
3586,desolate,Birmingham,Why are you feeling desolate? Take the quiz: http://t.co/j4lM2ovoOs http://t.co/banrVjoTlf,desolate,True,10,90,6,2,9,12,True,True,False,False,4,1,1,0,1,0,10,6,5,4,4,3,4,5,6,6,7,7,0.0,0.0,3,10
3590,desolate,"Los Angeles, CA",@peregrinekiwi @boymonster I recall CP2020 Australia was a blighted desolate corporate,desolate,True,11,86,4,4,2,10,False,False,False,True,1,0,0,2,0,2,9,8,8,8,6,6,3,3,3,5,5,7,0.0,0.0,2,11
3599,desolation,"Raleigh, NC",Now Playing Desolation Wilderness by Kodak To Graph,demolition,False,8,51,7,0,0,7,False,False,False,False,1,0,2,0,1,0,6,5,5,3,3,2,3,3,5,5,6,6,0.0,0.0,1,8
3600,desolation,,desolation #bored,demolition,False,2,17,0,0,1,1,False,False,True,False,0,0,0,1,0,0,2,2,2,2,1,1,0,0,0,1,1,1,1.0,-0.5,0,2
3601,desolation,,I liked a @YouTube video from @iglxenix http://t.co/dcxjIJtyYJ Desolation PvP: Beacon Blast Bombardment 3 (Minecraft Xbox One),demolition,False,17,126,16,1,9,17,False,True,False,False,0,4,3,1,0,1,14,14,10,7,6,6,3,7,10,11,11,12,0.8,0.6,2,17
3605,desolation,"Roanoke, VA",Obama 2016? - The Abomination of Desolation' http://t.co/iL4uLhrgTP,demolition,False,8,67,8,5,6,9,True,True,False,False,1,0,2,0,0,0,6,5,5,3,3,3,3,3,5,5,5,5,0.0,0.0,1,8
3606,desolation,,Free Kindle Book - Aug 3-7 - Thriller - Desolation Run by @jamessnyder22 http://t.co/PfYH4Tzvk9,demolition,False,14,95,11,6,9,14,False,True,False,False,3,2,0,1,0,1,10,7,5,5,4,4,7,9,9,10,10,11,0.8,0.4,1,12
3612,desolation,"USA,Washington,Seattle",The Hobbit: The Desolation of Smaug (#dvd 2014 2-Disc Set Digital Copy) http://t.co/000siJjL3t http://t.co/JlUJsHCvoA,demolition,False,14,117,17,9,13,15,False,True,True,False,3,1,3,1,2,0,13,10,9,6,5,3,4,5,8,9,11,11,0.0,0.0,1,13
3614,desolation,LanÌ¼s,I want to be free from desolation and despair,demolition,False,9,45,1,0,0,8,False,False,False,False,1,3,0,0,1,0,6,5,2,2,2,1,4,7,7,7,8,8,0.8,0.4,4,9
3615,desolation,Quezon City,The Hobbit: The Desolation of Smaug ?? ? atm.,demolition,False,9,45,5,0,1,12,True,False,False,False,2,1,1,0,1,0,6,4,3,2,2,1,5,6,7,7,8,8,0.0,0.0,1,8
3616,desolation,"Medford, NJ",Watching Desolation of Smaug and I always love catching the cameos. Caught Jackson at the beginning and Colbert just now.,demolition,False,20,121,7,0,0,21,False,False,False,False,4,3,1,2,3,2,17,13,10,9,7,4,7,10,11,13,16,18,0.75,0.55,8,18
3620,desolation,"Sydney, Australia",#Kids going to #school amidst the #desolation of an #earthquake #aftermath #Love #OlympusÛ_ https://t.co/pqds20yrJs,demolition,False,14,116,4,2,14,14,False,True,True,False,1,0,3,1,1,0,11,10,10,7,6,5,4,4,7,8,9,9,0.6,0.5,4,14
3622,desolation,,Hey girl you must be The Hobbit: Part Two: The Desolation of Smaug because|I'm not interestud in seeing you. Sorry.,demolition,False,20,115,10,0,4,21,False,False,False,False,5,5,1,2,1,0,17,12,7,6,4,3,8,13,14,16,17,17,1.0,-0.5,6,19
3624,desolation,#Global,#NowPlaying  - Lamb of God - Desolation http://t.co/mUYWttEdl6,demolition,False,9,62,9,1,7,9,False,True,True,False,1,1,0,0,0,0,5,4,3,3,3,3,5,6,6,6,6,6,0.0,0.0,1,8
3630,desolation,,'I See Fire' Ed Sheeran The Hobbit: The Desolation of Smaug (Cover By Ja... https://t.co/a2aeDAK7r0 via @YouTube,demolition,False,17,112,18,3,9,20,False,True,False,False,4,0,3,1,2,1,13,9,9,6,5,3,8,8,11,12,14,15,0.0,0.0,1,16
3644,desolation,Subconscious LA,Emotional Desolation the effect of alcoholism/addiction on family - http://t.co/31tGtLz3YA Forgiving is hard http://t.co/1labI2Sg2b,demolition,False,14,131,9,6,10,15,False,True,False,False,1,1,0,2,0,0,10,9,8,8,6,6,5,6,6,8,8,8,0.5958333333333333,-0.14583333333333334,4,14
3649,destroy,"Phoenix, AZ ",Debate question: The robots have become self aware; do with destroy them thus thrusting the world into a tech-free life or re-enslave them?,destroy,True,23,139,2,0,4,23,True,False,False,False,2,7,2,4,1,0,20,18,11,9,5,4,5,12,14,18,19,19,0.125,0.024999999999999994,9,23
3651,destroy,Between Manchester and Lille.,@Adz77 You spelled Ronda wrong last night and then again today ;) @RondaRousey she'll destroy you.,destroy,True,16,98,5,2,5,16,False,False,False,False,2,3,5,2,2,0,15,13,10,5,3,1,3,6,11,13,15,15,0.4916666666666667,-0.1125,5,16
3654,destroy,globetrotter,Overall the English lads did very well today. They need to pile on and get over 400 runs ahead and destroy...,destroy,True,21,109,3,3,0,24,False,False,False,False,6,8,1,1,2,0,19,13,5,4,3,1,8,16,17,18,20,20,0.075,0.0,8,20
3665,destroy,,"JAKE I SWEAR TO GOD IF THEREÛªS ONE MORE GOD DAMN PIECE OF ALGAE IN THE PONDS I AM GOING TO DESTROY ALL THOSE LITTLE FISH.

#momtherbot",destroy,True,26,136,94,0,6,26,False,False,True,True,5,3,6,1,1,0,18,13,10,4,3,2,13,16,22,23,24,24,0.3333333333333333,0.0375,0,23
3668,destroy,,People can't destroy you unless you let them.,destroy,True,8,45,1,0,1,8,False,False,False,False,3,0,2,2,1,0,8,5,5,3,1,0,3,3,5,7,8,8,0.0,-0.2,3,7
3671,destroy,Raleigh,When something bad happens; you have 3 choices: You can either let it define you destroy you or let it strengthen you.,destroy,True,22,118,2,1,2,22,False,False,False,False,8,3,0,2,1,2,18,10,7,7,5,4,12,15,15,17,18,20,0.3333333333333333,-0.44999999999999996,9,18
3672,destroy,,GOP Plan to Destroy Public Education - Cut Teacher Pay and Even Make Them Buy Their Own School Supplies: Pure Evil - http://t.co/WST2tWqS8D,destroy,True,23,139,26,2,7,23,False,True,False,True,6,6,1,2,2,0,20,14,8,7,5,3,9,15,16,18,20,20,0.5133333333333333,-0.07714285714285715,2,22
3673,destroy,,"But bad people kiss too. Hehe
Their kisses can destroy.",destroy,True,9,55,3,0,1,10,False,False,False,False,3,2,0,2,0,1,9,6,4,4,2,2,3,5,5,7,7,8,0.3333333333333333,-0.44999999999999996,2,9
3677,destroy,London,@alexhern he created vr only he can destroy it.,destroy,True,9,47,0,0,1,9,False,False,False,False,2,1,0,0,2,0,6,4,3,3,3,1,5,6,6,6,8,8,0.5,-0.1,5,8
3678,destroy,Curitiba-PR,Skate and Destroy em Taguatinga - Campeonatos de Skate http://t.co/xWW9dOPLK9,destroy,True,10,77,11,2,5,10,False,True,False,False,1,0,2,0,1,0,7,6,6,4,4,3,4,4,6,6,7,7,0.0,-0.2,1,9
3687,destroy,"|Elsmere| Wilmington, DE.",When people fear you they will try to say and do anything to destroy your #Pride.,destroy,True,16,81,2,0,1,16,False,False,True,False,4,5,0,1,2,1,13,9,4,4,3,1,7,12,12,13,15,16,0.0,-0.2,8,15
3688,destroy,,It's a real world. No glass shoe. No seven dwarfs. But there's always a villain who wants to destroy your life.,destroy,True,21,111,4,0,2,24,False,False,False,False,2,3,5,2,4,0,16,14,11,6,4,0,7,10,15,17,21,21,0.13333333333333333,0.06666666666666667,6,19
3693,destroy,At Grandmother Willow's,This #NBCTheWiz cast is about to destroy tv sets across the nation!!!!,destroy,True,12,70,6,0,1,15,False,False,True,False,1,3,1,1,1,0,9,8,5,4,3,2,4,7,8,9,10,10,0.0,-0.48828125,4,12
3698,destroyed,,Media stocks are getting destroyed (DIS FOXA CMCSA SNI AMCX VIAB VIA TWX) http://t.co/dQd3YtaZfG,destroy,True,14,96,34,1,6,14,False,True,False,True,3,5,2,1,1,0,14,11,6,4,3,2,3,8,10,11,12,12,0.0,0.0,1,14
3699,destroyed,,@Musketeiro I see ISIL destroyed in Iraq in  May 2016. This may help Iraqis help Syrian government against it. But Nusrah and Ahrar not yet.,destroy,True,26,140,14,4,1,28,False,False,False,True,7,6,2,3,1,0,22,15,9,7,4,3,11,17,19,22,23,23,0.0,0.0,6,24
3701,destroyed,,#TheSun Flood: Two people dead 60 houses destroyed in Kaduna: Two people have been reportedly killed and 60 h...  http://t.co/Aawmx5w9sh,destroy,True,21,136,7,6,7,24,False,True,True,False,3,4,0,5,2,0,17,14,10,10,5,3,7,11,11,16,18,18,0.2,-0.2,4,18
3703,destroyed,USA,Black Eye 9: A space battle occurred at Star O784 involving 2 fleets totaling 3946 ships with 14 destroyed,destroy,True,19,106,5,11,1,18,False,False,False,True,1,4,3,2,0,2,14,13,9,6,4,4,6,10,13,15,15,17,0.43333333333333335,-0.16666666666666666,2,19
3706,destroyed,,@evdaikoku @zjwhitman carp erased justin smith?? Pretty sure he destroyed our leftside,destroy,True,12,86,1,0,2,13,True,False,False,False,1,2,0,3,1,1,11,10,8,8,5,4,2,4,4,7,8,9,0.9444444444444444,0.375,2,12
3707,destroyed,Chicago,poor dude...he needs him some valerie...lol RT @Otp_destroyed: Dante stuck with KIKI twice in a row????????   #FixItJesus  #GH,destroy,True,21,126,13,0,5,34,True,False,True,True,2,4,4,0,0,0,15,13,9,5,5,5,8,12,16,16,16,16,0.6,-0.4,6,19
3709,destroyed,"festac,Lagos,Nigeria",(SJ GIST): 148 Houses Farm Produce Destroyed By Flood In Sokoto: About 148 houses were on Saturday destroyed ... http://t.co/vqU1Y31hKU,destroy,True,20,135,20,9,8,23,False,True,False,True,4,2,2,3,2,1,17,13,11,9,6,4,7,9,11,14,16,17,0.0,0.0,2,19
3711,destroyed,,Soo..he'll be do a bit of repentance for the children's lives they've destroyed and continue to abuse and for... http://t.co/En3hKXQdD9,destroy,True,20,135,6,2,7,25,False,True,False,False,5,0,2,1,1,1,15,10,10,8,7,6,10,10,12,13,14,15,0.0,0.0,11,19
3714,destroyed,,WHAT a day's cricket that was. Has destroyed any plans I had for exercise today.,destroy,True,15,80,6,0,1,16,False,False,False,True,4,3,2,1,1,1,13,9,6,4,3,2,6,9,11,12,13,14,0.0,0.0,6,15
3716,destroyed,USA,Black Eye 9: A space battle occurred at Star O784 involving 2 fleets totaling 3936 ships with 5 destroyed,destroy,True,19,105,5,10,1,18,False,False,False,True,1,4,3,2,0,2,14,13,9,6,4,4,6,10,13,15,15,17,0.43333333333333335,-0.16666666666666666,2,19
3720,destroyed,Nigeria,Flood: Two people dead 60 houses destroyed in Kaduna http://t.co/8H2SP6Ze3o,destroy,True,10,75,7,6,5,10,False,True,False,False,1,1,0,4,0,0,8,7,6,6,2,2,3,4,4,8,8,8,0.4,-0.2,1,10
3728,destroyed,"Cape Town, South Africa",Remember #Hiroshima destroyed by #Nuclear bomb..an occurrence should never ever happen again yet highly likely recur http://t.co/mB3MJevBb0,destroy,True,17,139,7,2,6,19,False,True,True,False,1,1,3,4,0,3,16,15,14,11,7,7,2,3,6,10,10,13,1.0,0.0,3,17
3731,destroyed,Virginia,HitchBot travels Europe and greeted with open arms. Gets destroyed after two weeks in america. There's a lesson to be learned here.,destroy,True,22,131,5,0,1,24,False,False,False,False,2,3,4,2,4,2,18,16,13,9,7,3,6,9,13,15,19,21,0.5,0.0,8,22
3732,destroyed,@ArgentinaLiars ?| willbradley,@m1tchell1987 YOU DESTROYED MEE OKAY? I THOUGHT YOU WERE DEAD! BUT I'M NOT AREN'T YOU GLAD THAT I'M NOT?,destroy,True,19,104,67,5,4,21,True,False,False,True,8,4,2,1,1,0,18,10,6,4,3,2,9,13,15,16,17,17,0.6333333333333333,0.25,0,16
3733,destroyed,"Dunedin, New Zealand",19000 homes destroyed in Gaza -- ZERO rebuilt. Join me in busting the blockade! Sign &amp; RT #Gaza #OpenGaza https://t.co/WF9GMhjh2M,destroy,True,20,133,17,7,10,22,False,True,True,True,1,4,4,0,1,1,15,14,10,6,6,5,6,10,14,14,15,16,0.0,0.0,4,19
3734,destroyed,norton ,@kaytlinmartinez dude those enormous blizzards we destroyed from DQ ??,destroy,True,10,70,2,0,1,11,True,False,False,False,0,2,1,0,0,1,7,7,5,4,4,4,3,5,6,6,6,7,0.9,0.0,3,10
3740,destroyed,Rome,By havin an ally lyk @AnnCoulter Republican Party is declaring war on all immigrants..deserves 2 b defeated n destroyed.it's a clarion call.,destroy,True,22,140,5,1,2,25,False,False,False,False,3,1,3,0,1,1,14,11,10,7,7,6,11,12,15,15,16,17,0.0,0.0,5,22
3746,destroyed,L.A,yay the evil is being destroyed! https://t.co/GeTu7SfBJ1,destroy,True,7,56,5,2,4,8,False,True,False,False,2,1,1,0,0,0,6,4,3,2,2,2,3,4,5,5,5,5,1.0,-1.0,3,7
3749,destruction,North Korea,@Warcraft weapon of destruction!,destroy,False,4,32,1,0,1,4,False,False,False,False,0,0,0,1,0,0,3,3,3,3,2,2,1,1,1,2,2,2,0.0,0.0,1,4
3751,destruction,,World of Warcraft: Legion Revealed at gamescom: The Burning Legion returns to bring destruction to Azeroth onc... http://t.co/7n9qqkQIl3,destroy,False,18,136,10,3,6,21,False,True,False,False,1,0,2,3,3,1,14,13,13,11,8,5,5,5,7,10,13,14,0.0,0.0,4,16
3755,destruction,Glasgow,@PeterArnottGlas I've written a play about Dr Rae and his destruction by Lady Franklin as it happens.  Commissioned by Mull Theatre,destroy,False,22,131,11,0,2,22,False,False,False,False,3,4,1,0,2,2,15,12,8,7,7,5,10,14,15,15,17,19,0.0,0.0,8,21
3757,destruction,"Hounslow, London",@AirportWatch  Do we need more motorways 2reduce fumes on our present ones. -forget the extra noise &amp; destruction!- https://t.co/USQZ0OTfNe,destroy,False,20,143,10,2,9,22,False,True,False,False,2,2,5,0,3,0,16,14,12,7,7,4,6,8,13,13,16,16,0.19999999999999998,0.16666666666666666,5,20
3762,destruction,"lake worth, Fl",New RAN report from the frontlines of human rights abuses and forest destruction for fashion.: http://t.co/OmpzUyAsle,destroy,False,16,117,7,0,5,17,False,True,False,True,5,1,1,4,0,0,15,10,9,8,4,4,6,7,8,12,12,12,0.2772727272727273,0.06818181818181818,5,16
3767,destruction,Hell,@iam_destruction Okay.. I'll put my tail in first.. -He moved to slip it in slowly.-,destroy,False,15,84,3,0,5,19,False,False,False,False,2,3,1,1,1,1,10,8,5,4,3,2,7,10,11,12,13,14,0.41111111111111104,0.15,5,14
3769,destruction,The Floor,We should do a hand in the destruction of an INNOCENT young man's life.,destroy,False,14,71,9,0,1,14,False,False,False,True,1,1,3,1,0,1,8,7,6,3,2,2,7,8,11,12,12,13,0.55,0.3,7,14
3779,destruction,,Crackdown 3 Destruction Restricted to Multiplayer: Crackdown 3 impressed earlier this week with a demonstratio... http://t.co/ma9LLiKcjk,destroy,False,16,136,8,3,5,19,False,True,False,False,0,3,0,0,1,0,12,12,9,9,9,8,4,7,7,7,8,8,0.75,0.5,4,14
3781,destruction,Hollywood,Russian authorities to take account of petition against destruction of sanctioned food: Vladimir Putin's press... http://t.co/GUvSVPesZU,destroy,False,16,136,10,0,6,19,False,True,False,False,0,1,1,0,4,3,13,13,12,11,11,7,3,4,5,5,9,12,0.0,0.0,4,15
3782,destruction,,When life is cheap evil abounds and @PPact @HillaryClinton profit from its destruction.#DefundPP http://t.co/H5rzmAy8lP,destroy,False,14,119,11,2,7,15,False,True,True,False,2,4,1,2,1,0,13,11,7,6,4,3,3,7,8,10,11,11,0.85,-0.3,4,14
3783,destruction,,The day of death destruction chaos; 60000 to 80000 people were killed instantly. Please take sometime to remember and think about others,destroy,False,22,136,2,10,1,22,False,False,False,False,3,2,5,5,0,2,19,16,14,9,4,4,6,8,13,18,18,20,0.3333333333333333,-0.1,6,21
3784,destruction,,He is one of the three survivors of the destruction of Otsuka Village.,destroy,False,13,70,3,0,0,13,False,False,False,False,3,0,1,1,0,1,8,5,5,4,3,3,8,8,9,10,10,11,0.0,0.0,6,10
3790,destruction,"Piedmont, CA",Let this stand as evidence of the horrible destruction potentially wrought by our noble species. https://t.co/sNOO8LQtAD,destroy,False,16,120,8,1,4,17,False,True,False,False,3,1,2,0,1,3,13,10,9,7,7,6,6,7,9,9,10,13,0.9666666666666667,-0.13333333333333333,6,16
3791,destruction,,New RAN report from the frontlines of human rights abuses and forest destruction for fashion.: http://t.co/5xyE2Rkuri,destroy,False,16,117,6,2,5,17,False,True,False,True,5,1,1,4,0,0,15,10,9,8,4,4,6,7,8,12,12,12,0.2772727272727273,0.06818181818181818,5,16
3792,destruction,,Related News: The Bureaucrats Who Singled Out Hiroshima for Destruction - Global - The Atlantic |  http://t.co/Tnex4HUsnp,destroy,False,18,121,15,1,8,18,False,True,False,False,5,0,1,1,2,1,14,9,9,8,7,5,9,9,10,11,13,14,0.2,0.0,1,16
3794,destruction,The Interwebs!,Crackdown 3 Destruction Restricted To Multiplayer; Co-Developed By Sumo Digital: Crackdown 3 åÊwas definitely o... http://t.co/O4B1KIyx1P,destroy,False,16,137,16,5,9,19,False,True,False,False,0,2,1,0,0,1,12,12,10,9,9,9,4,6,7,7,7,8,0.25,0.0,1,14
3799,detonate,"Nashville, Music City, USA",@HJudeBoudreaux Start your car with it! Or use it to detonate an evil henchman!!,detonate,True,14,80,5,0,1,16,False,False,False,False,3,3,1,0,0,1,10,7,4,3,3,3,7,10,11,11,11,12,1.0,-1.0,6,14
3801,detonate,"Amsterdam, Worldwide",Track : Apollo Brown - Detonate ft. M.O.P.  |  @ApolloBrown @BILLDANZEMOP @FAMEMOP http://t.co/GR9q1wvi2n http://t.co/k3rEb7iRlc,detonate,True,16,128,32,5,14,21,False,True,False,True,1,0,2,2,0,2,11,10,10,8,6,6,6,6,8,10,10,12,0.0,0.0,0,15
3804,detonate,"Detroit, MI ","Apollo Brown-Detonate Featuring M.O.P.
http://t.co/JnoE2r2EIN",detonate,True,4,61,12,2,6,7,False,True,False,False,0,0,0,1,0,0,4,4,4,4,3,3,0,0,0,1,1,1,0.0,0.0,0,4
3808,detonate,,"Apollo Brown - Detonate (ft. M.O.P.) [Single] http://t.co/S5mU04L2rl
@ApolloBrown",detonate,True,8,81,12,4,11,12,False,True,False,True,0,1,1,1,1,2,7,7,6,5,4,3,1,2,3,4,5,7,0.21428571428571427,-0.07142857142857142,0,8
3809,detonate,World Wide,Apollo Brown ÛÒ Detonate feat. M.O.P.: Producer Apollo Brown is proud to present his upcoming album Grandeur wh... http://t.co/pfA0S9ZCUB,detonate,True,19,138,16,2,8,26,False,True,False,True,2,0,6,2,2,4,17,15,15,9,7,5,4,4,10,12,14,18,0.5,0.4,3,17
3811,detonate,Texas Hill Country,Best Moments of Jon Stewart on the Daily Show http://t.co/EOPbXWoZbm,detonate,False,10,68,12,0,4,10,False,True,False,False,2,2,1,0,2,0,8,6,4,3,3,1,4,6,7,7,9,9,0.15,0.5,3,10
3813,detonate,"Morioh, Japan",@spinningbot Are you another Stand-user? If you are I will have to detonate you with my Killer Queen.,detonate,True,18,101,6,0,2,19,True,False,False,False,5,3,0,2,1,1,14,9,6,6,4,3,9,12,12,14,15,16,0.0,0.0,9,16
3817,detonate,"charlotte, nc",Audio: Listen/purchase: Detonate (feat. M.O.P.) by Apollo Brown http://t.co/6ZSWtoKsif,detonate,True,9,86,12,1,9,13,False,True,False,True,0,0,1,3,1,1,8,8,8,7,4,3,1,1,2,5,6,7,0.0,0.0,1,9
3818,detonate,D.C.,@NickKristof Contradictory: 'We should've tried [to detonate on an uninhabited island]' &amp; then 'the alternatives'ÛÓcategoricallyÛÓwere worse,detonate,True,16,146,4,0,17,15,False,False,False,False,2,2,3,0,0,2,14,12,10,7,7,7,4,6,9,9,9,11,0.6,-0.4,5,16
3823,detonate,,Listen to Apollo Brown - Detonate (feat. M.O.P.) by Mello Music Group #np on #SoundCloud https://t.co/C0Fex1XAlG,detonate,True,16,112,17,2,9,20,False,True,True,True,1,0,4,3,1,1,12,11,11,7,4,3,5,5,9,12,13,14,0.0,0.0,3,16
3843,detonate,"Nashville, TN",@someone92883220 they had to detonate it to determine it was a hoax device. Didn't feel comfortable just opening it.,detonate,True,19,116,1,8,2,20,False,False,False,False,3,4,0,1,2,1,14,11,7,7,6,4,8,12,12,13,15,16,0.8,0.4,10,17
3844,detonate,Amsterdam,Track : Apollo Brown - Detonate ft. M.O.P.  |  @ApolloBrown @BILLDANZEMOP @FAMEMOP http://t.co/t9i3pWvjOy http://t.co/76aNr2iocL,detonate,True,16,128,32,5,14,21,False,True,False,True,1,0,2,2,0,2,11,10,10,8,6,6,6,6,8,10,10,12,0.0,0.0,0,15
3846,detonate, Aomori,Apollo Brown ÛÒ Detonate feat. M.O.P.: Producer Apollo Brown is proud to present his up... http://t.co/3chxB8QbdD :http://t.co/zMh7nebmwY,detonate,True,17,138,14,3,13,25,False,True,False,True,2,0,5,2,2,2,15,13,13,8,6,4,4,4,9,11,13,15,0.5,0.4,4,15
3847,detonate,Boulder via DC,First Stearns grenade thought to be WWII-era. This one apparently newer. Bomb squad plans to detonate around 8 p.m. http://t.co/qppTQ6oTat,detonate,True,20,138,11,2,5,24,False,True,False,False,1,3,3,2,3,1,16,15,12,9,7,4,5,8,11,13,16,17,0.3416666666666667,0.15,3,19
3852,detonation,,Ignition Knock (Detonation) Sensor-Senso BECK/ARNLEY fits 93-95 Audi 90 2.8L-V6 http://t.co/gOXvNzOUj3 http://t.co/YB3GeEtFbT,detonate,False,12,125,29,11,14,14,False,True,False,True,0,2,2,0,1,1,11,11,9,7,7,6,1,3,5,5,6,7,0.0,0.0,0,12
3854,detonation,,Detonation fashionable mountaineering electronic watch water-resistant couples leisure tabÛ_ http://t.co/kY9V0pAjY1 http://t.co/QjqpXIxMxz,detonate,False,11,139,9,3,12,12,False,True,False,False,0,0,1,1,2,0,11,11,11,10,9,7,0,0,1,2,4,4,0.0,0.0,0,11
3856,detonation,,Open forex detonation indicator is irretrievable after this fashion a financial airborne controls: SjFEb http://t.co/RzQkzM7rb8,detonate,False,15,127,7,2,5,15,False,True,False,False,0,2,3,0,1,1,13,13,11,8,8,7,2,4,7,7,8,9,0.25,0.0,4,15
3863,detonation,,Ignition Knock (Detonation) Sensor-KNOCK SENSOR Delphi AS10012 http://t.co/LArrNhoBsN http://t.co/6YwZWmxFDP,detonate,False,9,108,29,6,11,10,False,True,False,True,0,0,1,2,1,1,9,9,9,8,6,5,0,0,1,3,4,5,0.0,0.0,0,9
3865,detonation,"Palacio, Madrid",@jcenters No uh-oh it was a controlled detonation.,detonate,False,8,50,1,0,2,8,False,False,False,False,1,0,1,0,0,0,5,4,4,3,3,3,4,4,5,5,5,5,0.0,0.0,3,8
3867,detonation,,Ignition Knock (Detonation) Sensor-Senso BECK/ARNLEY 158-0992 http://t.co/tk9HnxZNSl http://t.co/UhBUwbeQ0O,detonate,False,8,107,24,9,13,9,False,True,False,True,0,0,1,0,0,2,8,8,8,7,7,7,0,0,1,1,1,3,0.0,0.0,0,8
3871,detonation,,Detonation fashionable mountaineering electronic watch water-resistant couples leisure tabÛ_ http://t.co/GH48B54riS http://t.co/2PqTm06Lid,detonate,False,11,139,8,7,12,12,False,True,False,False,0,0,1,1,2,0,11,11,11,10,9,7,0,0,1,2,4,4,0.0,0.0,0,11
3872,detonation,,Detonation fashionable mountaineering electronic watch water-resistant couples leisure tabÛ_ http://t.co/g6hjTj3SDy http://t.co/yydEghGP64,detonate,False,11,139,7,4,12,12,False,True,False,False,0,0,1,1,2,0,11,11,11,10,9,7,0,0,1,2,4,4,0.0,0.0,0,11
3878,detonation,,Detonation fashionable mountaineering electronic watch water-resistant couples leisure tabÛ_ http://t.co/RqOvPljpse http://t.co/UhKwVSoWSt,detonate,False,11,139,10,0,12,12,False,True,False,False,0,0,1,1,2,0,11,11,11,10,9,7,0,0,1,2,4,4,0.0,0.0,0,11
3880,detonation,,Ignition Knock (Detonation) Sensor-Senso fits 90-96 Subaru Legacy 2.2L-H4 http://t.co/pcCksm1tVM http://t.co/yWzngj7uow,detonate,False,11,119,13,9,13,13,False,True,False,True,0,1,2,2,1,1,11,11,10,8,6,5,0,1,3,5,6,7,0.0,0.0,0,11
3881,detonation,,Ignition Knock (Detonation) Sensor-Senso BECK/ARNLEY 158-1028 http://t.co/YszIBvj3cs http://t.co/C9t0cGtjFw,detonate,False,8,107,21,10,13,9,False,True,False,True,0,0,1,0,0,2,8,8,8,7,7,7,0,0,1,1,1,3,0.0,0.0,0,8
3882,detonation,ShloMotion,#JerusalemPost WATCH: Israel performs controlled detonation of land mines on Golan Heights http://t.co/01HuX8Y9Gi,detonate,False,13,113,14,4,6,13,False,True,True,True,0,1,2,2,1,1,11,11,10,8,6,5,2,3,5,7,8,9,0.0,0.0,2,13
3883,detonation,,Ignition Knock (Detonation) Sensor ACDelco GM Original Equipment 213-296 http://t.co/dBwSPgHhsa http://t.co/1CaLqDwvhw,detonate,False,11,118,18,7,11,12,False,True,False,False,0,0,1,1,2,2,10,10,10,9,8,6,1,1,2,3,5,7,0.75,0.375,0,11
3884,detonation,,via Jerusalem Post: WATCH: Israel performs controlled detonation of land mines on Golan Heights... http://t.co/rFB2ft4wX0,detonate,False,15,121,13,3,6,18,False,True,False,True,1,1,3,2,0,1,13,12,11,8,6,6,3,4,7,9,9,10,0.0,0.0,2,15
3885,detonation,,Ignition Knock (Detonation) Sensor-Senso Standard KS225 http://t.co/IwrCPmjOah http://t.co/zZMM9xEccW,detonate,False,8,101,17,4,11,9,False,True,False,True,0,0,2,0,0,2,8,8,8,6,6,6,0,0,2,2,2,4,0.0,0.0,0,8
3886,detonation,,Ignition Knock (Detonation) Sensor Connector-Connecto Dorman 917-032 http://t.co/Kh973YlMpj http://t.co/N9X3ngu0AM,detonate,False,9,114,14,12,12,10,False,True,False,False,0,0,1,2,1,1,9,9,9,8,6,5,0,0,1,3,4,5,0.0,0.0,0,9
3890,detonation,"Poughkeepsie, NY",Link lets you pick a city bomb size and altitude of detonation. Ace! https://t.co/wmW1wqvbR8,detonate,False,14,92,4,2,4,16,False,True,False,False,2,7,0,0,0,1,12,10,3,3,3,3,4,11,11,11,11,12,0.0,0.0,4,14
3891,detonation,Please follow and RT! :),WATCH: Israel performs controlled detonation of land mines on Golan Heights - Jerusalem Po... http://t.co/0Y07oA5UeX #israel #israelnews,detonate,False,17,136,14,4,8,20,False,True,True,True,0,1,3,2,2,1,14,14,13,10,8,6,3,4,7,9,11,12,0.0,0.0,2,17
3898,devastated,,Obama Declares Disaster for Typhoon-Devastated Saipan,devastated,True,6,53,6,0,1,5,False,False,False,False,1,0,1,1,0,2,6,5,5,4,3,3,1,1,2,3,3,5,0.0,0.0,1,6
3902,devastated,,I'm literally devastated right now??,devastated,True,5,36,1,0,1,6,True,False,False,False,1,0,2,0,0,0,5,4,4,2,2,2,1,1,3,3,3,3,0.5357142857142857,0.2857142857142857,1,5
3909,devastated,New Orleans,@polishedstone 'Perrie is DEVASTATED' meanwhile....,devastated,True,5,51,11,0,3,8,False,False,False,True,0,0,0,0,1,0,4,4,4,4,4,3,1,1,1,1,2,2,0.0,0.0,1,5
3910,devastated,dam squad 4 lyf,VAL JUST DIED AND IM ABSOLUTELY DEVASTATED #emmerdale,devastated,True,8,53,36,0,1,7,False,False,True,True,2,2,0,0,0,0,7,5,3,3,3,3,3,5,5,5,5,5,0.9,0.2,0,8
3912,devastated,astral plane,@yeetrpan I asked if they were hiring and they said not you I was devastated.,devastated,True,15,77,2,0,1,15,False,False,False,False,4,4,1,1,0,0,12,8,4,3,2,2,7,11,12,13,13,13,0.0,0.0,8,13
3915,devastated,,Obama Declares Disaster for Typhoon-Devastated Saipan: Obama signs disaster declaration for Northern Marians a... http://t.co/AslUFEKOXN,devastated,True,15,136,17,0,6,18,False,True,False,False,2,1,3,0,2,4,15,13,12,9,9,7,2,3,6,6,8,12,0.0,0.0,3,13
3918,devastated,,Thanks @MartinBarrow - and yes definitely something that affects men as well. My husband just as devastated.,devastated,True,17,108,4,0,2,18,False,False,False,False,3,2,1,1,2,0,13,10,8,7,6,4,7,9,10,11,13,13,0.35,0.1,5,16
3920,devastated,,Obama Declares Disaster for Typhoon-Devastated Saipan: Obama signs disaster declaration for Northern Marians a... http://t.co/9i6CrCRq2m,devastated,True,15,136,12,3,6,18,False,True,False,False,2,1,3,0,2,4,15,13,12,9,9,7,2,3,6,6,8,12,0.0,0.0,3,13
3925,devastated,south wales valleys,@MikeParrActor omg I cant believe they killed off ross he was my favourite character with aaron @DannyBMiller im devastated.  Top acting ??,devastated,True,23,139,8,0,2,25,True,False,False,False,4,4,1,2,1,0,17,13,9,8,6,5,10,14,15,17,18,18,0.16666666666666666,0.09999999999999999,6,23
3928,devastated,,He was being super bitchy yesterday (cause he felt like pop) and when he's bitchy him and Perla don't play and then Perla is devastated,devastated,True,25,135,3,0,4,24,False,False,False,False,5,7,5,3,0,0,22,17,10,5,2,2,8,15,20,23,23,23,0.6666666666666666,0.3333333333333333,12,21
3929,devastated,,Actually if I don't see Hunter Hayes and Lady Antebellum perform Where it All Begins live I will be a very devastated person :-),devastated,True,24,128,10,0,4,23,False,False,False,False,4,4,3,3,1,1,18,14,10,7,4,3,10,14,17,20,21,22,0.475,0.2090909090909091,8,23
3930,devastated,Dhaka,Obama Declares Disaster for Typhoon-Devastated Saipan: Obama signs disaster declaration for Northern Marians a... http://t.co/lEYJwNnAH8,devastated,True,15,136,15,1,6,18,False,True,False,False,2,1,3,0,2,4,15,13,12,9,9,7,2,3,6,6,8,12,0.0,0.0,3,13
3931,devastated,Scotland,When you cook fresh tagliatelle meatballs and sauce and then manage to spill all the pasta in the sink when draining it. Fucking devastated.,devastated,True,24,140,2,0,0,25,False,False,False,False,7,5,4,1,1,1,22,15,10,6,5,4,9,14,18,19,20,21,0.65,-0.15,11,22
3934,devastated,toronto Û¢ unicorn island ,@humblethepoet Lilly's YouTube channel got hacked. She's devastated. We're all worried about her! ??,devastated,True,14,100,5,0,4,18,True,False,False,False,2,1,3,0,5,0,13,11,10,7,7,2,3,4,7,7,12,12,0.0,0.0,3,14
3939,devastated,cork,@MikeParrActor devastated your no longer in emmerdale best character with so much more to give #superbactor your going to be missed,devastated,True,21,131,3,0,2,20,False,False,True,False,0,7,1,2,0,0,15,15,8,7,5,5,6,13,14,16,16,16,0.4,0.75,10,19
3941,devastated,Ireland,@_Gags_ My Mommy will be devastated lol #NoMorePod,devastated,True,8,50,6,0,4,7,False,False,True,False,1,1,1,0,1,0,6,5,4,3,3,2,3,4,5,5,6,6,0.7,0.8,2,8
3942,devastated,"Toronto, Ontario",Devastated. Already missing my @coleenlisa.  https://t.co/3p6Xakt7rh,devastated,True,7,68,3,3,5,9,False,True,False,False,0,0,0,0,2,0,5,5,5,5,5,3,2,2,2,2,4,4,0.05,-0.2,1,7
3943,devastated,,Absolutely devastated ???? no Ross no!! #Emmerdale,devastated,True,7,50,3,0,1,12,True,False,True,False,0,3,0,0,0,0,6,6,3,3,3,3,1,4,4,4,4,4,0.9,0.3125,2,7
3946,devastated,,Ooh the girl that won actually is meeting the boys im devastated ?????? but congrats to the winner!!! #OTRABaltimore,devastated,True,19,116,6,0,1,27,True,False,True,False,6,3,0,1,1,2,16,10,7,7,6,5,9,12,12,13,14,16,0.1,0.0,8,17
3963,devastation,"Memphis, TN",MPD director Armstrong: when this first happened I cannot begin to tell you the devastation I felt.,devastated,False,17,99,6,0,1,17,False,False,False,True,3,3,3,1,0,2,14,11,8,5,4,4,6,9,12,13,13,15,0.3333333333333333,0.25,7,16
3965,devastation,wherever Wolf Blitzer is,#CNNHoTD soccer mom wild swimming handcuffed child teen hookup case nuclear devastation showers Miss Piggy... http://t.co/XG9s40AFtZ,devastated,False,16,132,13,3,5,19,False,True,True,False,1,4,1,2,2,3,16,15,11,10,8,6,1,5,6,8,10,13,0.2,0.05,0,16
3966,devastation,,The Dones felt grief bordering on devastation at losing connection with God through their church communities. Packard http://t.co/r2pQQPfqCt,devastated,False,18,140,8,1,4,19,False,True,False,False,2,2,3,2,2,0,16,14,12,9,7,5,4,6,9,11,13,13,0.2,-0.8,5,18
3971,devastation,"los angeles, ca",My father walked through the devastation the day after and refuses to speak about it to this day https://t.co/oFu6DANJZC,devastated,False,19,120,8,1,4,19,False,True,False,False,5,1,3,2,2,0,15,10,9,6,4,2,9,10,13,15,17,17,0.0,0.0,10,16
3972,devastation,"Pennsylvania, USA",Despite past devastation fortunately #forgiveness mutual #respect and #peace emerged.  #Remember #Hiroshima and #Nagasaki,devastated,False,15,121,4,0,6,15,False,False,True,False,2,1,0,2,1,2,14,12,11,11,9,8,3,4,4,6,7,9,0.475,0.07500000000000001,2,14
3974,devastation,United States,ÛÏEven in the midst of devastation something within us always points the way to freedom.Û,devastated,False,15,92,1,0,6,15,False,False,False,False,3,0,1,3,1,0,11,8,8,7,4,3,7,7,8,11,12,12,0.0,0.0,5,14
3976,devastation,,"HQhed mhtw4fnet

A sad reminder of nuclear devastation - Washington Post",devastated,False,10,72,5,1,3,9,False,False,False,False,1,1,1,0,1,1,8,7,6,5,5,4,3,4,5,5,6,7,1.0,-0.5,1,10
3978,devastation,Polska,Devastation Walkthrough Part 11: http://t.co/BOjDByB9YA przez @YouTube,devastated,False,7,70,12,3,6,7,False,True,False,False,1,1,1,0,0,1,7,6,5,4,4,4,1,2,3,3,3,4,0.0,0.0,0,7
3981,devastation,"Fort Worth, TX",we hid the devastation of what atom caused by not making it mandatory for film of its human suffering be shown &amp; preserved.,devastated,False,23,127,0,0,2,23,False,False,False,False,5,3,3,2,0,0,17,12,9,6,4,4,11,14,17,19,19,19,0.1,0.0,11,22
3985,devastation,EspaÌ±a/Catalunya/Girona,Is This Country Latin America's Next 'Argentina': One week ago we reported on the economic devastation in he o... http://t.co/J3rcOflDyA,devastated,False,20,136,12,1,8,23,False,True,False,False,3,4,1,0,1,2,15,12,8,7,7,6,8,12,13,13,14,16,0.1,0.1,6,20
3986,devastation,"Greer, SC",@nikkihaley Profile in Ambition. Legacy of cultural devastation for attempt at a white house gig. @Reince @gop http://t.co/5cCrnwirFn,devastated,False,18,133,6,1,7,20,False,True,False,False,1,2,2,1,3,1,14,13,11,9,8,5,5,7,9,10,13,14,0.05,0.05,5,18
3987,devastation,Pakistan,At least 18 houses 5 bridges destroyed in flash #floods in #Gilgit-#Baltistan on Wednesday. http://t.co/HSJcR45SIS http://t.co/dQ931ea6Pr,devastated,False,16,137,13,9,12,18,False,True,True,False,0,0,2,1,2,0,10,10,10,8,7,5,6,6,8,9,11,11,0.4,-0.3,3,15
3988,devastation,,70 Years After Atomic Bombs Japan Still Struggles With War Past: The anniversary of the devastation wrought b... http://t.co/JESoSSDjjH,devastated,False,19,135,18,2,5,22,False,True,False,False,3,2,6,1,1,0,17,14,12,6,5,4,5,7,13,14,15,15,0.25,-0.25,2,19
3991,devastation,kansas USA,70 Years After Atomic Bombs Japan Still Struggles With Wartime Past: The anniversary of the devastation wroug... http://t.co/AU6Sm5FaMq,devastated,False,18,135,16,4,5,21,False,True,False,False,2,1,6,1,1,1,16,14,13,7,6,5,4,5,11,12,13,14,0.25,-0.25,2,18
3999,disaster,Ottawa,IRIN Asia | Red tape tangles Nepal reconstruction | Nepal | Disaster Risk Reduction | Natural Disasters http://t.co/q7LG6ncf7G,disaster,True,18,126,16,3,8,18,False,True,False,True,1,4,2,0,2,1,14,13,9,7,7,5,5,9,11,11,13,14,0.2,0.05,0,14
4001,disaster,crying,@quinhii I'm the one who started it so I feel like I have so much responsibility bUT NO ONE DOES ANYTHING OTL (a 'national' disaster lol),disaster,True,26,137,25,0,6,25,False,False,False,True,7,6,0,0,1,3,19,12,6,6,6,5,14,20,20,20,21,24,0.44999999999999996,0.5,7,24
4002,disaster,Indiana,Trying to route my sister into W. Lafayette from the Indy airport. Suggested I-74 to SR 25 west of Crawfordsville. Hope it's not a disaster.,disaster,True,25,140,10,4,2,28,False,False,False,True,2,7,1,2,0,1,17,15,8,7,5,5,10,17,18,20,20,21,0.0,0.0,10,24
4004,disaster,"UiTM, Shah Alam",Time to End the Disaster of Rail Privatisation http://t.co/ksxznPY5gt,disaster,True,9,69,7,1,4,9,False,True,False,False,2,2,0,0,0,1,7,5,3,3,3,3,4,6,6,6,6,7,0.0,0.0,3,9
4007,disaster,,Reade this and see how are politicians are leading us to disaster all for the #GreedyRich https://t.co/2bFliBD2sh,disaster,True,17,113,6,2,5,17,False,True,True,False,8,1,1,0,1,1,15,7,6,5,5,4,10,11,12,12,13,14,0.0,0.0,9,16
4009,disaster,,paladins is going to be a disaster,disaster,True,7,34,0,0,0,6,False,False,False,False,0,0,1,0,0,2,3,3,3,2,2,2,4,4,5,5,5,7,0.0,0.0,4,7
4013,disaster,London,#MicrosoftÛªs #Nokia acquisition was an even bigger #disaster than we ever imagined http://t.co/CV0mrisFt3,disaster,True,13,107,5,2,10,13,False,True,True,False,1,3,0,2,0,1,11,10,7,7,5,5,3,6,6,8,8,9,0.5,0.0,4,13
4015,disaster,,#OVERPOPULATION Not only R women incapable of keeping their legs together 2 save the world from endless brats they want to RUN the disaster,disaster,True,24,139,19,1,1,23,False,False,True,True,4,6,4,0,2,2,20,16,10,6,6,4,8,14,18,18,20,22,0.875,-0.0625,8,23
4016,disaster,Ottawa,Harper gets sassed by Albertans after calling NDP government a Û÷disaster' http://t.co/vsMOJyfzDg via @huffpostalberta #HarperBlamesAlbertans,disaster,True,15,142,12,0,10,15,False,True,True,True,2,1,1,2,1,0,13,11,10,9,7,6,4,5,6,8,9,9,0.0,0.0,3,15
4023,disaster,,WHAT A DISASTER FOR SECRET  #TI5,disaster,True,7,32,24,1,1,6,False,False,True,True,1,2,0,1,0,1,5,4,2,2,1,1,3,5,5,6,6,7,0.7,-0.4,0,7
4031,disaster,,Disaster [Chapter 27] https://t.co/EAsxT3y84R http://t.co/CjUFunsDKg,disaster,True,5,68,11,5,10,6,False,True,False,False,1,0,0,0,0,2,5,4,4,4,4,4,1,1,1,1,1,3,0.0,0.0,0,5
4035,disaster,,Deepwater drill company gains $735m: Transocean one of the companies associated with BP's Deepwater Horizon oil well disaster recoversÛ_,disaster,True,19,137,6,3,6,18,False,False,False,False,3,3,2,1,2,1,18,15,12,10,9,7,4,7,9,10,12,13,0.0,0.0,3,18
4036,disaster,Jamaica,MicrosoftÛªs Nokia acquisition was an even bigger disaster than we ever imagined https://t.co/4MneTInGXl,disaster,True,13,105,7,1,7,13,False,True,False,False,1,3,1,1,0,2,11,10,7,6,5,5,3,6,7,8,8,10,0.5,0.0,4,13
4037,disaster,NYC/LI/NJ/LHV,Not an electric debut for Severino but not a disaster either. Looking forward to see what adjustments he makes for start #2.,disaster,True,22,124,3,1,1,23,False,False,True,False,7,1,3,0,3,3,18,11,10,7,7,4,11,12,15,15,18,21,0.0,0.0,9,21
4040,disaster,,"This Palestinian family was lucky but hundreds are feared dead in the latest boat disaster in the Mediterranean
https://t.co/cT5v3LcNKD",disaster,True,18,135,8,2,5,18,False,True,False,False,5,3,1,3,0,2,16,11,8,7,4,4,7,10,11,14,14,16,0.7111111111111111,0.2111111111111111,7,16
4048,displaced,International Action,Heat wave adding to the misery of internally-displaced Gazans http://t.co/jW3hN9ewFT via @PressTV http://t.co/NYWrkRQ7Kn,displaced,True,13,120,15,3,10,14,False,True,False,False,2,2,0,3,0,1,11,9,7,7,4,4,4,6,6,9,9,10,0.0,0.0,3,13
4053,displaced,Pedophile hunting ground,.POTUS #StrategicPatience is a strategy for #Genocide; refugees; IDP Internally displaced people; horror; etc. https://t.co/rqWuoy1fm4,displaced,True,15,134,13,2,10,17,False,True,True,True,2,1,0,1,2,1,13,11,10,10,9,7,4,5,5,6,8,9,0.0,0.0,3,15
4056,displaced,Pedophile hunting ground,.POTUS #StrategicPatience is a strategy for #Genocide; refugees; IDP Internally displaced people; horror; etc. https://t.co/rqWuoy1fm4,displaced,True,15,134,13,2,10,17,False,True,True,True,2,1,0,1,2,1,13,11,10,10,9,7,4,5,5,6,8,9,0.0,0.0,3,15
4059,displaced,"San Francisco, CA",Next up: a charity program for disadvantaged people displaced by the tech boom in SF based on Tinder technology.  https://t.co/yNVz1WrgtN,displaced,True,21,137,8,1,5,22,False,True,False,False,3,3,1,2,2,0,15,12,9,8,6,4,9,12,13,15,17,17,0.0,0.0,7,21
4066,displaced,magodo,#mightyworld Thousands displaced after monsoon rains in Myanmar: Tens of thousands of people have been displac... http://t.co/HkSDk89c6C,displaced,True,17,136,7,3,6,20,False,True,True,False,0,3,2,1,1,1,14,14,11,9,8,7,3,6,8,9,10,11,0.0,0.0,6,16
4067,displaced,,Angry Woman Openly Accuses NEMA Of Stealing Relief Materials Meant For IDPs: An angry Internally Displaced woman... http://t.co/C1vzJOr2qz,displaced,True,18,138,23,2,5,21,False,True,False,True,1,1,5,2,1,2,16,15,14,9,7,6,3,4,9,11,12,14,0.625,-0.25,0,18
4069,displaced,"Nottingham, England",Oof. Vikings took an island off the mainland. The noble house who ruled there got displaced... into my county. Welcome new vassals!,displaced,True,22,131,4,0,0,28,False,False,False,False,6,3,4,1,3,1,20,14,11,7,6,3,8,11,15,16,19,20,0.7515151515151515,0.5234848484848484,7,22
4070,displaced,"Indianapolis, IN",Job event targets displaced Double 8 employees http://t.co/2SJaaDRYdc http://t.co/RovTa5EUQO,displaced,True,9,92,13,3,8,10,False,True,False,False,1,0,1,1,1,0,8,7,7,6,5,4,2,2,3,4,5,5,0.0,0.0,0,9
4071,displaced,NYC,It's crazy how far in advance you feel the air displaced by a subway car before the train itself shows up.,displaced,True,21,106,1,0,1,21,False,False,False,False,8,2,3,3,1,0,18,10,8,5,2,1,11,13,16,19,20,20,0.95,-0.25,10,20
4073,displaced,U.S.,#Myanmar  Displaced #Rohingya at #Sittwe point of no return http://t.co/3S8nhaPVCh  #Prison like conditions #genocide IHHen MSF Refugees,displaced,True,19,136,16,2,9,19,False,True,True,True,1,1,2,1,2,2,14,13,12,10,9,7,6,7,9,10,12,14,0.0,0.0,3,18
4074,displaced,,Displaced,displaced,True,1,9,1,0,0,0,False,False,False,False,0,0,0,0,0,0,1,1,1,1,1,1,0,0,0,0,0,0,0.0,0.0,0,1
4075,displaced,usa,local family displaced by fire http://t.co/f1nu18CArd via @gofundme  Lets help that family out please,displaced,True,15,101,3,3,5,15,False,True,False,False,2,4,1,3,0,0,13,11,7,6,3,3,4,8,9,12,12,12,0.0,0.0,3,14
4082,displaced,U.S.,.POTUS #StrategicPatience is a strategy for #Genocide; refugees; IDP Internally displaced people; horror; etc. https://t.co/8owC41FMBR,displaced,True,15,134,17,3,10,17,False,True,True,True,2,1,0,1,2,1,13,11,10,10,9,7,4,5,5,6,8,9,0.0,0.0,3,15
4090,displaced,,Try not eating like a fat ass RT @INeedJa_Kadeeja: How much would it cost to have some fat displaced? Asking for a friend.,displaced,True,23,122,9,0,3,24,True,False,False,False,7,5,1,2,1,0,18,11,6,5,3,2,12,17,18,20,21,21,0.2,0.2,8,21
4099,drought,,U.S. in record hurricane drought http://t.co/NratKzyU5E #JustBitching http://t.co/JATvPAT0MO,drought,True,8,92,16,2,9,11,False,True,True,True,0,1,0,1,1,0,7,7,6,6,5,4,1,2,2,3,4,4,0.0,0.0,1,8
4102,drought,"Beaumont, Texas",Drought report lists SE Texas as 'abnormally dry' http://t.co/wBOXpyoZj0 #SETXNews,drought,True,10,82,13,1,7,10,False,True,True,False,0,1,2,1,1,0,8,8,7,5,4,3,2,3,5,6,7,7,0.6,-0.06666666666666665,1,10
4106,drought,"Cary, North Carolina",The Best Drought-Tolerant Perennials http://t.co/AdZONC7Olv http://t.co/ih9iTMhFjZ,drought,True,6,82,15,2,9,7,False,True,False,False,1,1,0,0,0,0,6,5,4,4,4,4,1,2,2,2,2,2,0.3,1.0,0,6
4109,drought,"San Gabriel Valley, CA",El Monte attempts to shed reputation of delinquency in drought - The Pasadena Star http://t.co/2wGOUCOHOu,drought,True,15,105,12,1,5,15,False,True,False,False,1,2,1,0,1,2,10,9,7,6,6,5,6,8,9,9,10,12,0.0,0.0,3,15
4110,drought,arizona,@MarcVegan @NonDairyKerry true. Also takes 16000 gal water to produce 1 lb hamburger. Drought in Midwest will be chaos,drought,True,19,118,8,6,2,20,False,False,False,False,1,2,5,0,3,0,14,13,11,6,6,3,6,8,13,13,16,16,0.65,0.35,4,19
4115,drought,Windsor ??CT ,I thought it was a drought,drought,True,6,26,1,0,0,5,False,False,False,False,1,0,0,0,2,0,3,2,2,2,2,0,4,4,4,4,6,6,0.0,0.0,3,6
4118,drought,Portugal-Spain-Indonesia,U.S. in record hurricane drought http://t.co/JXOMdLtJ73,drought,True,6,55,8,2,4,8,False,True,False,True,0,1,0,1,1,0,5,5,4,4,3,2,1,2,2,3,4,4,0.0,0.0,1,6
4120,drought,"Tyler, TX",New drought monitor showing drought spreads in ETX. 'Severe Drought' in Marion/Harrison Counties. @KLTV7 http://t.co/v8eG2kSLoH,drought,True,15,127,17,3,8,17,False,True,False,True,1,1,0,1,6,1,13,12,11,11,10,4,3,4,4,5,11,12,0.45454545454545453,0.13636363636363635,2,13
4125,drought,,Thought it was a drought!,drought,True,5,25,1,0,0,5,False,False,False,False,1,0,0,0,1,1,3,2,2,2,2,1,3,3,3,3,4,5,0.0,0.0,3,5
4126,drought,,You can't use as much water in a drought as you can with a flood!,drought,True,15,65,1,0,1,15,False,False,False,False,4,2,2,1,1,0,10,6,4,2,1,0,9,11,13,14,15,15,0.2,0.25,8,13
4130,drought,,Water conservation urged for North Thompson: B.C. government declares a Level 3 drought level for the North Th... http://t.co/dJ4qw8YfW5,drought,True,19,136,11,4,5,24,False,True,False,True,3,1,7,0,1,1,17,14,13,6,6,5,5,6,13,13,14,15,0.0,0.0,4,17
4134,drought,Hustle Flow Nation,#KondoByJaymOnI U.S. in record hurricane drought http://t.co/fqLSkejWxH #Anticipate,drought,True,8,83,12,0,6,10,False,True,True,True,0,1,0,1,1,0,7,7,6,6,5,4,1,2,2,3,4,4,0.0,0.0,1,8
4136,drought,"San Francisco, CA",@jonbuda What if the drought is just a giant marketing campaign for Star Wars where they turn California into Tattooine?,drought,True,20,120,5,0,1,20,True,False,False,False,2,7,2,0,1,2,17,15,8,6,6,5,5,12,14,14,15,17,1.0,0.0,9,20
4137,drought,"Dubai, UAE",U.S. in record hurricane drought http://t.co/Wd4UdSxacq via CNN,drought,True,8,63,8,1,4,10,False,True,False,True,2,1,0,1,1,0,7,5,4,4,3,2,3,4,4,5,6,6,0.0,0.0,1,8
4144,drought,"Rock Hill , SC ",I swear theres a bud drought,drought,True,6,28,1,0,0,5,False,False,False,False,1,0,1,1,1,0,4,3,3,2,1,0,3,3,4,5,6,6,0.0,0.0,1,6
4148,drown,#NAME?,I'm incredibly sad &amp; heartbroken so I'm just going to drown my sorrows in food &amp; watch tv all night ?? http://t.co/yQiZ2p1rSm,drown,True,22,133,5,2,10,24,True,True,False,False,4,2,6,0,1,0,16,12,10,4,4,3,10,12,18,18,19,19,1.0,-0.5,6,20
4151,drown,Under Ya Skin,I'm bout to get in the shower an drown,drown,True,9,38,1,0,1,8,False,False,False,False,3,1,1,1,0,0,6,3,2,1,0,0,6,7,8,9,9,9,0.0,0.0,4,9
4155,drown,land-where-everything-sucks,i cant breathe and i feel my throat closing up i want to die let me drown in my own tears please,drown,True,22,96,0,0,0,21,False,False,False,False,4,3,2,2,2,0,13,9,6,4,2,0,13,16,18,20,22,22,1.0,0.6,11,19
4162,drown,,Need to drown in ice cream??,drown,True,6,28,1,0,0,7,True,False,False,False,1,1,1,0,1,0,4,3,2,1,1,0,3,4,5,5,6,6,0.0,0.0,2,6
4165,drown,England UK,@dolphfan36 I made it...Didnt drown,drown,True,5,35,2,2,1,7,False,False,False,False,0,1,1,0,0,0,4,4,3,2,2,2,1,2,3,3,3,3,0.0,0.0,1,5
4169,drown,,@GraysonDolan id drown,drown,True,3,22,2,0,1,2,False,False,False,False,0,0,1,0,0,0,2,2,2,1,1,1,1,1,2,2,2,2,0.0,0.0,0,3
4174,drown,My Own Little Corner,@LadyTraining yes I will probably drown her in craft throughout our years but by no means spoiled,drown,True,17,97,3,0,1,16,False,False,False,False,4,1,4,0,1,1,13,9,8,4,4,3,8,9,13,13,14,15,0.0,0.0,7,17
4179,drown,,Throw me in the deep end watch me drown,drown,True,9,39,1,0,0,8,False,False,False,False,2,1,3,0,0,0,6,4,3,0,0,0,5,6,9,9,9,9,0.4,0.0,4,8
4185,drown,,I'm gonna drown myself in leftover chilis wishing it was with him lol,drown,True,13,69,1,0,1,12,False,False,False,False,4,1,2,2,1,1,11,7,6,4,2,1,6,7,9,11,12,13,0.7,0.8,6,13
4186,drown,3-Jan,I'll let Louis drown me at the water wall by the mall If that makes him smile,drown,True,17,77,3,0,1,16,False,False,False,False,4,4,5,0,0,0,13,9,5,0,0,0,8,12,17,17,17,17,0.1,0.3,7,16
4187,drown,East Coast ,drown me in clementines,drown,True,4,23,0,0,0,3,False,False,False,False,0,0,1,0,0,0,2,2,2,1,1,1,2,2,3,3,3,3,0.0,0.0,2,4
4188,drown,"Manhattan, New York",When I genuinely like someone I REALLYYY like them and I have to hold back or else I'll drown them with affection and attention ??,drown,True,25,130,13,0,1,26,True,False,False,True,2,11,1,0,1,1,19,17,6,5,5,4,8,19,20,20,21,22,0.25,0.2,8,20
4190,drown,East Carolina University'19 ??,Fuck around and drown ???? https://t.co/fr5z9WklMZ,drown,True,6,50,4,2,4,10,True,True,False,False,1,2,1,1,0,0,6,5,3,2,1,1,1,3,4,5,5,5,0.6,-0.4,1,6
4192,drown,"Austin, TX",absolute drown your Wagyu steak in heaping piles of moist Smuckers Grape Jam,drown,True,13,76,4,0,0,12,False,False,False,False,1,1,6,0,1,2,11,10,9,3,3,2,3,4,10,10,11,13,0.9,0.2,3,13
4193,drown,"BogotÌÁ, Colombia",Drown me you make my heart beat like the rain.,drown,True,10,46,1,0,0,10,False,False,False,False,2,3,3,0,0,0,8,6,3,0,0,0,4,7,10,10,10,10,0.0,0.0,4,10
4194,drown,,@Vanquiishher it can legit drown,drown,True,5,32,1,0,1,4,False,False,False,False,1,0,2,0,0,0,4,3,3,1,1,1,2,2,4,4,4,4,0.0,0.0,2,5
4195,drown,chillin,Yeah I'm definitely just gonna go drown myself in the pool bc it's just too damn hot inside,drown,True,18,91,2,0,2,17,False,False,False,False,4,6,2,2,0,0,15,11,5,3,1,1,7,13,15,17,17,17,0.675,0.125,7,17
4196,drown,ID where potatoes grow,@GraysonDolan I'll fall and drown so I think I'll pass,drown,True,10,54,5,0,3,9,False,False,False,False,1,4,2,0,0,0,8,7,3,1,1,1,3,7,9,9,9,9,0.0,0.0,2,9
4207,drowned,UK,Hundreds feared drowned as migrant boat capsizes off Libya: Hundreds of migrants are feared to have drowned af... http://t.co/bF3OhacB1r,drown,True,19,136,6,2,5,22,False,True,False,False,2,2,1,3,3,4,16,14,12,11,8,5,5,7,8,11,14,18,0.1,-0.1,6,16
4208,drowned,,100s of migrants feared drowned after 700 squeeze onto boat in Mediterranean.  http://t.co/lsyPtk18se,drown,True,14,101,2,8,4,15,False,True,False,False,1,3,1,1,2,1,11,10,7,6,5,3,4,7,8,9,11,12,0.1,-0.1,3,14
4215,drowned,Germany,Hundreds feared drowned as migrant boat capsizes off Libya: Hundreds of migrants are feared to have drowned af... http://t.co/Cbhe0eXIRA,drown,True,19,136,8,1,5,22,False,True,False,False,2,2,1,3,3,4,16,14,12,11,8,5,5,7,8,11,14,18,0.1,-0.1,6,16
4217,drowned,FEMA REGION 2,Hundreds of migrants feared drowned off Libya: http://t.co/RTx4O0SIyH #news #bbc #cnn #msnbc #nyt #tcot #tlot #waar #ccot #ctot #p2 #ap,drown,True,20,135,8,3,17,20,False,True,True,False,3,3,6,3,1,2,19,16,13,7,4,3,4,7,13,16,17,19,0.1,-0.1,2,20
4222,drowned,MA,You're getting drowned out yet I still search for you.,drown,True,10,54,2,0,1,10,False,False,False,False,3,1,1,2,2,0,9,6,5,4,2,0,4,5,6,8,10,10,0.1,-0.1,3,10
4223,drowned,,Hundreds feared drowned as migrant boat capsizes off Libya http://t.co/U8H5s8oPs5 #NLU,drown,True,11,86,8,4,5,11,False,True,True,True,1,2,1,1,2,2,10,9,7,6,5,3,2,4,5,6,8,10,0.1,-0.1,2,11
4226,drowned,,@oilersjaysfan how's the rain have you drowned yet?,drown,True,8,51,0,0,2,8,True,False,False,False,2,3,1,0,1,0,8,6,3,2,2,1,2,5,6,6,7,7,0.1,-0.1,4,8
4228,drowned,,Jeff was bullied Sally was raped Ben was drowned Hoodie was betrayed LJ was abandoned EJ was a sacrifice Lost S.. (http://t.co/mFl7jzspOu),drown,True,22,138,12,1,6,24,False,True,False,True,8,2,2,1,2,1,19,11,9,7,6,4,11,13,15,16,18,19,0.1,-0.1,7,17
4229,drowned,California USA,Tried my 1st #beastburger by #beyondmeat.  nowhere near what i thought based on hype. Drowned in ketchup wasnt bad but w/dijon it sucked.,drown,True,24,137,2,1,3,26,False,False,True,False,3,2,4,0,6,0,17,14,12,8,8,2,10,12,16,16,22,22,0.38888888888888884,-0.23333333333333328,8,24
4231,drowned,Jupiter,#dw_english Hundreds feared drowned as migrant boat capsizes off Libya: Hundreds of migrants are feared to hav... http://t.co/i9HW0qZoVy,drown,True,18,136,7,2,7,21,False,True,True,False,2,1,0,4,2,4,15,13,12,12,8,6,5,6,6,10,12,16,0.1,-0.1,5,16
4234,drowned,almonds,pretty sure i almost drowned 26 times in the pool today thanks to abrianna,drown,True,14,74,0,2,0,13,False,False,False,False,1,2,2,3,1,1,10,9,7,5,2,1,5,7,9,12,13,14,0.5472222222222223,0.21250000000000002,4,14
4236,drowned,Ex Astris Scientia. TSSADID.,@BenWunsch I ALMOST DROWNED AT SEA,drown,True,6,34,21,0,1,5,False,False,False,True,1,0,0,1,1,0,4,3,3,3,2,1,3,3,3,4,5,5,0.1,-0.1,0,6
4249,drowning,"Johnstown, NY",Having such a hard time with everything im drowning literally,drown,True,10,61,1,0,0,9,False,False,False,False,0,4,0,1,0,1,8,8,4,4,3,3,2,6,6,7,7,8,0.5208333333333333,-0.14583333333333334,3,10
4254,drowning,,Boy saves autistic brother from drowning: A nine-year-old in Maine dove into a pool to save his autistic broth... http://t.co/pihUIaOR5O,drown,True,20,136,8,1,7,23,False,True,False,False,2,5,2,0,1,3,16,14,9,7,7,6,6,11,13,13,14,17,0.2,-0.2,6,19
4258,drowning,"Atlanta, GA",Family mourns drowning of 'superhero' toddler with rare epilepsy: Bradley Diebold suffered hundreds of epilept... http://t.co/aSAn4yGd48,drown,True,16,136,6,3,7,19,False,True,False,False,0,2,0,2,3,3,14,14,12,12,10,7,2,4,4,6,9,12,0.9,0.3,3,15
4259,drowning,Doo Doo Boy Island,If you told me you was drowning. I would not lend a hand!,drown,True,13,57,2,0,0,14,False,False,False,False,4,2,2,0,0,0,9,5,3,1,1,1,8,10,12,12,12,12,0.0,0.0,6,12
4263,drowning,"Morioh, Japan",@TinyJecht Those eyes.. desperate like a mouse drowning in a septic tank.,drown,True,12,73,3,0,1,14,False,False,False,False,0,1,3,2,0,1,9,9,8,5,3,3,3,4,7,9,9,10,1.0,-0.6,3,11
4267,drowning,real world,and no one knows that i'm drowning and i know that i can't fcking survive,drown,True,15,73,0,0,2,14,False,False,False,False,4,3,2,1,1,1,12,8,5,3,2,1,7,10,12,13,14,15,0.0,0.0,8,12
4277,drowning,,I have the experience performing cpr on a actual drowning victim.,drown,True,11,65,1,0,0,11,False,False,False,False,2,1,0,1,1,1,8,6,5,5,4,3,5,6,6,7,8,9,0.07500000000000001,-0.037500000000000006,4,11
4278,drowning,,The Drowning Girl by Caitlin R. Kiernan Centipede Press Signed numbered Limited - Full reÛ_ http://t.co/CBaXj72lVC http://t.co/s9wXIDItJh,drown,True,17,138,21,3,12,19,False,True,False,False,1,2,2,1,3,2,14,13,11,9,8,5,4,6,8,9,12,14,0.3464285714285714,0.1392857142857143,1,17
4280,drowning,New York,The Drowning Girl by Caitlin R. Kiernan Centipede Press Signed numbered Limited - Full reÛ_ http://t.co/2zJcfAzs2N http://t.co/jAAvvwDOZ6,drown,True,17,138,19,3,12,19,False,True,False,False,1,2,2,1,3,2,14,13,11,9,8,5,4,6,8,9,12,14,0.3464285714285714,0.1392857142857143,1,17
4283,drowning,130515 Û¢ Gallavich.,AND I'M DROWNING IN THE DÌäJÌÛ VUUUUU WE'VE SEEN IT ALL BEFOOOOOOOORE,drown,True,12,69,52,0,6,11,False,False,False,True,4,1,1,2,0,1,10,6,5,4,2,2,6,7,8,10,10,11,0.0,0.0,0,12
4285,drowning,Liverpool,Boy saves autistic brother from drowning: A nine-year-old in Maine dove into a pool to save his autistic brother from drowning,drown,True,21,126,3,0,3,20,False,False,False,False,2,6,2,0,2,3,17,15,9,7,7,5,6,12,14,14,16,19,0.2,-0.2,7,18
4286,drowning,,Boy saves autistic brother from drowning: A nine-year-old in Maine dove into a pool to save his autistic brother from drowning,drown,True,21,126,3,0,3,20,False,False,False,False,2,6,2,0,2,3,17,15,9,7,7,5,6,12,14,14,16,19,0.2,-0.2,7,18
4287,drowning,New York,The Drowning Girl by Caitlin R. Kiernan Centipede Press Signed numbered Limited - Full reÛ_ http://t.co/eOMdGhraLg http://t.co/i4SG3nvGp8,drown,True,17,138,18,3,12,19,False,True,False,False,1,2,2,1,3,2,14,13,11,9,8,5,4,6,8,9,12,14,0.3464285714285714,0.1392857142857143,1,17
4290,drowning,"Bangalore,India",Migrants drowning - we will be erecting monuments 100 years from now and shed tears for the most powerful nations' greed of letting them die,drown,True,25,140,1,3,2,24,False,False,False,False,6,5,3,0,1,5,21,15,10,7,7,6,10,15,18,18,19,24,0.75,0.4,11,25
4291,drowning,"Pico Rivera, CA",Drowning doesn't sound half bad rn,drown,True,6,34,1,0,1,5,False,False,False,False,1,1,1,0,1,1,5,4,3,2,2,1,2,3,4,4,5,6,0.41111111111111115,-0.15555555555555547,1,6
4294,drowning,,Boy saves autistic brother from drowning #NewsVideos http://t.co/8NZt51ew14,drown,True,8,75,5,5,5,8,False,True,True,False,1,1,1,0,1,2,8,7,6,5,5,4,1,2,3,3,4,6,0.2,-0.2,1,8
4302,dust storm,"Playing: HL2: EP1, Dust: AET",OH SHIT DUST'S STORM ATTACK AND FIDGET'S BULLET THING MADE SOME CRAZY RICOCHET ATTACK,dust storm,False,14,85,70,0,2,13,False,False,False,True,1,3,3,4,0,2,13,12,9,6,2,2,2,5,8,12,12,14,0.8500000000000001,-0.4,0,13
4308,dust storm,,The dust storm chase scene is pretty damn cool. #GhostProtocol,dust storm,True,10,62,3,0,1,10,False,False,True,False,1,2,4,1,0,0,9,8,6,2,1,1,2,4,8,9,9,9,0.825,0.3,1,10
4310,dust storm,,New Mad Max Screenshots Show Off a Lovely Dust Storm Combat... #pc  #gamescom http://t.co/Qq1yW0brsR,dust storm,True,15,100,13,2,6,18,False,True,True,False,5,2,1,1,0,0,13,8,6,5,4,4,7,9,10,11,11,11,0.7348484848484849,0.0037878787878787845,1,15
4311,dust storm,,recent project (Dust Storm ). :) http://t.co/jmj9izVvzO,dust storm,True,7,55,4,1,8,8,False,True,False,False,0,0,2,1,1,0,5,5,5,3,2,1,2,2,4,5,6,6,0.625,0.25,0,7
4315,dust storm,Mtl,Photo: susfu: Dust storm rolling onto the base by cptesco August 03 2008 at 09:39PM http://t.co/ekkruDQzbv,dust storm,True,16,106,7,10,7,16,False,True,False,True,1,4,1,3,3,0,13,12,8,7,4,1,4,8,9,12,15,15,1.0,-0.8,3,16
4316,dust storm,,New Mad Max Screenshots Show Off a Lovely Dust Storm Combat Magnum Opus: New Mad Max screenshots have beenÛ_ http://t.co/l8dh8KLRKR,dust storm,True,20,132,20,2,8,20,False,True,False,False,7,3,2,3,1,0,19,12,9,7,4,3,8,11,13,16,17,17,0.7318181818181818,-0.09545454545454546,2,17
4319,dust storm,"East la Mirada, CA",@christinaperri #askceeps have you seen @colinodonoghue1 in his new movie trailer for The Dust Storm?,dust storm,True,15,101,3,1,3,15,True,False,True,False,5,3,1,1,1,0,14,9,6,5,4,3,6,9,10,11,12,12,0.45454545454545453,0.13636363636363635,5,15
4331,dust storm,France,Photoset: hookier: New stills from The Dust Storm (x) http://t.co/h8YjcFG8hv,dust storm,True,10,76,8,2,8,10,False,True,False,False,3,2,1,1,0,1,10,7,5,4,3,3,3,5,6,7,7,8,0.45454545454545453,0.13636363636363635,1,10
4338,dust storm,San Francisco,@whatupdave Headline in 2075 'Dust Storm on Mars Destroys 1% of Money Supply',dust storm,True,13,77,7,5,4,12,False,False,False,False,0,2,3,0,1,2,9,9,7,4,4,3,4,6,9,9,10,12,0.0,0.0,3,13
4339,dust storm,Louisville Kentucky,Pickathon dust storm is sadly over but we have @sunsetballard in Seattle tonight to look forward to w/ @tomonakayama http://t.co/RtgGzWCAix,dust storm,True,20,139,7,0,7,20,False,True,False,False,1,4,2,0,3,0,14,13,9,7,7,4,7,11,13,13,16,16,1.0,-0.5,8,19
4340,dust storm,The Universe,Kids Disappear in Dust Storm in Atmospheric Aussie Thriller http://t.co/iR7VaxehEW RT @Newz_Sacramento,dust storm,True,12,102,15,1,6,12,False,True,False,False,0,2,1,1,0,1,9,9,7,6,5,5,3,5,6,7,7,8,0.0,0.0,2,11
4344,dust storm,"Jeddah, Makkah Al Mukarrama",No storm lasts forever the dust must settle truth will prevail. http://t.co/1cjyfY8iXj,dust storm,False,12,86,3,2,4,13,False,True,False,False,1,3,3,1,1,1,11,10,7,4,3,2,2,5,8,9,10,11,0.0,0.0,2,12
4346,dust storm,San Francisco,A dust storm in Pheonix. http://t.co/AMgfOnzUSD,dust storm,True,6,47,8,0,4,7,False,True,False,False,0,1,1,0,0,1,4,4,3,2,2,2,2,3,4,4,4,5,0.0,0.0,1,6
4347,dust storm,,NASA MODIS image: Dust storm over Morocco and the Straits of Gibraltar http://t.co/Q1jBreEsXv #duststorm,dust storm,True,14,104,17,1,6,14,False,True,True,True,2,3,2,1,2,0,13,11,8,6,5,3,3,6,8,9,11,11,0.0,0.0,4,14
4360,earthquake,"Hawaii, USA",USGS EQ: M 1.9 - 5km S of Volcano Hawaii: Time2015-08-06 01:04:01 UTC2015-08-05 15:04:01 -10:00 a... http://t.co/3rrGHT4ewp #EarthQuake,earthquake,True,18,135,19,37,18,22,False,True,True,True,3,2,0,1,2,2,14,11,9,9,8,6,7,9,9,10,12,14,0.0,0.0,2,18
4364,earthquake,"Do Not Follow Me, Am I a Bot.",#Earthquake of M 2.9 - 140km W of Ferndale California http://t.co/8t8oSCs4w7,earthquake,True,11,76,7,9,6,12,False,True,True,False,1,0,1,0,0,1,6,5,5,4,4,4,6,6,7,7,7,8,0.0,0.0,2,10
4367,earthquake,"Bay Area, California ",@lizXy_ IMAGINE IF AN EARTHQUAKE HAPPENED,earthquake,True,6,41,30,0,2,5,False,False,False,True,0,0,0,0,2,1,4,4,4,4,4,2,2,2,2,2,4,5,0.0,0.0,0,6
4369,earthquake,"Sydney, New South Wales",#Children traumatised after the Nepal earthquake are educated on coping mechanisms.   http://t.co/UbwDBydK1a,earthquake,True,14,108,6,1,5,15,False,True,True,False,2,0,2,1,0,1,11,9,9,7,6,6,5,5,7,8,8,9,0.0,0.0,4,13
4370,earthquake,Rocky Mountains Colorado,Manuscript suspiciously rejected by Earthquake Science Journal could rock your world https://t.co/6vBQEwsl1J viaYouTube,earthquake,True,13,119,10,2,4,13,False,True,False,False,0,2,2,0,2,1,12,12,10,8,8,6,1,3,5,5,7,8,0.0,0.0,2,13
4371,earthquake,in the Word of God,@GreenLacey GodsLove &amp; #thankU my sister for RT of NEW VIDEO http://t.co/cybKsXHF7d The Coming Apocalyptic US Earthquake &amp; Tsunami,earthquake,True,19,138,26,1,10,19,False,True,True,True,3,0,3,2,2,1,15,12,12,9,7,5,7,7,10,12,14,15,0.45454545454545453,0.13636363636363635,3,18
4380,earthquake,,5.3 #Earthquake in South Of Fiji Islands. #iPhone users download the Earthquake app for more information http://t.co/V3aZWOAmzK,earthquake,True,17,127,13,3,6,19,False,True,True,False,4,2,2,0,1,2,15,11,9,7,7,6,6,8,10,10,11,13,0.5,0.5,4,17
4386,earthquake,"Alaska, USA",#USGS M 1.9 - 15km E of Anchorage Alaska: Time2015-08-06 00:11:16 UTC2015-08-05 16:11:16 -08:00 at epicen... http://t.co/HkIiPyX5jL #SM,earthquake,False,18,135,19,37,18,22,False,True,True,True,2,1,1,1,1,2,13,11,10,9,8,7,7,8,9,10,11,13,0.0,0.0,2,18
4389,earthquake,"California, USA",1.57 magnitude #earthquake. 27 km from #Ramona CA #UnitedStates http://t.co/ZtOlVGkDuk,earthquake,True,10,86,10,5,7,12,False,True,True,False,0,2,0,0,1,0,7,7,5,5,5,4,3,5,5,5,6,6,0.0,0.0,1,10
4390,earthquake,"Alaska, USA",1.9 magnitude #earthquake. 16 km from Anchorage AK #UnitedStates http://t.co/wVu08yJGOK,earthquake,True,10,87,10,6,6,12,False,True,True,False,1,1,0,0,0,0,7,6,5,5,5,5,4,5,5,5,5,5,0.0,0.0,1,10
4394,earthquake,San Bernardo - Chile,#SISMO ML 2.0 SICILY ITALY http://t.co/vsWivoDCkL,earthquake,False,6,49,22,2,5,7,False,True,True,True,1,0,1,2,0,0,5,4,4,3,1,1,2,2,3,5,5,5,0.0,0.0,0,6
4399,electrocute,Duel Academia,@maeisdumb WHOAHAHAHAHHDJS electrocute me....,electrocute,True,4,45,15,0,1,7,False,False,False,True,0,0,0,1,0,0,4,4,4,4,3,3,0,0,0,1,1,1,0.0,0.0,1,4
4400,electrocute,Here.,hmm what if I've already met my special someone but i dnt even know it ??????,electrocute,False,16,77,1,0,1,21,True,False,False,False,4,4,0,1,3,0,12,8,4,4,3,0,8,12,12,13,16,16,0.5714285714285714,0.35714285714285715,6,16
4404,electrocute,Manchester,Wish I didn't just electrocute myself 4 times in 30 seconds ??,electrocute,True,12,62,2,3,1,13,True,False,False,False,0,2,1,2,1,0,7,7,5,4,2,1,5,7,8,10,11,11,0.0,0.0,4,12
4409,electrocute,   Manchester/Nantwich,Wish I could buy a device that would electrocute me every time I went to eat something unhealthy....Eat so much shit.??????????,electrocute,True,21,127,4,0,0,35,True,False,False,False,2,5,3,1,0,0,15,13,8,5,4,4,8,13,16,17,17,17,0.8,-0.2,5,20
4414,electrocute,,Photo: weallheartonedirection: I wouldnÛªt let David electrocute himself so IÛªm the asshole http://t.co/nC2d6IRm2u,electrocute,True,13,117,7,3,12,13,False,True,False,False,2,0,2,1,2,0,11,9,9,7,6,4,4,4,6,7,9,9,0.0,0.0,3,13
4417,electrocute,Here.,stay with me - sam.smith,electrocute,False,5,24,0,0,1,5,False,False,False,False,0,2,0,0,0,0,3,3,1,1,1,1,2,4,4,4,4,4,0.0,0.0,2,5
4418,electrocute,Under the rain...,So that it'll electrocute somebody's ass baa...No thank you https://t.co/x7P1xaBWTz,electrocute,True,10,83,6,2,6,13,False,True,False,False,2,1,2,0,0,1,9,7,6,4,4,4,3,4,6,6,6,7,0.0,0.0,3,10
4419,electrocute,clearlake,I feel like I would actually electrocute myself if I tried this  https://t.co/FgKpYTiKtI,electrocute,True,14,88,9,0,4,14,False,True,False,False,0,3,2,1,0,1,9,9,6,4,3,3,5,8,10,11,11,12,0.1,0.0,3,12
4420,electrocute,Twitter.,drinking pepsi im afraid i might spill some and then my headphones electrocute me.,electrocute,True,14,82,0,0,0,14,False,False,False,False,2,2,3,1,0,1,11,9,7,4,3,3,5,7,10,11,11,12,0.9,-0.6,6,14
4422,electrocute,beyond time and space,SPOILERS: your phone does not have the power to electrocute you if dropped in the bath,electrocute,True,16,86,8,0,1,15,False,False,False,True,4,4,2,0,1,0,13,9,5,3,3,2,7,11,13,13,14,14,0.0,0.0,10,15
4429,electrocute,"Melbourne, Australia",Morning Metro Late train? Check. Crazy guy who tells people the doors will electrocute them? Check.,electrocute,True,16,99,6,0,0,19,True,False,False,False,3,2,5,4,1,0,16,13,11,6,2,1,3,5,10,14,15,15,0.75,-0.44999999999999996,4,15
4431,electrocute,jds ,I broke my charger. Hella trying not to electrocute myself and die rn ????????,electrocute,True,14,78,2,0,0,22,True,False,False,False,3,0,2,2,0,2,10,7,7,5,3,3,7,7,9,11,11,13,0.0,0.0,5,14
4433,electrocute,,Eh it's the Macy's Thanksgiving Parade tomorrow! I'll be done. I'll still electrocute your email now!,electrocute,True,16,101,6,0,4,18,False,False,False,False,1,5,3,2,0,0,14,13,8,5,3,3,3,8,11,13,13,13,0.23333333333333334,-0.390625,5,15
4434,electrocute,"Milan, Lombardy",Do you remember when I suddenly electrocute you to death with my fox powers? Ha. Ha. Ha. Ha. Ha. Ha. Because I do.,electrocute,True,23,114,10,0,0,30,True,False,False,False,10,2,1,0,2,2,18,8,6,5,5,3,15,17,18,18,20,22,0.5,0.0,7,16
4439,electrocute,"Metro, Lampung ~ Balikpapan",#KCA #VoteJKT48ID JoelHeyman: My loose understanding is: @ 750k subs AH will electrocute then eat Michael. Don't want 2 influence anythinÛ_,electrocute,True,21,140,16,6,9,21,False,False,True,True,2,6,2,0,0,1,17,15,9,7,7,7,6,12,14,14,14,15,0.2692307692307692,-0.07692307692307693,3,21
4443,electrocute,Bieber Fever UK,"Why can't robots have a shower? 
Answer: Because they will electrocute themselves!",electrocute,True,12,82,3,0,3,13,True,False,False,False,1,3,1,1,2,1,11,10,7,6,5,3,2,5,6,7,9,10,0.0,0.0,5,12
4446,electrocute,32935,of electricity he had wire and a golf ball hooked up to catch a bolt of lightning and electrocute it you're not my brother I can tell. The,electrocute,True,28,138,2,0,1,28,False,False,False,False,6,4,2,2,1,0,18,12,8,6,4,3,16,20,22,24,25,25,0.0,0.0,15,25
4447,electrocute,301|804,Photo: weallheartonedirection: I wouldnÛªt let David electrocute himself so IÛªm the asshole http://t.co/wIabcyParM,electrocute,True,13,117,7,0,12,13,False,True,False,False,2,0,2,1,2,0,11,9,9,7,6,4,4,4,6,7,9,9,0.0,0.0,3,13
4453,electrocuted,Gap,I've had electrical tape wrapped around my charger for like 2 months bc I don't want to get electrocuted :))))) http://t.co/Fb3Do910FC,electrocute,True,21,134,6,5,12,21,False,True,False,False,3,4,1,3,2,0,16,13,9,8,5,3,8,12,13,16,18,18,1.0,0.5,5,21
4460,electrocuted,,Almost electrocuted myself ??,electrocute,True,4,29,1,0,0,5,True,False,False,False,0,0,0,2,0,0,3,3,3,3,1,1,1,1,1,3,3,3,0.0,0.0,1,4
4461,electrocuted,USA,South Side factory where worker electrocuted pays $17000 penalty #Columbus http://t.co/nSGWiCYXFT,electrocute,True,11,97,11,5,6,11,False,True,True,False,0,2,2,2,2,0,11,11,9,7,5,3,0,2,4,6,8,8,0.0,0.0,1,11
4462,electrocuted,"Stone Ridge, VA",When you realize you could have been electrocuted last night because you grabbed this in the dark.  How??? http://t.co/RJRoZMjF2n,electrocute,True,20,129,8,1,4,24,True,True,False,False,4,5,3,1,3,0,18,14,9,6,5,2,6,11,14,15,18,18,0.23333333333333334,-0.075,9,18
4467,electrocuted,Staffordshire,"Fish stand-up
'So what's up with whale sharks? They whales or sharks?'
*Silence*
'Is this thing on?'
*Flicks mic. All fish get electrocuted*",electrocute,True,19,140,7,0,14,22,True,False,False,False,2,6,2,2,1,0,17,15,9,7,5,4,4,10,12,14,15,15,0.0,0.0,6,19
4469,electrocuted,Central #Ohio,South Side factory where worker electrocuted pays $17000 penalty http://t.co/PENJHc4ZCx #Columbus #Ohio #news,electrocute,True,13,109,11,6,8,13,False,True,True,False,0,2,4,2,2,0,13,13,11,7,5,3,0,2,6,8,10,10,0.0,0.0,1,13
4473,electrocuted,hayling ,My brother just got electrocuted from the plug socket ????,electrocute,True,10,58,1,0,0,13,True,False,False,False,2,4,0,1,1,0,9,7,3,3,2,1,3,7,7,8,9,9,0.0,0.0,3,10
4474,electrocuted,Bikini Bottom,Got electrocuted by the mosquito killer. #boomshunga,electrocute,True,7,52,1,0,1,7,False,False,True,False,2,0,0,0,1,1,6,4,4,4,4,3,3,3,3,3,4,5,0.0,0.0,2,7
4475,electrocuted,Ireland,@EllaEMusic_ You should have just simply let on that you had electrocuted yourself while plugging in your phone charger. It works for me...,electrocute,True,23,139,5,0,2,26,False,False,False,False,5,4,4,2,0,3,20,15,11,7,5,5,8,12,16,18,18,21,0.35714285714285715,0.0,13,23
4477,electrocuted,,@philadper2014 They would all get #Electrocuted !!!!!!!!!,electrocute,True,7,57,2,4,2,15,False,False,True,False,2,1,1,0,0,0,7,5,4,3,3,3,2,3,4,4,4,4,0.0,0.0,1,7
4481,electrocuted,MNL,Beware! Dont use your earphones while your phone is charging. You might be electrocuted especially when your ears are wet.,electrocute,True,20,122,3,0,0,22,False,False,False,False,3,7,3,0,1,0,18,15,8,5,5,4,5,12,15,15,16,16,0.7,-0.05,8,18
4483,electrocuted,england,short hair probs: i can never look cute with bedhair anymore i just look like an electrocuted vagrant,electrocute,True,18,101,0,0,1,17,False,False,False,False,1,7,2,1,3,0,15,14,7,5,4,1,4,11,13,14,17,17,0.65,0.25,6,16
4484,electrocuted,mullingar ireland,@hairdryer180 you'll get electrocuted,electrocute,True,4,37,0,3,2,3,False,False,False,False,1,0,0,1,0,0,4,3,3,3,2,2,1,1,1,2,2,2,0.0,0.0,1,4
4485,electrocuted,,@SHGames Please fix the problem where zombies disable your Eco suit and the floor is electrocuted so u die auto magically plz,electrocute,True,22,125,5,0,1,21,False,False,False,False,7,3,2,1,3,1,19,12,9,7,6,3,10,13,15,16,19,20,1.0,0.5,7,21
4495,electrocuted,Nap town,I hope I get electrocuted today at work,electrocute,True,8,39,2,0,0,7,False,False,False,False,1,2,1,0,0,0,5,4,2,1,1,1,4,6,7,7,7,7,0.0,0.0,1,7
4497,electrocuted,South Park  ??????????????????,#IWouldntGetElectedBecause Oh I certainly would esp if there were any live wires...wait that's elected and not electrocuted!  Never-mind!,electrocute,True,19,137,8,0,3,23,False,False,True,False,4,2,2,1,1,0,15,11,9,7,6,5,8,10,12,13,14,14,0.5357142857142857,0.21367694805194803,7,19
4500,emergency,New York,Emergency Garage Gate Repairing Services 11211 NY: Our Offerings: UAC Entrances Brooklyn agent in the set up o... http://t.co/WMqOZ81R43,emergency,True,19,136,19,9,6,22,False,True,False,True,5,2,2,1,0,2,17,12,10,8,7,7,7,9,11,12,12,14,0.0,0.0,4,19
4501,emergency,USA,Motors Hot Deals #452 &gt;&gt; http://t.co/vcaptRnmIE MANUAL TRANSMISSION SHIFT KNOB+BOOT+EMERGENCY HAND BRAKE HANDLE 5Û_ http://t.co/S2ltphTGTJ,emergency,True,15,145,66,5,18,16,False,True,True,True,1,3,3,3,0,1,15,14,11,8,5,5,1,4,7,10,10,11,0.8500000000000001,0.25,0,15
4502,emergency,,11000 SEEDS 30 VEGETABLE FRUIT VARIETY GARDEN KIT EMERGENCY SURVIVAL GEAR MRE  - Full reaÛ_ http://t.co/VE78djgHa5 http://t.co/ugubwRPQFP,emergency,True,18,138,68,10,12,19,False,True,False,True,2,2,3,2,1,1,15,13,11,8,6,5,5,7,10,12,13,14,0.55,0.35,0,18
4505,emergency,,?????? EMERGENCY ?????? NEED PART 2 and 3!!! #NashNewVideo http://t.co/TwdnNaIOns @Nashgrier 103,emergency,True,12,96,25,5,6,27,True,True,True,True,2,3,0,2,0,0,11,9,6,6,4,4,3,6,6,8,8,8,0.0,0.0,1,11
4506,emergency,Isle of Patmos,No matter the dilemma emergency nor set-back; The Righteousness of JAH shall prevail! http://t.co/n0tIy7SU1C,emergency,True,14,108,10,3,6,15,False,True,False,True,4,0,1,1,1,1,12,8,8,7,6,5,6,6,7,8,9,10,0.0,0.0,3,14
4510,emergency,New York,11000 SEEDS 30 VEGETABLE FRUIT VARIETY GARDEN KIT EMERGENCY SURVIVAL GEAR MRE  - Full reaÛ_ http://t.co/OH4YSttyCo http://t.co/X8Kv8tZZE8,emergency,True,18,138,70,11,12,19,False,True,False,True,2,2,3,2,1,1,15,13,11,8,6,5,5,7,10,12,13,14,0.55,0.35,0,18
4512,emergency,New York,Survival Kit Whistle Fire Starter Wire Saw Cree Torch Emergency Blanket S knife  - Full reÛ_ http://t.co/8pFMSYPg5B http://t.co/nETYdvtLnb,emergency,True,19,139,23,2,12,20,False,True,False,False,2,4,3,0,3,1,16,14,10,7,7,4,5,9,12,12,15,16,0.55,0.35,0,19
4513,emergency,"Modesto, CA",RN / Registered Nurse / ER / Emergency Room - Supplemental Health Care: (#Modesto California ) http://t.co/YiYspjLKZO #Nursing #Job #Jobs,emergency,True,20,137,22,0,15,20,False,True,True,False,0,2,3,1,0,1,13,13,11,8,7,7,7,9,12,13,13,14,1.0,-0.75,0,18
4532,emergency,Ton's Ì¡ead town åÈ Tx,Job now are only in case of emergency.,emergency,True,8,38,1,0,0,8,False,False,False,False,3,2,0,0,0,0,6,3,1,1,1,1,5,7,7,7,7,7,1.0,0.0,5,8
4535,emergency,,@StephGHinojosa hey my mom said to tell your dad to call her ASAP. it's an emergency.,emergency,True,16,85,7,0,2,17,False,False,False,True,4,5,1,0,0,0,12,8,3,2,2,2,8,13,14,14,14,14,0.0,0.0,7,15
4536,emergency,ocsf,Leaving back to SF Friday have not packed one single thing 911 emergency,emergency,True,13,72,4,3,0,12,False,False,False,False,3,2,1,3,1,0,11,8,6,5,2,1,5,7,8,11,12,12,0.10714285714285714,-0.03571428571428571,3,13
4540,emergency,"Cincinnati, OH",Emergency hop kit? ;) jk  https://t.co/MkbQ2YE4Wq,emergency,True,7,49,6,2,6,8,True,True,False,False,1,1,0,0,0,0,4,3,2,2,2,2,4,5,5,5,5,5,1.0,0.25,0,7
4545,emergency,"Las Vegas, Nevada",Be safe and be prepare from emergency kits to evacuation. Alertness esp women and children who are also @gmanews  https://t.co/3GALBowItN,emergency,True,21,137,8,1,5,22,False,True,False,False,5,4,1,0,1,2,17,12,8,7,7,6,9,13,14,14,15,17,0.5,0.5,7,20
4552,emergency plan,"Calgary, Canada",Municipal Emergency Plan deactivated! Crisis averted.  https://t.co/37L4qUAAVu,emergency,True,8,78,9,3,4,10,False,True,False,False,0,1,0,1,0,1,7,7,6,6,5,5,1,2,2,3,3,4,0.0,0.0,0,8
4554,emergency plan,,Calgary takes another beating from summer storms; City activates emergency plan http://t.co/4oi9hMo7om,emergency,True,12,102,3,3,5,12,False,True,False,False,0,3,1,1,4,0,12,12,9,8,7,3,0,3,4,5,9,9,0.0,0.0,1,12
4555,emergency plan,,"119 Sri Lanka's 'Emergency' Line. 
Busy for the past 30 mins. 
Suppose I need to plan my emergencies better. #SL #RT",emergency,True,21,116,11,5,7,23,False,False,True,True,6,3,3,0,2,1,17,11,8,5,5,3,10,13,16,16,18,19,0.35000000000000003,0.11666666666666665,4,21
4558,emergency plan,"Vancouver, Canada",Calgary takes another beating from summer storms; City activates emergency plan: It was another day of watching theÛ_ http://t.co/240ZLieBrk,emergency,True,19,141,6,3,9,19,False,True,False,False,2,2,2,2,5,1,17,15,13,11,9,4,4,6,8,10,15,16,0.0,0.0,3,18
4559,emergency plan,"Paonia, Colorado",@go2MarkFranco I spoke w Caleen Sisk. If #ShastaDam gets funded through Cali Emergency Drought Act I plan on doing story wfocus on Winnemem,emergency,True,23,139,14,1,2,23,False,False,True,False,1,3,4,3,2,1,17,16,13,9,6,4,7,10,14,17,19,20,0.0,0.0,4,21
4560,emergency plan,"Tampa, Florida",New Blog Post Emergency-response plan helps employees get back to productive work http://t.co/Eu21N1G1ZX,emergency,True,13,104,9,4,5,13,False,True,False,False,2,5,1,0,0,0,12,10,5,4,4,4,3,8,9,9,9,9,0.22727272727272727,0.06818181818181818,1,13
4566,emergency plan,"Houston, Texas",Emergency-response plan helps employees get back to productive work http://t.co/tXQZN6GTHa @BusInsMagazine,emergency,True,11,106,11,1,6,11,False,True,False,False,1,3,1,0,0,0,10,9,6,5,5,5,2,5,6,6,6,6,0.0,0.0,1,11
4570,emergency plan,the Great White North,@660NEWS @cityofcalgary I picture Nenshi &amp; Jeff as the Wonder Twins. 'Municipal Emergency Plan -Activate!',emergency,True,15,110,13,3,7,16,False,False,False,True,1,2,1,3,1,1,13,12,10,9,6,5,3,5,6,9,10,11,0.0,0.0,2,15
4572,emergency plan,,Do you have an emergency drinking water plan? Download guide in English Spanish French Arabic or Vietnamese. http://t.co/S0ktilisKq,emergency,True,18,131,9,1,4,20,True,True,False,False,1,1,3,2,2,2,14,13,12,9,7,5,5,6,9,11,13,15,0.0,0.0,5,18
4574,emergency plan,"Fishkill, NY",I liked a @YouTube video from @prosyndicate http://t.co/mLvBg6sEka Minecraft: Hunting OpTic - Emergency Exit Plan! (Episode 13),emergency,True,17,127,14,3,10,18,False,True,False,False,1,2,4,0,1,2,14,13,11,7,7,6,4,6,10,10,11,13,0.8,0.75,2,17
4581,emergency plan,edmonton,Calgary takes another beating from summer storms; City activates emergency plan http://t.co/u59DmRnlTK,emergency,True,12,102,6,2,5,12,False,True,False,False,0,3,1,1,4,0,12,12,9,8,7,3,0,3,4,5,9,9,0.0,0.0,1,12
4583,emergency plan,Calgary,Calgary takes another beating from summer storms; City activates emergency plan #yyc #abstorm http://t.co/iQIXjtUEwH,emergency,True,14,116,8,0,7,14,False,True,True,False,0,4,1,1,4,1,14,14,10,9,8,4,0,4,5,6,10,11,0.0,0.0,1,14
4586,emergency plan,In erotic world ,Calgary takes another beating from summer storms; City activates emergency plan: Calgary Airdrie Okotoks and... http://t.co/i7QX4hAz6R,emergency,True,16,134,9,3,6,19,False,True,False,False,0,2,2,2,7,0,16,16,14,12,10,3,0,2,4,6,13,13,0.0,0.0,2,15
4591,emergency plan,"Calgary, Alberta",Storm prompts activation of City of Calgary's Municipal Emergency Plan: As the City of Calgary remains under aÛ_ http://t.co/7jcR8REgUv,emergency,True,19,136,13,2,9,19,False,True,False,False,1,3,3,0,3,0,15,14,11,8,8,5,5,8,11,11,14,14,0.0,0.0,5,16
4594,emergency plan,,@KimAcheson @ScottWalker / Emergency Room can not refuse you service &amp; you can do a payment plan.,emergency,True,17,101,6,0,5,17,False,False,False,False,5,1,2,1,2,0,14,9,8,6,5,3,8,9,11,12,14,14,0.0,0.0,7,15
4603,emergency services,Singapore,Call for Tasmania's emergency services to be trained in horse rescues http://t.co/q9OXqfdGwX #abcnews,emergency services,True,13,101,6,1,6,13,False,True,True,False,1,1,1,0,2,2,10,9,8,7,7,5,4,5,6,6,8,10,0.0,0.0,4,13
4605,emergency services,"CA, AZ & NV",This #Nursing #job might be a great fit for you: RN Nurse Shift Manager Emergency Services - Full Time... - http://t.co/T71ekcPmWL #Hiring,emergency services,True,22,138,16,2,10,25,False,True,True,False,2,4,4,0,3,2,17,15,11,7,7,4,7,11,15,15,18,20,0.5666666666666667,0.5166666666666667,4,21
4612,emergency services,"Lismore, New South Wales",Ballina emergency services have again been activated following a shark sighting of what has been described as two... http://t.co/Eu5tKTptpW,emergency services,True,19,139,5,1,4,22,False,True,False,False,1,4,2,1,1,2,16,15,11,9,8,7,4,8,10,11,12,14,0.1,0.0,9,18
4613,emergency services,UK.,Call for Tasmania's emergency services to be trained in horse rescues http://t.co/zVQwLpScSC,emergency services,True,12,92,8,0,5,12,False,True,False,False,1,1,1,0,2,1,9,8,7,6,6,4,4,5,6,6,8,9,0.0,0.0,4,12
4615,emergency services,Sunny South Africa,@GeneFMyburgh @crimeairnetwork and in a week they will protest service delivery and lack of emergency services #ThisIsAfrica,emergency services,True,17,124,6,0,3,16,False,False,True,False,2,4,0,0,2,2,14,12,8,8,8,6,5,9,9,9,11,13,0.0,0.0,7,16
4618,emergency services,,Human Resources Processes Streamlined Insofar as Emergency Services Organization...AbboG,emergency services,True,9,88,10,0,0,11,False,False,False,False,0,0,1,0,1,1,8,8,8,7,7,6,1,1,2,2,3,4,0.1,0.0,1,9
4621,emergency services,"Greenwich, London",@Jinxy1888 Genius economist! Let's double pay of all emergency services military teachers etc to that tube drivers #PayForItHow #tubestrike,emergency services,True,19,139,7,4,4,19,False,False,True,False,3,2,1,2,1,3,17,14,12,11,9,8,5,7,8,10,11,14,0.05,-0.05,4,19
4623,emergency services,"Lansing, MI USA","A mended finger
When a finger is cut there is an immediate reaction from the bodyÛªs emergency services occurs:
Û¢... http://t.co/UwmPRV0UD5",emergency services,True,19,142,8,2,13,22,False,True,False,False,2,1,1,2,0,3,14,12,11,10,8,8,7,8,9,11,11,14,0.0,0.0,7,18
4626,emergency services,,When you say call dad but your phone dials emergency services..... #awesomejobsiri,emergency services,True,12,82,1,0,1,16,False,False,True,False,4,3,2,0,0,0,12,8,5,3,3,3,4,7,9,9,9,9,0.0,0.0,3,12
4629,emergency services,Australia,Emergency Plumber Emergency Plumbing Services. #plumber #localplumber #Australia https://t.co/V3LZWkqSO7,emergency services,False,9,104,12,2,7,10,False,True,True,False,0,0,0,0,1,2,9,9,9,9,9,8,0,0,0,0,1,3,0.0,0.0,0,8
4633,emergency services,#ViewsAreMyOwn #IBackTheBlue,@mickbland27 It is disturbing! Emergency services &amp; first responders should work together not slander try &amp; get each other killed.,emergency services,True,20,138,2,2,5,21,False,False,False,False,3,2,4,1,2,2,18,15,13,9,8,6,5,7,11,12,14,16,0.3770833333333333,-0.175,5,19
4636,emergency services,"Anchorage, AK",We're #hiring! Click to apply: Registered Nurse - Emergency Department PEDS Fellowship (FTE .9 Night) - http://t.co/AmCMCltkKC #Nursing,emergency services,False,18,135,22,1,12,20,False,True,True,True,0,2,3,2,0,2,14,14,12,9,7,7,4,6,9,11,11,13,0.0,0.0,1,17
4638,emergency services,,Get Emergency Edmonton Locksmith Services  in Edmonton Canada business name: 'I got locked out' http://t.co/GPH5vgaYiY #locksmith #Edmonton,emergency services,False,18,139,14,1,9,18,False,True,True,False,2,1,1,2,0,4,15,13,12,11,9,9,5,6,7,9,9,13,0.0,0.0,2,17
4640,emergency services,"Anchorage, AK",Providence Health &amp; Services: Registered Nurse - Emergency Department PEDS Fellowship... (#Anchorage AK) http://t.co/vz4RPCfTRm #Nursing,emergency services,False,15,140,21,1,12,18,False,True,True,True,1,1,2,1,0,1,14,13,12,10,9,9,2,3,5,6,6,7,0.0,0.0,0,15
4643,emergency services,"Antioch, CA",Can you recommend anyone for this #Nursing #job? http://t.co/xXwm544ygf #Antioch CA #Hiring #CareerArc,emergency services,False,13,102,9,3,9,14,True,True,True,False,3,1,1,1,1,2,12,9,8,7,6,5,4,5,6,7,8,10,0.0,0.0,3,13
4645,emergency services,"Issaquah, WA",We're #hiring! Click to apply: Staff Registered Nurse - Emergency Services (0.9 FTE Evening) - http://t.co/hhiUzIeLtr #Job #Issaquah WA,emergency services,True,19,135,18,2,13,21,False,True,True,True,1,2,4,1,0,3,15,14,12,8,7,7,5,7,11,12,12,15,0.0,0.0,1,18
4647,emergency services,"Bodmin, Cornwall",@bodminmoor1 experienced the expertise of some of Cornwalls finest emergency and rescue services!,emergency services,False,13,97,1,1,1,13,False,False,False,False,2,1,0,2,0,0,11,9,8,8,6,6,4,5,5,7,7,7,0.9,1.0,5,12
4648,engulfed,Alabama,@snackwave_julie When You Are Engulfed in Cake #LiteraryCakes,engulfed,True,8,61,7,0,3,7,False,False,True,False,2,2,0,0,0,1,7,5,3,3,3,3,3,5,5,5,5,6,0.0,0.0,1,8
4651,engulfed,"Hagerstown, MD 21742",Why are you engulfed by low self-image? Take the quiz: http://t.co/JAJFxaOemp http://t.co/FUjvF6foaR,engulfed,True,12,100,11,1,10,14,True,True,False,False,5,1,1,0,0,1,11,6,5,4,4,4,6,7,8,8,8,9,0.3,0.0,4,12
4652,engulfed,?? | pittsburgh ,Become so engulfed in your own success- you forget it ever happened.,engulfed,True,12,68,1,0,1,12,False,False,False,False,2,2,0,2,0,2,9,7,5,5,3,3,5,7,7,9,9,11,0.5,0.44999999999999996,6,12
4653,engulfed,,He came to a land which was engulfed in tribal war and turned it into a land of peace i.e. Madinah. #ProphetMuhammad #islam,engulfed,True,23,123,4,0,2,25,False,False,True,False,3,5,2,3,0,2,16,13,8,6,3,3,10,15,17,20,20,22,0.0,0.0,10,21
4654,engulfed,United Kingdom,Tube strike live: Latest travel updates as London is engulfed in chaos - http://t.co/wrMSpcpml3 http://t.co/nWolqktxaf,engulfed,True,15,118,6,1,10,16,False,True,False,False,0,1,2,4,1,1,11,11,10,8,4,3,4,5,7,11,12,13,0.7,0.3181818181818182,3,15
4660,engulfed,"Berkeley, CA 94703, USA ? ",Do you feel engulfed with low self-image? Take the quiz: http://t.co/kcpgAy4FlJ http://t.co/BZqC6JuAix,engulfed,True,12,102,10,2,10,14,True,True,False,False,3,3,1,0,0,1,11,8,5,4,4,4,4,7,8,8,8,9,0.3,0.0,3,12
4662,engulfed,Manchester,Do you feel engulfed with low self-image? Take the quiz: http://t.co/2wFQctN62v http://t.co/j4PmcEc4xh,engulfed,True,12,102,7,5,10,14,True,True,False,False,3,3,1,0,0,1,11,8,5,4,4,4,4,7,8,8,8,9,0.3,0.0,3,12
4663,engulfed,Newcastle,Do you feel engulfed with anxiety? Take the quiz: http://t.co/Um6weIUjyW http://t.co/Fm92uk6Yp2,engulfed,True,11,95,8,5,9,13,True,True,False,False,2,3,1,0,0,2,10,8,5,4,4,4,3,6,7,7,7,9,0.0,0.0,3,11
4665,engulfed,,@FlameCored colliding with her projectile as a cloud of smoke engulfed the area. Not a moment later Shadow propelled himself through it --,engulfed,True,23,138,4,0,3,23,False,False,False,False,3,1,4,2,2,1,17,14,13,9,7,5,9,10,14,16,18,19,0.0,0.0,10,22
4668,engulfed,West Baltimore ,Society has become so engulfed in capturing every moments and sharing it  it takes the fun out of moments that should be intimate.,engulfed,True,24,130,1,0,0,24,False,False,False,False,5,1,2,2,4,1,17,12,11,9,7,3,12,13,15,17,21,22,0.4,0.25,12,22
4676,engulfed,,'Sometimes I close my eyes and picture what this world would be like if it were engulfed in flames.' #Bot,engulfed,True,20,105,3,0,3,20,False,False,True,False,1,6,3,0,1,2,14,13,7,4,4,3,7,13,16,16,17,19,0.0,0.0,9,20
4683,engulfed,,Men escape car engulfed in flames in Parley's Canyon crews investigating cause - http://t.co/1TVFfba95l http://t.co/ALjwAWkxPj,engulfed,True,15,126,11,3,10,16,False,True,False,False,2,0,2,3,0,2,12,10,10,8,5,5,5,5,7,10,10,12,0.0,0.0,2,14
4685,engulfed,"Hollywood, California",#Tubestrike live: Latest travel updates as #London is engulfed in chaos - Telegraph http://t.co/AFzJamLFe6,engulfed,True,14,106,9,1,8,14,False,True,True,False,0,0,2,2,2,1,10,10,10,8,6,4,4,4,6,8,10,11,0.7,0.3181818181818182,3,14
4686,engulfed,,Why are you engulfed by low self-image? Take the quiz: http://t.co/7V7YTEjL3J http://t.co/xJJU7MEN8f,engulfed,True,12,100,14,5,10,14,True,True,False,False,5,1,1,0,0,1,11,6,5,4,4,4,6,7,8,8,8,9,0.3,0.0,4,12
4701,epicentre,,LIVE on #Periscope: Wild Wing Epicentre https://t.co/U2fUK072F9,epicentre,True,7,63,12,5,6,7,False,True,True,True,0,3,0,0,0,0,6,6,3,3,3,3,1,4,4,4,4,4,0.45,0.11818181818181818,1,7
4718,evacuate,Sydney - Australia,guy next to me walks into our tiny office room with the fishiest smelling lunch ever. EVACUATE,evacuate,True,17,94,8,0,0,17,False,False,False,True,3,5,3,1,0,3,15,12,7,4,3,3,5,10,13,14,14,17,0.25,0.0,6,17
4721,evacuate,AZ ? TX ? CA ? IL ?,@crown_769 I'd rather have an ass in fire. At least I'd know whatever I eat will evacuate. Heartburn sticks around.,evacuate,True,20,115,5,3,4,22,False,False,False,False,4,3,2,2,1,1,16,12,9,7,5,4,8,11,13,15,16,17,0.4,-0.3,4,19
4727,evacuate,HEAVEN,SALHA(1):HARRY STYLES(2)U KNOW WHERE IS UR P_EOPLE#HURRY#EVACUATE THEM FROM#HELL.#JUST SHAHADA&amp;'PICK#ME'.#CLASS_SICK http://t.co/UpdDVr6jva,evacuate,True,11,143,90,3,21,13,False,True,True,True,0,2,1,0,0,0,9,9,7,6,6,6,2,4,5,5,5,5,0.0,0.0,0,11
4728,evacuate,Kurdistan ,ISIS are deploying their troops to other battle grounds since deal with Turkey to evacuate buffer zone areas hence moving fronts to Assad.,evacuate,True,23,138,6,0,0,23,False,False,False,True,1,4,5,7,1,1,20,19,15,10,3,2,4,8,13,20,21,22,0.375,-0.125,7,21
4733,evacuate,foothills,What if the fire up in the Catalinas gets worse and we have to evacuate the area. Aka no school tomorrow,evacuate,True,21,104,3,0,0,21,False,False,False,False,5,4,2,1,0,2,15,10,6,4,3,3,11,15,17,18,18,20,0.6,-0.4,11,19
4741,evacuate,she/her? Û¢ tr Û¢ jordan,MY DOG JUST FARTED EVACUATE THIS FUCKIN ROOM DISGUSTING ASS BROOM LOOKIN ASS,evacuate,True,13,76,64,0,0,12,False,False,False,True,3,3,1,3,0,1,12,9,6,5,2,2,4,7,8,11,11,12,1.0,-1.0,0,12
4743,evacuate,San Diego,my father fucking died when the north tower collapsed ON HIM as he was trying to evacuate more people from the building.,evacuate,True,22,120,5,0,0,22,False,False,False,True,4,4,2,3,1,1,17,13,9,7,4,3,9,13,15,18,19,20,0.65,-0.04999999999999999,10,21
4746,evacuate,,@yourgirlhaileyy leaveevacuateexitbe banished.,evacuate,True,3,46,0,0,1,3,False,False,False,False,0,0,0,0,0,0,3,3,3,3,3,3,0,0,0,0,0,0,0.0,0.0,0,3
4751,evacuate,,Just had to evacuate the 100 Oaks Regal theater. I've never been more terrified.,evacuate,True,14,80,4,3,1,15,False,False,False,False,3,5,2,0,0,2,13,10,5,3,3,3,4,9,11,11,11,13,0.5,0.5,5,14
4756,evacuate,Oregon & SW Washington,Town of Roosevelt Washington ordered to evacuate again as fire worsens http://t.co/Xkh5s1DR8d,evacuate,True,12,93,6,3,4,12,False,True,False,False,0,2,1,0,2,1,9,9,7,6,6,4,3,5,6,6,8,9,0.0,0.0,4,12
4761,evacuated,"Arizona, USA",@misschaela_ not yet.  Everywhere else except us and like a few other shops like Panda are evacuated but they haven't come for us yet.,evacuate,True,25,134,2,0,3,26,False,False,False,False,6,7,3,1,1,0,21,15,8,5,4,3,10,17,20,21,22,22,0.2375,-0.1625,10,22
4763,evacuated,Seattle/Snohomish/Redlands,UPDATE: Evaucation order for Roosevelt WA has been lifted: http://t.co/2NV0wHDLut,evacuate,False,10,81,15,2,6,10,False,True,False,True,2,1,1,0,2,0,9,7,6,5,5,3,3,4,5,5,7,7,0.0,0.0,3,10
4764,evacuated,"Grand Rapids, Mich.",Chemical spill at GR water plant contained and water supply OK. @KocoMcAboy asked plant officials what happened: http://t.co/FHPLkEX3oK,evacuate,False,18,135,15,1,6,19,False,True,False,True,2,1,6,1,0,1,16,14,13,7,6,6,4,5,11,12,12,13,0.5,0.5,3,16
4767,evacuated,,A house was evacuated in Orakei after a bank collapsed and trees were felled by strong winds in Auckland ... http://t.co/UCuCmKypdN #NZ,evacuate,True,22,135,10,0,5,25,False,True,True,True,4,2,4,3,0,1,17,13,11,7,4,4,9,11,15,18,18,19,0.7333333333333333,0.4333333333333333,8,21
4772,evacuated,St. Louis,Chesterfield apartment complex evacuated because of fire #STL http://t.co/MIq39IOK3U,evacuate,True,9,84,10,3,5,9,False,True,True,True,0,2,0,0,2,0,8,8,6,6,6,4,1,3,3,3,5,5,0.4,-0.3,2,9
4776,evacuated,"Gold Coast, Australia",Gold Coast tram evacuated due to broken powerlines http://t.co/hJqbA42iY9 #Local NewsbrokenEmergency ServicesGold CoastpowerlineTramTr,evacuate,True,13,134,13,3,5,13,False,True,True,False,1,2,1,2,0,0,12,11,9,8,6,6,2,4,5,7,7,7,0.25833333333333336,-0.17500000000000002,1,13
4780,evacuated,State of Jefferson,"So many fires in NorCal they can't fight some of them. 

Pray for our firefighters air tanker pilots support crews &amp; evacuated people.",evacuate,True,23,138,4,0,5,24,False,False,False,False,3,3,6,4,2,0,20,17,14,8,4,2,6,9,15,19,21,21,0.5,0.5,7,23
4781,evacuated,"Queensland, Australia",#FortitudeValley unit damaged and residents evacuated after fire broke out after 7am this morning #7News http://t.co/8iZgxCeLcc,evacuate,True,16,127,6,3,6,16,False,True,True,False,3,3,3,1,2,0,16,13,10,7,6,4,3,6,9,10,12,12,0.0,0.0,5,15
4792,evacuated,Auckland NZ,Family evacuated after weather bomb http://t.co/2A4z8pmvVE,evacuate,True,6,58,4,3,4,6,False,True,False,False,0,1,1,1,1,0,6,6,5,4,3,2,0,1,2,3,4,4,0.0,0.0,1,6
4796,evacuated,Chicagoland and the world!,Grass fire burns past Roosevelt Wash. prompts evacuation http://t.co/BSuDXCPrSG #fire #firefighter,evacuate,False,11,98,11,0,6,12,False,True,True,False,0,2,4,0,1,0,11,11,9,5,5,4,0,2,6,6,7,7,0.25,-0.25,0,11
4801,evacuated,"Chicago, Illinois",Green Line train derails on South Side passengers safely evacuated CTA says http://t.co/w6F7ZiS3KA http://t.co/t7L8jCjyq3,evacuate,True,14,121,14,6,8,15,False,True,False,True,1,3,3,1,1,0,13,12,9,6,5,4,2,5,8,9,10,10,0.4,0.15,1,14
4804,evacuated,Everywhere.. ,Why does the secret bunker used by Cheney during 9/11 look like it was catered when ktchn staff had been evacuated?,evacuate,True,21,115,2,3,1,21,True,False,False,False,4,7,2,4,1,0,19,15,8,6,2,1,6,13,15,19,20,20,0.7,-0.4,9,21
4805,evacuated,Australia,Valley building evacuated after fire http://t.co/nyqF8GqMzg #queensland,evacuate,True,7,71,4,1,5,7,False,True,True,False,0,1,1,1,0,1,7,7,6,5,4,4,0,1,2,3,3,4,0.0,0.0,1,7
4806,evacuated,,13000 evacuated as California firefighters fight flames to save homes: CLEARLAKE OAKS Calif. ÛÓ Wildfires lik... http://t.co/xwBYeaOWMw,evacuate,True,17,136,21,5,8,21,False,True,False,True,1,2,2,4,0,0,15,14,12,10,6,6,3,5,7,11,11,11,0.0,0.0,2,17
4811,evacuation,,Pelling hotels: no strings concealment from straight a rejuvenati???ng evacuation day: pqhaxp,evacuate,False,12,93,1,0,2,14,True,False,False,False,0,2,0,1,3,1,10,10,8,8,7,4,2,4,4,5,8,9,0.4,0.2,3,12
4815,evacuation,,my school is so fucking dumb they just set off the evacuation sirens on accident,evacuate,False,15,80,0,0,0,14,False,False,False,False,3,3,0,2,1,1,11,8,5,5,3,2,7,10,10,12,13,14,0.5,-0.375,8,15
4816,evacuation,,How an anatomic mother helps up-to-the-minute remodeling high evacuation hospital: IaAvRoIV,evacuate,False,11,91,6,0,4,10,False,False,False,False,1,1,1,1,0,2,10,9,8,7,6,6,2,3,4,5,5,7,0.5399999999999999,0.16,1,11
4817,evacuation,Nigeria ,FAAN orders evacuation of abandoned aircraft at MMA http://t.co/5RXI47gCAj #NEWS @TodayNGR,evacuate,False,11,90,20,3,6,11,False,True,True,True,1,1,1,1,0,1,9,8,7,6,5,5,3,4,5,6,6,7,0.0,0.0,2,11
4818,evacuation,"ON, Canada",Even tho Im getting 40%money back due 2 veld evacuation nothin could make up for missing @DVBBS @HARDWELL @aboveandbeyond #stillnotoverit ????,evacuate,False,21,142,15,3,5,24,True,False,True,True,3,5,1,2,2,1,18,15,10,9,7,5,6,11,12,14,16,17,0.14166666666666666,-0.10833333333333334,2,21
4822,evacuation,,You'll neediness so taste up and down ulcerated waggon evacuation cornwall: bNVfDAg,evacuate,False,12,83,5,0,2,11,False,False,False,False,1,1,1,2,1,0,10,9,8,7,5,4,3,4,5,7,8,8,0.2888888888888889,-0.15555555555555559,4,12
4824,evacuation,"West Palm Beach, FL",Do you know your hurricane evacuation route? Find it here: http://t.co/mWMVIcdW9O,evacuate,False,11,81,8,1,5,12,True,True,False,False,1,3,1,1,0,0,9,8,5,4,3,3,3,6,7,8,8,8,0.0,0.0,4,11
4827,evacuation,"Chevy Chase, MD",The EFAK would be designed for building occupants once they evacuate and report to their evacuation assembly sites,evacuate,True,18,114,5,0,0,17,False,False,False,True,3,3,3,1,0,4,16,13,10,7,6,6,5,8,11,12,12,16,0.0,0.0,7,18
4837,evacuation,Brisbane,Evacuation drill at work. The fire doors wouldn't open so i got to smash the emergency release glass #feelingmanly,evacuate,False,19,114,2,0,2,19,False,False,True,False,3,2,5,0,1,1,15,12,10,5,5,4,7,9,14,14,15,16,0.5,0.0,5,19
4838,evacuation,"The Dalles, Oregon",KCEM Jeff King reports a level 3 evacuation east of Roosevelt from Whitner rd to the county line between SR14 &amp; Hale rd.,evacuate,False,23,124,11,3,2,23,False,False,False,True,2,8,2,1,3,0,18,16,8,6,5,2,7,15,17,18,21,21,0.0,0.0,6,23
4839,evacuation,NIFC,#MadRiverComplex #CA #CASRF http://t.co/hjWLDCLiE4 Mad River Complex: Evacuation Advisory for Swayback Ridge Area,evacuate,False,13,113,24,1,8,13,False,True,True,True,3,1,2,1,0,3,13,10,9,7,6,6,3,4,6,7,7,10,0.7,-0.4625,1,13
4841,evacuation,,@CALFIRE_PIO Being prepared is crucial but returning to homes after evacuation only to find them robbed is criminal! #WillowFire,evacuate,False,19,128,13,0,3,19,False,False,True,True,1,3,3,1,1,1,15,14,11,8,7,6,5,8,11,12,13,14,0.85,-0.16666666666666666,8,17
4851,evacuation,Edmonton Alberta Canada,Survey: 52% of medical care facilities near nuclear plants lack evacuation plans http://t.co/vLMmCdPkRo,evacuate,False,13,103,6,2,6,13,False,True,False,False,1,3,1,1,3,0,12,11,8,7,6,3,2,5,6,7,10,10,0.2,0.05,1,13
4855,evacuation,Breaking News,Evacuation order lifted for town of Roosevelt - Washington Times http://t.co/Kue48Nmjxh,evacuate,False,11,87,6,2,5,11,False,True,False,False,1,1,2,1,0,0,9,8,7,5,4,4,3,4,6,7,7,7,0.0,0.0,2,11
4861,explode,"Pea Ridge, WV",@wyattmccab you'd throw a can of Copenhagen wintergreen on the ground that would explode on your enemies and give them mouth cancer,explode,True,22,131,1,0,2,21,False,False,False,False,3,4,4,2,2,0,18,15,11,7,5,3,7,11,15,17,19,19,0.0,0.0,11,21
4862,explode,,my damn head feel like it's gone explode ??,explode,True,9,43,0,0,1,10,True,False,False,False,0,6,0,0,1,0,7,7,1,1,1,0,2,8,8,8,9,9,0.0,0.0,2,9
4863,explode,sam,happy Justin makes my heart explode,explode,True,6,35,1,0,0,5,False,False,False,False,0,0,3,1,1,0,5,5,5,2,1,0,1,1,4,5,6,6,1.0,0.8,1,6
4865,explode,~always in motion~,Vanessa was about to explode! This is what she wanted to say to Shelli. Their alliance will survive. #BB17 #BBLF http://t.co/rypGKScHng,explode,True,21,135,14,2,6,24,False,True,True,True,3,3,4,1,2,3,17,14,11,7,6,4,7,10,14,15,17,20,0.0,0.0,9,19
4871,explode,,My ears are gonna explode smh,explode,True,6,29,1,0,0,5,False,False,False,False,2,1,1,0,1,0,5,3,2,1,1,0,3,4,5,5,6,6,0.0,0.0,1,6
4873,explode,,Some guys explode ??,explode,True,4,20,1,0,0,5,True,False,False,False,0,2,0,0,1,0,3,3,1,1,1,0,1,3,3,3,4,4,0.0,0.0,0,4
4880,explode,,@magicallester I will die. I'm actually being serious. My heart will beat so fast it will fly out off my chest &amp; explode,explode,True,23,124,3,0,4,24,False,False,False,False,4,6,4,0,1,2,18,14,8,4,4,3,9,15,19,19,20,22,0.5666666666666667,0.16666666666666669,9,21
4885,explode,,Facebook Influence 2.0: Simple strategy to explode your Facebook page and create moreÛ_ http://t.co/rWPRtMIbHl,explode,True,14,111,10,2,8,15,False,True,False,False,1,3,0,2,2,3,13,12,9,9,7,5,2,5,5,7,9,12,0.35714285714285715,0.0,3,13
4886,explode,,im sooooooo full my stomach is going to explode,explode,True,9,47,0,0,0,8,False,False,False,False,0,1,1,0,2,1,5,5,4,3,3,1,4,5,6,6,8,9,0.55,0.35,3,9
4902,explode,,I need a follow before I explode @GraysonDolan,explode,True,8,46,4,0,1,7,False,False,False,False,0,1,0,2,1,0,5,5,4,4,2,1,3,4,4,6,7,7,0.0,0.0,2,7
4904,explode,Redding ,I feel like I'm going to explode with excitement! Wonder begins within the hourÛ_Û_ https://t.co/zDZJ5kRbzr,explode,True,15,109,7,1,11,16,False,True,False,False,2,3,1,3,1,0,13,11,8,7,4,3,4,7,8,11,12,12,0.0,0.0,3,15
4907,explode,U.S.A,Twitter will explode...light the match @realmandyrain,explode,True,6,53,1,0,1,8,False,False,False,False,1,1,1,0,1,0,6,5,4,3,3,2,1,2,3,3,4,4,0.0,0.0,2,6
4916,exploded,"Concord, North Carolina",The fact checking machine must have exploded today following @POTUS #IranDeal speech.,explode,True,12,85,8,0,2,12,False,False,True,True,1,3,1,1,2,2,12,11,8,7,6,4,1,4,5,6,8,10,0.1,0.0,1,12
4921,exploded,"Alexander, Iowa",#Aphid population in #NorthIowa has exploded in last 4 days! http://t.co/cw6jxYVbNj #FromTheField,explode,True,12,97,9,2,7,13,False,True,True,False,1,1,1,1,0,1,9,8,7,6,5,5,4,5,6,7,7,8,0.06666666666666667,0.0,3,11
4925,exploded,,@Alltheway80s I had a similar thing with John carpenters 'the thing' one girl threw up when the dogs 'exploded',explode,True,19,111,3,2,5,18,False,False,False,False,3,6,2,1,1,0,16,13,7,5,4,3,6,12,14,15,16,16,0.4,0.0,6,19
4927,exploded,,And bleach your skin after touching that thong.*shudder* That and all the boudoir outfits. My eyeballs are bleeding &amp; my brain has exploded.,explode,True,23,144,3,0,4,25,False,False,False,False,6,4,3,1,1,4,21,15,11,8,7,6,8,12,15,16,17,21,0.5,0.5,9,23
4928,exploded,"ÌÏT: 39.168519,-119.766123",Holy hell the bathroom on car 649 smells like is exploded... @Metrolink,explode,True,12,71,2,3,1,14,False,False,False,False,3,3,0,1,0,1,10,7,4,4,3,3,5,8,8,9,9,10,0.0,0.0,3,12
4930,exploded,Ittihad .f.c,"that exploded &amp; brought about the
beginning of universe matches what's
mentioned in the versethe heaven and Earth
(thus the universe)",explode,True,18,137,1,0,8,17,False,False,False,False,3,1,2,1,2,3,16,13,12,10,9,7,5,6,8,9,11,14,0.0,0.0,8,17
4932,exploded,,Our electricity just fucking exploded they're trying to fix it now,explode,True,11,66,1,0,1,10,False,False,False,False,3,1,0,1,2,1,9,6,5,5,4,2,5,6,6,7,9,10,0.8,-0.6,5,11
4933,exploded,"Detroit, Michigan",I didn't even know pens still exploded like that...ink everywhere,explode,True,10,65,1,0,1,12,False,False,False,False,0,4,1,1,0,1,9,9,5,4,3,3,1,5,6,7,7,8,0.0,0.0,2,10
4937,exploded,,#news #science London warship exploded in 1665 because sailors were recycling artillery cartridges: A dive to ... http://t.co/r4WGXrA59M,explode,True,18,136,7,7,7,21,False,True,True,False,1,3,1,1,3,2,15,14,11,10,9,6,4,7,8,9,12,14,0.0,0.0,4,18
4939,exploded,,At this moment 70 years ago (local time) the 'Little Boy' atomic bomb exploded over Hiroshima instantly killing at least 70-80000 people.,explode,True,22,137,4,9,5,22,False,False,False,False,2,4,3,3,3,2,19,17,13,10,7,4,5,9,12,15,18,20,0.3916666666666666,-0.121875,4,22
4941,exploded,Canaduh,I can't take advantage of Smith Micro's deals right now because exploded car (hint hint shironu_akaineko AT... http://t.co/qbCTxPwhYP,explode,True,18,133,10,0,8,21,False,True,False,True,2,2,6,0,2,1,16,14,12,6,6,4,4,6,12,12,14,15,0.5357142857142857,0.2857142857142857,3,18
4942,exploded,,The tap in the bath exploded and now it looks like someone shit in the bath. I love how great our plumbing is!????,explode,True,23,114,2,0,0,28,True,False,False,False,8,4,3,0,2,2,19,11,7,4,4,2,12,16,19,19,21,23,0.7166666666666667,0.43333333333333335,10,21
4947,exploded,,If that was ronaldo Twitter would have exploded,explode,True,8,47,2,0,0,7,False,False,False,False,1,2,1,0,2,1,7,6,4,3,3,1,2,4,5,5,7,8,0.0,0.0,3,8
4949,exploded,,"that exploded &amp; brought about the
beginning of universe matches what's
mentioned in the versethe heaven and Earth
(thus the universe)",explode,True,18,137,1,0,8,17,False,False,False,False,3,1,2,1,2,3,16,13,12,10,9,7,5,6,8,9,11,14,0.0,0.0,8,17
4950,exploded,"Ìth Cliath, Ìäire",@rickoshea @AnthonySHead @NicholasBrendon @DublinComicCon @RTE2fm WHATTT? Oh wow my fangirl head has exploded in a mess of crap everywhere,explode,True,19,138,18,1,5,19,True,False,False,True,2,3,0,0,3,1,14,12,9,9,9,6,7,10,10,10,13,14,0.6583333333333333,-0.2916666666666667,5,19
4956,exploded,My house probably,@marymc21 ahhhh I'm just being a baby. My car's engine kinda sorta exploded and we're trying to find a solution,explode,True,20,111,2,2,4,20,False,False,False,False,2,2,7,2,0,2,16,14,12,5,3,3,6,8,15,17,17,19,0.0,0.0,7,19
4960,exploded,?????,Fun. Hobby Lobby exploded in this home. http://t.co/TT5L40sjaI,explode,True,8,62,7,3,4,10,False,True,False,False,0,2,3,0,0,1,7,7,5,2,2,2,1,3,6,6,6,7,0.2,0.3,2,8
4963,explosion,,Hp lto-5 lump together warehouse information explosion is more than one divestment able: PMngiqy,explode,False,14,96,3,1,2,13,False,False,False,False,1,3,2,0,1,1,12,11,8,6,6,5,3,6,8,8,9,10,0.5625,0.5,3,14
4965,explosion,,GAElite 0    Explosion Greg 1 [Top 2nd] [0 Out] [0 balls] [0 strikes] ... No one on [P: #16 Morgan Orchard] [B: ],explode,False,26,113,12,8,15,28,False,False,True,True,5,4,0,2,1,2,15,10,6,6,4,3,16,20,20,22,23,25,0.5,0.3333333333333333,1,22
4976,explosion,New York,New Explosion-proof Tempered Glass Screen Protector Film for Blackberry Z10 - Full read byÛ_ http://t.co/LgbhdFYrwq http://t.co/9qV8glZSwV,explode,False,16,139,17,4,13,17,False,True,False,True,3,3,2,1,0,1,15,12,9,7,6,6,4,7,9,10,10,11,0.5022727272727273,0.24318181818181817,1,16
4977,explosion,New York,New Explosion-proof Tempered Glass Screen Protector Film for Blackberry Z10 - Full read byÛ_ http://t.co/u1RKPJ3Cbc http://t.co/sJtxhtx71q,explode,False,16,139,16,6,13,17,False,True,False,True,3,3,2,1,0,1,15,12,9,7,6,6,4,7,9,10,10,11,0.5022727272727273,0.24318181818181817,1,16
4987,explosion,LOST Angeles lol,This whole podcast explosion thing has been weird. Just replied to a YouTube comment for the first time in... Ever. What is happening?!,explode,False,23,135,6,0,0,29,True,False,False,False,3,5,5,1,4,0,20,17,12,7,6,2,6,11,16,17,21,21,0.5777777777777777,0.00416666666666667,8,23
4991,explosion,,Ahead of Print: A New Paradigm of Injuries From Terrorist Explosions as a Function of Explosion Setting Type.:... http://t.co/tqQc3yxBoR,explode,False,19,136,16,1,6,23,False,True,False,False,1,1,1,1,1,3,13,12,11,10,9,8,7,8,9,10,11,14,0.45454545454545453,0.13636363636363635,5,17
4994,explosion,,I liked a @YouTube video from @shawlarmedeai http://t.co/NN4fY1WBxf Easy Natural Bride makeup tutorial Makeup explosion Ft ABH Shadow,explode,False,18,133,17,2,6,18,False,True,False,True,1,2,3,3,1,2,15,14,12,9,6,5,4,6,9,12,13,15,0.6777777777777777,0.37777777777777777,2,18
4999,explosion,"Orlando, FL",@MrBrianORL at least they didn't try and put a straw in the liquid one #Explosion,explode,False,15,81,6,0,3,14,False,False,True,False,5,1,2,2,0,0,12,7,6,4,2,2,8,9,11,13,13,13,0.4,-0.3,7,15
5003,explosion,"Florida, USA",1 injured in Naples boat explosion http://t.co/89lcTH3Sx1,explode,False,7,57,4,5,4,7,False,True,False,False,0,1,0,1,1,0,5,5,4,4,3,2,2,3,3,4,5,5,0.0,0.0,1,7
5006,explosion,YouTube Channel,I liked a @YouTube video from @theblacklink http://t.co/Ac8P9HJH2q Game Informer Taken King News Explosion Part 1! | Destiny PS4 |,explode,False,20,130,18,5,8,21,False,True,False,True,1,5,3,0,1,2,15,14,9,6,6,5,6,11,14,14,15,17,0.6000000000000001,0.04999999999999999,2,19
5009,explosion,,RASaudAuthor: #Pyrotechnic #Artwork by #CaiGuoQiang Explodes into a Blossom on the Steps of the #PhiladelphiaMuseuÛ_ http://t.co/pJE607uXlp,explode,True,16,140,17,3,12,16,False,True,True,False,2,1,1,0,1,2,12,10,9,8,8,7,6,7,8,8,9,11,0.0,0.0,7,15
5011,eyewitness,Washington DC,Hero of capitalism: Sprint employee promotes Sprint while Fox News interviews him as a shooting eyewitness: https://t.co/DtRPhCTmJx,eyewitness,True,17,131,11,0,6,17,False,True,False,False,2,2,1,2,0,3,14,12,10,9,7,7,5,7,8,10,10,13,0.0,0.0,5,16
5012,eyewitness,California,Read an eyewitness account from #Hiroshima on Aug. 6 1945 http://t.co/sbIP9g52YQ Mankind's worst invention.,eyewitness,True,14,107,8,8,6,16,False,True,True,False,0,4,1,0,1,0,11,11,7,6,6,5,3,7,8,8,9,9,1.0,-1.0,3,14
5014,eyewitness,,DK Eyewitness Travel Guide: New Zealand http://t.co/AgQgrowj7Y,eyewitness,True,7,62,10,1,5,7,False,True,False,False,1,0,0,2,1,0,6,5,5,5,3,2,2,2,2,4,5,5,0.45454545454545453,0.13636363636363635,0,7
5020,eyewitness,New York,Baseball: Eyewitness Accounts: August 6 2015 by Jeff Moore Wilson Karaman and Brendan Gawlowski: Eyes on Mi http://t.co/H4ZOZqLpE7 #sport,eyewitness,True,19,137,18,7,8,19,False,True,True,False,1,3,1,3,2,0,15,14,11,10,7,5,5,8,9,12,14,14,0.0,0.0,3,19
5021,eyewitness,"Charleston, WV",COOL: @NASA captures 'dark side' of the moon which is never visible from Earth http://t.co/qKP30b4ag2 #EyewitnessWV http://t.co/N3hgJSYVO2,eyewitness,True,17,138,20,6,13,18,False,True,True,True,1,2,7,0,1,1,15,14,12,5,5,4,3,5,12,12,13,14,0.525,0.09999999999999999,5,17
5023,eyewitness,Free Palestine | Save Gaza,#Fracking #Ecocide Eyewitness to Extreme Weather: 11 Social Media Posts that Show Just How Crazy T... http://t.co/dEdDH8Rme8 #Revolution,eyewitness,True,18,136,18,4,8,21,False,True,True,True,1,4,3,1,1,2,16,15,11,8,7,6,3,7,10,11,12,14,0.6555555555555556,-0.23055555555555554,2,18
5026,eyewitness,,@EdmundAdamus @CampionJoanne Pres Carter's notes in '79 meeting w/ JPII show Latin on his mind http://t.co/7nt13HIrTK http://t.co/4gCmQ4oWen,eyewitness,False,17,140,18,7,13,18,False,True,False,True,2,4,2,0,1,1,14,12,8,6,6,5,5,9,11,11,12,13,0.0,0.0,3,17
5030,eyewitness,Washington DC,Marked as to-read: DK Eyewitness Travel Guide by Richard Sterling http://t.co/oEoKD4KiqH,eyewitness,True,11,88,13,1,6,11,False,True,False,False,0,0,1,2,1,2,8,8,8,7,5,4,3,3,4,6,7,9,0.6,0.1,2,11
5031,eyewitness,,How 'Little Boy' Affected the People In Hiroshima - Eyewitness Testimonials! - https://t.co/5x5hSV5sKO,eyewitness,True,13,102,13,3,8,14,False,True,False,False,2,1,0,1,1,1,10,8,7,7,6,5,5,6,6,7,8,9,0.5,-0.234375,1,12
5036,eyewitness,"Cape Town, South Africa",Cape Town: Thousands living on Cape Town's streets - Eyewitness News: Eyewitness NewsThousands living on Cape ... http://t.co/nAo6EWCPK2,eyewitness,True,18,136,17,2,8,21,False,True,False,False,1,3,2,3,1,0,15,14,11,9,6,5,4,7,9,12,13,13,0.0,0.0,2,13
5042,eyewitness,Land of the Free,With all due respect @RepMikeRogersAL y would u completely disregard ALL eyewitness accounts on Benghazi? #WereNotGruberVoters. #PJNet,eyewitness,True,17,134,17,0,3,18,True,False,True,True,3,1,1,1,1,1,14,11,10,9,8,7,6,7,8,9,10,11,0.3875,-0.012499999999999997,3,17
5045,eyewitness,,Dutch crane collapses demolishes houses: Dramatic eyewitness video captures the moment a Dutch crane hoisting...  http://t.co/8PpZNGYAqE,eyewitness,True,17,136,10,1,5,20,False,True,False,False,1,0,5,1,1,2,15,14,14,9,8,7,3,3,8,9,10,12,0.6,-0.4333333333333333,2,15
5048,eyewitness,Montreal,Dutch crane collapses demolishes houses: Dramatic eyewitness video captures the moment a Dutch crane hoisting... http://t.co/AJHKfh4e7G,eyewitness,True,16,135,8,2,5,19,False,True,False,False,1,0,5,1,1,2,15,14,14,9,8,7,2,2,7,8,9,11,0.6,-0.4333333333333333,2,14
5051,eyewitness,Be Earth,http://t.co/B7Iu2lpfXs: Eyewitness to ExtremeåÊWeather http://t.co/dYx2jr6ckP,eyewitness,True,5,77,8,4,11,6,False,True,False,False,0,0,0,0,0,0,4,4,4,4,4,4,1,1,1,1,1,1,0.0,0.0,1,5
5053,eyewitness,West Virginia,UPDATE: A GOP-controlled Senate committee has approved legislation to block the Obama administration from putting... http://t.co/Jg6B0vfl5R,eyewitness,False,16,139,15,3,6,19,False,True,False,True,2,1,2,1,1,1,14,12,11,9,8,7,4,5,7,8,9,10,0.0,0.0,4,16
5054,eyewitness,"New York, NY",'Things got heated. Busta splashed water on him and the employee threw water back' one eyewitness said. http://t.co/GoXwT8PG0B,eyewitness,True,18,126,8,2,6,20,False,True,False,False,5,0,6,0,2,2,17,12,12,6,6,4,6,6,12,12,14,16,0.0,0.0,4,17
5057,eyewitness,,DK Eyewitness Travel Guide: Denmark: travel guide eBay auctions you should keep an eye on: http://t.co/7Tcs1ePOrQ,eyewitness,True,16,113,11,2,7,16,False,True,False,False,3,2,1,4,0,2,14,11,9,8,4,4,5,7,8,12,12,14,0.0,0.0,4,16
5058,eyewitness,"Hudson Valley,NY",QUESTION OF THE DAY: It has been proven that eyewitness accounts are not always very reliable. Does this... http://t.co/2I4brtSh93,eyewitness,True,19,130,20,4,5,23,False,True,False,True,4,5,0,2,1,2,17,13,8,8,6,5,6,11,11,13,14,16,0.3,0.2,7,19
5066,famine,,http://t.co/tcXRtfaPZa Russian 'food crematoria' provoke outrage amid crisis famine memories http://t.co/eT9xxfdJnM,famine,True,11,115,8,1,10,12,False,True,False,False,0,1,1,2,3,1,11,11,10,9,7,4,0,1,2,4,7,8,0.0,0.0,0,11
5070,famine,Blog,'Russian 'Food Crematoria' Provoke Outrage Amid Crisis Famine Memories' by REUTERS via NYT http://t.co/jbYjbQEoiK #Ukraine,famine,True,15,122,24,0,9,15,False,True,True,True,2,1,1,2,3,2,14,12,11,10,8,5,3,4,5,7,10,12,0.0,0.0,1,15
5077,famine,"Washington, DC",Ukraine famine memorial in progress since 2006 goes up in Washington: http://t.co/Td7VIEoODi,famine,True,12,92,8,5,5,12,False,True,False,False,0,2,1,1,1,2,9,9,7,6,5,4,3,5,6,7,8,10,0.0,0.0,3,11
5081,famine,,#IntlDevelopment Ukraine Famine Monument Erected In Washington: Û_ who perished in the Ukraine famine of the 19...  http://t.co/nUPy6EPAWn,famine,True,19,139,15,3,9,22,False,True,True,True,4,0,1,2,3,2,15,11,11,10,8,5,8,8,9,11,14,16,0.0,0.0,5,17
5084,famine,"Punjab, Pakistan","@WuckForld @LioniskingRTAC To be alive even a heroic
Famine drink look out",famine,True,11,74,9,0,3,10,False,False,False,False,1,2,2,0,0,0,8,7,5,3,3,3,4,6,8,8,8,8,0.65,0.39999999999999997,3,11
5086,famine,"Brooklyn, New York",So shameful and tragic.. http://t.co/5p1e40qkGV,famine,False,5,47,3,4,4,7,False,True,False,False,1,0,0,0,0,2,4,3,3,3,3,3,2,2,2,2,2,4,0.75,-0.75,1,5
5090,famine,"Kyiv (Kiev), Ukraine (????, ????, ???????)",#Ukraine #Kyiv #News Radio Free Europe/Radio Liberty: Ukraine famine monument erected in ... http://t.co/ME5u1YqH4i #Kiev #Ukrainian #Ua,famine,True,17,136,16,3,12,20,False,True,True,False,2,1,4,1,2,3,16,14,13,9,8,6,3,4,8,9,11,14,0.8,0.4,1,17
5091,famine,Worldwide,"NONSENSE &gt;&gt; famine memories  -- strong exaggeration of Ukrainian MSM
#ukraine #russia #?????????? #sanctions https://t.co/dDOTd7W2o8",famine,True,15,138,16,3,15,25,True,True,True,True,0,0,0,2,1,3,12,12,12,12,10,9,3,3,3,5,6,9,0.7333333333333333,0.4333333333333333,1,15
5093,famine,somewhere in time,I would rather dwell in the land of famine and be in God's perfect will than to rest in the confines of Egypt... http://t.co/P14oePCrW0,famine,True,24,135,7,3,5,27,False,True,False,False,3,4,3,2,1,2,16,13,9,6,4,3,11,15,18,20,21,23,1.0,1.0,12,20
5100,famine,"Dublin, Ireland. ",Miners strike; Botha Apartheid SA Tutu Nobel prize; IRA bomb Brighton  Famine in Ethiopia. '84 feels like yesterday http://t.co/UZKssvj9CW,famine,True,20,138,18,3,7,21,False,True,False,True,2,3,3,3,1,1,17,15,12,9,6,5,5,8,11,14,15,16,0.0,0.0,1,20
5108,famine,kyiv. ukraine,Russian 'food crematoria' provoke outrage amid crisis famine memories http://t.co/kZYvMnqHy7 via @Reuters,famine,True,12,105,6,1,7,12,False,True,False,False,1,1,1,2,3,2,12,11,10,9,7,4,1,2,3,5,8,10,0.0,0.0,0,12
5111,fatal,Cincinnati,Protesters mark year since fatal police shooting in Wal-Mart (from @AP) http://t.co/3KbeJGmj0d,fatal,True,12,94,8,2,8,12,False,True,False,True,0,3,3,1,0,2,11,11,8,5,4,4,1,4,7,8,8,10,0.0,0.0,2,12
5112,fatal,"Kansas City, MO",Police investigate fatal shooting on 71 Highway http://t.co/0KJjdaOJHI,fatal,True,8,70,8,3,4,8,False,True,False,False,0,0,1,1,1,1,6,6,6,5,4,3,2,2,3,4,5,6,0.0,0.0,1,8
5118,fatal,,Success is not final failure is not fatal.It is the courage to continue that counts - http://t.co/gRTHlAACfV,fatal,True,17,108,9,0,5,18,False,True,False,False,3,1,1,1,3,2,12,9,8,7,6,3,8,9,10,11,14,16,0.43333333333333335,-0.005555555555555573,8,14
5121,fatal,,11-Year-Old Boy Charged With Manslaughter of Toddler: Report: An 11-year-old boy has been charged with manslaughter over the fatal sh...,fatal,True,20,136,9,4,6,22,False,False,False,False,4,4,2,0,3,1,18,14,10,8,8,5,6,10,12,12,15,16,0.0,0.0,6,20
5123,fatal,Gurgaon,11-Year-Old Boy Charged With Manslaughter of Toddler: Report: An 11-year-old boy has been charged with manslaughter over the fatal sh...,fatal,True,20,136,9,4,6,22,False,False,False,False,4,4,2,0,3,1,18,14,10,8,8,5,6,10,12,12,15,16,0.0,0.0,6,20
5129,fatal,Milton Keynes ,Trim error led to fatal Greek F-16 crash: ?A NATO safety investigation board report has determined that the ma... http://t.co/YhSahLKQo4,fatal,True,20,136,13,3,6,24,True,True,False,True,3,4,5,3,0,0,18,15,11,6,3,3,5,9,14,17,17,17,0.0,0.0,5,20
5133,fatal,"NJ, Amerikkka",Photo: No need to put your all your feelings on social mediaÛ_the results could be fatal. #message http://t.co/EzxtovAl4l,fatal,True,18,122,4,1,9,19,False,True,True,False,2,3,1,3,1,2,14,12,9,8,5,4,6,9,10,13,14,16,0.06666666666666667,0.03333333333333333,6,17
5143,fatal,,@LadyShaxx That is freaking awesome!,fatal,False,5,36,3,0,1,5,False,False,False,False,0,1,0,0,0,2,4,4,3,3,3,3,1,2,2,2,2,4,1.0,1.0,1,5
5147,fatal,,Seatbelts really do save people man. Alot of fatal recks have no intrusion of the interior People just fly out,fatal,True,20,110,3,0,0,20,False,False,False,False,3,5,2,3,0,1,16,13,8,6,3,3,7,12,14,17,17,18,0.55,0.5,8,19
5151,fatal,,Investigators shift focus to cause of fatal Waimate fire http://t.co/ej0mewOupS,fatal,True,10,79,4,1,4,10,False,True,False,False,0,1,4,0,1,0,8,8,7,3,3,2,2,3,7,7,8,8,0.0,0.0,2,10
5156,fatal,"Buffalo, NY","Police continue to investigate fatal shooting on Vermont &amp; 14th Street
http://t.co/daACJ5Hfmq",fatal,True,11,97,7,3,7,11,False,True,False,False,0,1,2,1,1,2,9,9,8,6,5,4,2,3,5,6,7,9,0.0,0.0,2,11
5158,fatal,Baroda,11-Year-Old Boy Charged With Manslaughter of Toddler: Report: An 11-year-old boy has been charged with manslaughter over the fatal sh...,fatal,True,20,136,9,4,6,22,False,False,False,False,4,4,2,0,3,1,18,14,10,8,8,5,6,10,12,12,15,16,0.0,0.0,6,20
5161,fatalities,,@noobde @comingsoonnet YEEESSSS!!!! I will buy him twice!! No KP2 jus release kombatants stages alternate kostumes and fatalities at will,fatalities,True,20,137,12,1,2,25,False,False,False,True,5,2,0,1,3,1,17,12,10,10,9,6,8,10,10,11,14,15,0.0,0.0,5,19
5163,fatalities,,Las Vegas in top 5 cities for red-light running fatalities - News3LV http://t.co/rEt82MdQnG,fatalities,True,13,91,9,4,6,13,False,True,False,False,3,0,1,1,2,0,10,7,7,6,5,3,6,6,7,8,10,10,0.5,0.5,2,13
5167,fatalities,"Greenville, SC",Highway Patrol reports uptick in statewide pedestrian fatalities - Post and Courier  http://t.co/xccv3D9IcR,fatalities,True,14,107,7,2,5,14,False,True,False,False,1,1,0,2,3,0,11,10,9,9,7,4,4,5,5,7,10,10,0.0,0.0,2,14
5173,fatalities,,"http://t.co/pcdub1gQoC

#Figureskate #ToshikazuKatayama [Earthquake Report]@OnlyQuakeNews Get all the headlines of our earthquake-report.Û_",fatalities,False,11,140,11,1,15,12,False,True,True,False,4,0,0,0,0,0,10,6,6,6,6,6,5,5,5,5,5,5,0.0,0.0,4,11
5205,fatalities,seattle,Wow 3 are WSEA RT @KING5Seattle: Seattle's deadliest red light runner intersections revealed http://t.co/zqUsy2k4ws http://t.co/OX6dHXEUwe,fatalities,False,15,138,20,5,11,16,False,True,False,True,3,1,1,1,0,1,13,10,9,8,7,7,5,6,7,8,8,9,0.5666666666666667,0.16666666666666666,1,15
5214,fatality,VH1 Soul in a BET World ,Any other generation this would've been fatality  http://t.co/zcCtZM9f0o,fatalities,False,9,72,4,2,5,9,False,True,False,False,1,2,1,0,0,2,8,7,5,4,4,4,2,4,5,5,5,7,0.375,-0.125,3,9
5215,fatality,"Sericita, Minas Gerais",@martinsymiguel @FilipeCoelho92 FATALITY,fatalities,False,3,40,10,2,2,2,False,False,False,True,0,0,0,0,0,1,3,3,3,3,3,3,0,0,0,0,0,1,0.0,0.0,0,3
5216,fatality,,@noobde this monkey will be a good character in mkx lol banana fatality,fatalities,False,13,71,0,0,1,12,False,False,False,False,2,3,0,2,1,1,10,8,5,5,3,2,5,8,8,10,11,12,0.43333333333333335,0.48333333333333334,5,13
5217,fatality,,Flourishing sleigh bell an toothsome transit fatality: oNrhPz http://t.co/gB4W3T7b3T,fatalities,False,9,84,7,4,5,9,False,True,False,False,0,1,0,2,1,0,8,8,7,7,5,4,1,2,2,4,5,5,0.0,0.0,1,9
5225,fatality,,@Blawnndee FATALITY!!!,fatalities,False,2,22,9,0,1,4,False,False,False,True,0,0,0,0,0,0,2,2,2,2,2,2,0,0,0,0,0,0,0.0,0.0,0,2
5237,fatality,,???? #mortalkombat #mortalkombatx #mkx #fanart #fatality ?Follow for more? #Gaming #Pictures #YoutubeÛ_ https://t.co/LQCqjUNwiR,fatalities,False,13,128,10,0,15,19,True,True,True,False,1,2,1,0,3,0,13,12,10,9,9,6,1,3,4,4,7,7,0.5,0.5,2,13
5239,fatality,Bobba Island ,'come from south like ya name asher d' big h does come with some fatality bars in his minor lotm 'battle',fatalities,False,21,105,0,0,4,20,False,False,False,False,2,9,4,0,0,2,17,15,6,2,2,2,6,15,19,19,19,21,0.15000000000000002,-0.025,7,21
5240,fatality,"Santa Cruz, CA",Don't let your #writing suffer a fatality! Learn how to seek and destroy bad writing--weekly on Live Write Thrive: http://t.co/VVuL9eGPe8,fatalities,False,20,137,10,2,9,21,False,True,True,False,4,3,3,1,2,1,17,13,10,7,6,4,7,10,13,14,16,17,0.38888888888888884,-0.2545454545454545,6,20
5241,fatality,,..... FATALITY,fatalities,False,2,14,8,0,0,6,False,False,False,True,0,0,1,0,0,1,2,2,2,1,1,1,0,0,1,1,1,2,0.0,0.0,0,2
5246,fatality,Mainer missing Guatemala,'The best way to treat #addiction...is as a #publichealth problem.' http://t.co/Ojt5aXP1OG,fatalities,False,11,90,6,2,8,15,False,True,True,False,1,2,1,0,0,0,8,7,5,4,4,4,4,6,7,7,7,7,0.3,1.0,4,11
5250,fatality,Planet Earth (mainly) #Neuland,. @paulrogers002 Many #cancers which had a very high fatality rate 30 years ago kill a lot less today. #Oncology has achieved a lot.,fatalities,False,24,132,2,5,3,26,False,False,True,False,4,7,2,1,0,3,19,15,8,6,5,5,9,16,18,19,19,22,0.42288888888888887,0.18044444444444444,7,22
5253,fatality,,@GodHunt_sltv FATALITY,fatalities,False,2,22,10,0,2,1,False,False,False,True,0,0,0,0,0,1,2,2,2,2,2,2,0,0,0,0,0,1,0.0,0.0,0,2
5258,fatality,,FAVORITE FATALITY!!after she tore her enemy's face she took a selfie &amp; posted on kinda-Mortal Kombat's Facebook. LOL http://t.co/GLyNizSnAK,fatalities,False,19,143,28,0,9,22,False,True,False,True,4,3,1,2,1,2,17,13,10,9,7,6,6,9,10,12,13,15,0.85,0.65,6,18
5261,fear,"Amos,Quebec,Canada",@Dat_Vi fear of the unknown eh.,fear,True,6,31,2,0,2,6,False,False,False,False,2,1,0,0,2,0,5,3,2,2,2,0,3,4,4,4,6,6,0.6,-0.1,2,6
5268,fear,USA,'Bear Markets Are Driven By Fear And Fear Has Taken Over Many European Markets. Don't ... - http://t.co/MlaxoJ1kCJ http://t.co/yGfgndIBpo,fear,True,19,137,22,1,11,24,False,True,False,False,4,4,3,1,1,2,17,13,9,6,5,4,6,10,13,14,15,17,0.25,0.25,0,18
5275,fear,??????????,"Fleshgod Apocalypse - Blinded by Fear (mini drum cover) https://t.co/2PxafIHTf7
this cover is awesome www",fear,True,14,105,8,2,8,14,False,True,False,False,1,2,2,1,2,1,11,10,8,6,5,3,4,6,8,9,11,12,1.0,1.0,3,14
5277,fear,Windsor ON Canada,"...@jeremycorbyn must be willing to fight and 2 call a spade a spade. Other wise very savvy piece by @OwenJones84 
http://t.co/fabsyxQlQI",fear,False,21,137,6,3,7,25,False,True,False,False,1,4,5,1,1,0,15,14,10,5,4,3,7,11,16,17,18,18,0.5812499999999999,0.25625,7,20
5279,fear,,Trying to conquer my fear of flying by pulling massive G's with this flight simulator. #OculusRift #VirtualReality http://t.co/rHFjkUQ7zw,fear,True,18,137,10,1,7,19,False,True,True,False,1,3,0,3,3,0,14,13,10,10,7,4,5,8,8,11,14,14,1.0,0.0,6,18
5288,fear,garbage disposal bc im trash,@skydragonforce ^^why i usually never try to express opinions for fear of the hate ._.,fear,True,15,86,0,0,4,16,False,False,False,False,4,2,2,0,2,1,12,8,6,4,4,2,7,9,11,11,13,14,0.575,-0.3375,5,15
5289,fear,Sherman ave South Bronx #STF,Show no love and fear no ops,fear,True,7,28,1,0,0,6,False,False,False,False,2,3,0,0,0,0,5,3,0,0,0,0,4,7,7,7,7,7,0.6,-0.25,3,6
5294,fear,"Jakarta, Indonesia",FEAR GOD MORE NAJIB LESS: Nazir taking another stab at brother as govt threats police crackdownsÛ_ http://t.co/bQT9bjdUJG #WayneRooney_INA,fear,True,18,139,31,1,10,18,False,True,True,True,1,4,3,2,3,0,16,15,11,8,6,3,3,7,10,12,15,15,0.2833333333333333,0.16666666666666669,2,18
5303,fear,"Free Hanseatic City of Bremen, Germany",My grandma had always fear and in some way she was right - @3nach9 #Tatort #HBwahl #Daesh @WESER_KURIER @HBBuergerschaft @Jerusalem_Post,fear,True,20,136,21,2,10,19,False,False,True,True,5,2,1,2,4,0,17,12,10,9,7,3,8,10,11,13,17,17,0.5357142857142857,0.2857142857142857,6,20
5307,fear,a pool of my own tears,the next chp is titled emmeryn I Live In Fear,fear,True,10,45,4,0,0,9,False,False,False,False,2,3,0,1,1,0,7,5,2,2,1,0,5,8,8,9,10,10,0.25,0.06818181818181818,2,10
5311,fire,,HOLY FUCK SOMEONE SET ME ON FIRE https://t.co/GXnvqCGjQ2,fire,True,8,56,31,1,4,8,False,True,False,True,1,3,0,0,1,0,6,5,2,2,2,1,3,6,6,6,7,7,0.6,-0.4,0,8
5312,fire,Michigan,Why is it that my pinky feels like it's lit on fire ? #freaky,fire,True,14,61,1,0,2,14,True,False,True,False,2,4,2,0,1,0,9,7,3,1,1,0,7,11,13,13,14,14,0.0,0.0,6,14
5314,fire,San Jose State University ,@21Joseph fire,fire,True,2,14,1,2,1,1,False,False,False,False,0,1,0,0,0,0,2,2,1,1,1,1,0,1,1,1,1,1,0.0,0.0,0,2
5318,fire,,almost set the house on fire tryna make fucking hotdogs...,fire,True,10,58,0,0,0,12,False,False,False,False,2,2,2,1,1,0,9,7,5,3,2,1,3,5,7,8,9,9,0.8,-0.6,2,10
5327,fire,New York,AMAZON KINDLE FIRE 7' FAST REPAIR SERVICE FOR POWER JACK USB CHARGING PORT - Full read by Û_ http://t.co/2WHegYGS3k http://t.co/5b0BH8vPM6,fire,True,20,139,70,7,13,21,False,True,False,True,3,6,1,3,1,1,17,14,8,7,4,3,6,12,13,16,17,18,0.575,0.275,1,20
5329,fire,OUTERSPACE,I just got electrocuted by my #HP Chromebook charger it sparked and caught fire #HP http://t.co/UBywQHoaWr,fire,True,16,106,11,0,6,16,False,True,True,True,4,2,0,1,2,0,12,8,6,6,5,3,8,10,10,11,13,13,0.0,0.0,5,15
5333,fire,Sea of Green,Even with delays? Like a bogged down cpu? #gunsense @Minutemaniac @shieldmaidn @BigFatDave,fire,False,12,90,6,0,4,13,True,False,True,False,0,5,0,1,1,0,11,11,6,6,5,4,1,6,6,7,8,8,0.19444444444444448,-0.1777777777777778,3,12
5334,fire,San Antonio,I just watched Halt and Catch Fire 2x10 'Heaven is a Place' https://t.co/jcPxOrV3AU #trakt,fire,True,14,90,11,4,7,14,False,True,True,False,1,4,1,2,2,0,11,10,6,5,3,1,4,8,9,11,13,13,0.0,0.0,4,14
5340,fire,salem ma,@_NickSimboli_ u know what I'd say she's the equivalent of strawberries in this case I would say she's fire ????,fire,True,20,112,4,0,6,23,True,False,False,False,4,6,3,0,0,0,16,12,6,3,3,3,8,14,17,17,17,17,0.0,0.0,7,18
5348,fire,Lakeland Fl,@traplordthings Y din u fav my fire memez åÀ!,fire,True,9,45,1,0,3,9,False,False,False,False,3,1,1,0,0,0,6,3,2,1,1,1,6,7,8,8,8,8,0.0,0.0,1,9
5358,fire,,Politifiact: Harry Reid's '30 Percent of Women Served' Planned Parenthood Claim Is a 'Pants on Fire' Lie: Call... http://t.co/wY4Xu1A9j4,fire,True,19,136,17,6,11,22,False,True,False,False,1,1,4,2,4,0,15,14,13,9,7,3,5,6,10,12,16,16,0.0,0.0,3,19
5360,fire,Wonderland,When your likes your Fire IG selfie ????,fire,True,8,40,4,0,0,11,True,False,False,False,0,5,1,1,0,0,7,7,2,1,0,0,1,6,7,8,8,8,0.0,0.0,2,7
5361,fire truck,NY,Tractor-trailers collide on NJ Turnpike å_ 42 http://t.co/OTEXyh79J8 http://t.co/MLZG4l0xnL,fire truck,False,9,91,14,7,11,10,False,True,False,False,0,0,0,0,1,1,5,5,5,5,5,4,4,4,4,4,5,6,0.0,0.0,1,9
5363,fire truck,Tulsa,News On 6 Crew Neighbors Put Out Hallett Truck Fire http://t.co/TwqVKZY6Dn http://t.co/eeyveTLAHW,fire truck,False,12,97,20,2,8,13,False,True,False,False,2,3,1,0,1,0,10,8,5,4,4,3,4,7,8,8,9,9,0.0,0.0,0,12
5364,fire truck,"Lampe, MO",What a night! Kampers go on vacation to end our Dream Job party where fire truck sprays the pool with a hose! http://t.co/if0BiyubC4,fire truck,True,23,132,6,2,4,25,False,True,False,False,4,4,5,2,1,1,18,14,10,5,3,2,9,13,18,20,21,22,0.0,0.0,8,22
5369,fire truck,Los Angeles,#Irvine #SigAlert update: 133 S now closed at Irvine Blvd. 133 N closed past the 5 b/c of trash truck fire. @KNX1070,fire truck,False,22,116,10,11,5,23,False,False,True,True,5,1,4,3,2,1,17,12,11,7,4,2,10,11,15,18,20,21,0.15,-0.15,4,20
5370,fire truck,New York,Ltd Toy Stamp &amp; Vintage Tonka TFD No 5 Pressed Steel Pumper Fire Truck  - Full read by eBay http://t.co/hTvyEnXCBS http://t.co/xSvPzxYRe3,fire truck,True,22,141,26,2,11,23,False,True,False,True,3,4,5,1,2,0,17,14,10,5,4,2,8,12,17,18,20,20,0.55,0.35,1,22
5374,fire truck,Tulsa,News On 6 Crew Neighbors Put Out Hallett Truck Fire http://t.co/TwqVKZY6Dn http://t.co/QoInQ6gc9M,fire truck,False,12,97,19,4,8,13,False,True,False,False,2,3,1,0,1,0,10,8,5,4,4,3,4,7,8,8,9,9,0.0,0.0,0,12
5376,fire truck,"Los Angeles, California",Photo: #NJTurnpike å_ NJ Turnpike Reopens Hours After Truck Fire In Linden; Driver Dead | NJ Turnpike... http://t.co/8SRT9rGaX7,fire truck,False,18,127,24,3,10,21,False,True,True,False,0,2,3,2,2,1,13,13,11,8,6,4,5,7,10,12,14,15,0.4,-0.2,0,17
5388,fire truck,"Queens, New York",@dmon2112 @C_T_Morgan but the fire rings of NYC permits I'd have to jump through for a food truck don't make it appealing,fire truck,False,22,121,7,4,6,21,False,False,False,True,5,5,3,0,2,0,18,13,8,5,5,3,9,14,17,17,19,19,0.5,0.5,10,22
5390,fire truck,"Fredericksburg, VA",Last night was a ball! Atop a 40 ft. fire truck latter!#NNO2015 http://t.co/0KTxo7HLne,fire truck,True,13,86,9,8,5,16,False,True,True,False,2,3,3,0,0,0,10,8,5,2,2,2,5,8,11,11,11,11,0.06666666666666667,0.0,3,12
5393,fire truck,USA,Fire shuts down part of NJ Turnpike å_ 96 http://t.co/UzeatfZAyA http://t.co/ejrGK69aeq,fire truck,False,11,87,10,4,10,12,False,True,False,False,0,3,1,0,0,1,7,7,4,3,3,3,4,7,8,8,8,9,0.2888888888888889,-0.15555555555555559,2,11
5394,fire truck,,Mark your Calendars: Fire truck parade returns to Raleigh! http://t.co/QGCAqdfEKf,fire truck,True,10,81,10,0,5,11,False,True,False,False,0,3,1,1,1,1,9,9,6,5,4,3,1,4,5,6,7,8,0.23333333333333334,-0.3125,2,10
5395,fire truck,"Los Angeles, CA",This dude just pulled in front of our production with his truck on fire. Cops pulled up after we put it out http://t.co/e7DRPQUW4G,fire truck,False,23,130,9,2,4,24,False,True,False,False,4,5,4,2,0,0,17,13,8,4,2,2,10,15,19,21,21,21,0.0,0.0,12,22
5398,fire truck,,Truck catches fire in Warwick: A tree service truck caught fire around 7:15 p.m. on Wednesday in Warwick on In... http://t.co/nAdAvcq9VA,fire truck,False,21,136,10,4,6,26,False,True,False,False,0,5,3,2,3,1,16,16,11,8,6,3,5,10,13,15,18,19,0.0,0.0,4,18
5399,fire truck,USA,Pickup Truck Fire On Driscoll Bridge Snags Garden State Parkway #NewYork http://t.co/Q5YU2tZGte,fire truck,False,12,95,17,2,5,12,False,True,True,False,0,1,3,3,1,2,11,11,10,7,4,3,1,2,5,8,9,11,0.0,0.0,0,12
5401,fire truck,,Langhorne-Middletown Fire Co. welcomes new truck ... http://t.co/KrpJo9zMSx,fire truck,False,8,75,8,1,5,12,False,True,False,False,3,1,1,0,0,1,8,5,4,3,3,3,3,4,5,5,5,6,0.45454545454545453,0.13636363636363635,0,8
5402,fire truck,New Jersey,Truck driver died in Turnpike fire most lanes still closed police say http://t.co/tTmJgq6ayM via @njdotcom,fire truck,False,15,106,5,1,5,15,False,True,False,False,2,3,3,3,0,1,14,12,9,6,3,3,3,6,9,12,12,13,0.3,0.2,2,15
5405,fire truck,"Augusta, GA",Photo: xshanemichaelsx: instaxbooty: ?? @johnnyxphixxle ?? (via TumbleOn) Is that a fire truck ? I need to... http://t.co/WZ809L8zP5,fire truck,True,18,132,9,5,10,26,True,True,False,False,0,4,2,1,0,0,12,12,8,6,5,5,6,10,12,13,13,13,0.0,0.0,3,17
5414,first responders,Philippines,'We must educate first responders about how to adapt to emergencies involving an #autistic individuals.' | http://t.co/JIeB3lsZqc,first responders,True,17,129,5,1,8,18,False,True,True,False,2,1,3,0,1,0,13,11,10,7,7,6,6,7,10,10,11,11,0.26666666666666666,0.024999999999999994,5,16
5415,first responders,"Indianapolis, Indiana",Central Indiana first responders are providing feedback at the third and final #FirstNet focus group today.... http://t.co/pehH7wHZ0g,first responders,True,17,133,7,2,5,21,False,True,True,False,3,0,5,0,2,1,16,13,13,8,8,6,4,4,9,9,11,12,0.3958333333333333,0.0625,4,17
5419,first responders,"Columbia, MO",[News] Saint Louis University lowers tuition for first responders http://t.co/VJRHkmHpu2,first responders,True,10,88,9,1,6,10,False,True,False,False,1,0,3,2,1,0,10,9,9,6,4,3,1,1,4,6,7,7,0.3333333333333333,0.25,1,10
5421,first responders,Stuck In Traffic,Community first responders #CFR The Radio Ham: Tony Hancock http://t.co/MMSoOOOa70,first responders,True,10,82,15,2,6,10,False,True,True,True,1,3,2,0,1,0,10,9,6,4,4,3,1,4,6,6,7,7,0.3333333333333333,0.25,0,10
5422,first responders,,First responders tell me he is lucky.... had someone riding with him today. http://t.co/jc16CZn0NC,first responders,True,14,98,5,3,4,19,False,True,False,False,2,2,1,2,1,0,11,9,7,6,4,3,5,7,8,10,11,11,0.5833333333333334,0.29166666666666663,6,14
5424,first responders,,"Good Day Columbia: First Responders Memorial with Sallie ... 
#MEMORIAL_DAY #MEMORIALDAY
 http://t.co/qW3uNfV8Kb http://t.co/hgxMBmrDa3",first responders,True,13,135,36,3,14,17,False,True,True,True,2,2,1,1,0,1,13,11,9,8,7,7,2,4,5,6,6,7,0.4666666666666667,0.475,1,13
5427,first responders,Northern Colorado,'An alarming trend among first responders is raising concerns for local fire departments in Colorado and around... http://t.co/Iqr6v6DTHr,first responders,True,18,137,6,2,5,21,False,True,False,False,3,1,4,0,1,3,16,13,12,8,8,7,5,6,10,10,11,14,0.3111111111111111,0.049999999999999996,4,18
5429,first responders,,What I'll miss the most is that very rare occasion where you and the first responders on scene are the difference between life and death.,first responders,True,25,137,2,0,1,25,False,False,False,False,7,8,3,1,1,1,23,16,8,5,4,3,9,17,20,21,22,23,0.611111111111111,0.38000000000000006,14,22
5431,first responders,Serving Oklahoma,Volunteers served first responders today during a tanker fire in Eufaula. Provided cold drinks and food. #okwx #tankerfire,first responders,True,18,122,3,0,2,19,False,False,True,False,1,2,4,4,0,2,16,15,13,9,5,5,3,5,9,13,13,15,0.6666666666666666,-0.175,4,18
5433,first responders,"Jacksonville, FL",Attention Service Members Veterans Educators First Responders in Jacksonville FL http://t.co/4UrtBEAcE5,first responders,True,11,103,15,2,4,11,False,True,False,False,0,0,1,0,2,1,9,9,9,8,8,6,2,2,3,3,5,6,0.3333333333333333,0.25,1,11
5434,first responders,"Baton Rouge, LA",'The longer you wait the more people die': #Lafayette theater shooting first responders relied on training: http://t.co/yXOojnbr7m,first responders,True,17,130,4,1,9,17,False,True,True,False,2,3,2,3,1,1,16,14,11,9,6,5,3,6,8,11,12,13,0.41666666666666663,0.375,4,17
5435,first responders,,@pnppro1 Warm Up exercise of the trainees on Basic First Responders Training Course. http://t.co/vdbj2o0IYX,first responders,True,14,107,10,3,5,15,False,True,False,False,1,1,2,0,1,4,11,10,9,7,7,6,4,5,7,7,8,12,0.3527777777777778,0.2833333333333333,3,14
5436,first responders,"From Boston, for New England",.@MLSudders on social workers: 'I would like us to think of them as first responders and give them the same level of respect',first responders,True,23,125,4,0,4,23,False,False,False,False,2,5,4,1,0,2,16,14,9,5,4,4,9,14,18,19,19,21,0.17499999999999996,0.09444444444444444,10,21
5438,first responders,,"SPD OFFICER SHOT - PLEASE PRAY

Please pray for the Shreveport Police Department and other first responders... http://t.co/Kx1YnSME5T",first responders,True,17,133,34,2,7,20,False,True,False,True,4,2,2,2,1,0,16,12,10,8,6,5,5,7,9,11,12,12,0.35416666666666663,0.0625,4,17
5440,first responders,,Pray for our Nation &amp; her troops that defend in her. May he continue his watch over those watch over us our first responders.,first responders,True,24,129,3,0,2,25,False,False,False,False,6,5,5,3,0,1,21,15,10,5,2,2,9,14,19,22,22,23,0.3333333333333333,0.25,12,21
5441,first responders,"Goldsboro, NC",Red Cross arrived on the scene around 9:30pm to canteen for first Responders fighting this massive blaze. Go... http://t.co/IDY9KsCaVV,first responders,True,19,134,11,4,5,23,False,True,False,False,3,1,4,3,3,1,17,14,13,9,6,3,5,6,10,13,16,17,0.3333333333333333,0.0625,5,19
5447,first responders,,Allergan Kicks off REFRESH AMERICA Program to Supply First Responders With Free Eye Drops http://t.co/0OjKuLqO5I http://t.co/wkmcPmCtgu,first responders,True,16,135,31,2,8,17,False,True,False,True,2,2,3,1,3,1,15,13,11,8,7,4,3,5,8,9,12,13,0.5666666666666667,0.325,2,16
5451,first responders,"Tennessee, USA",Please pray for employees  residents and first responders.  #myhometown #livesmatter https://t.co/tdeS8MEAR2,first responders,True,13,108,6,2,6,14,False,True,True,False,2,1,1,1,0,0,11,9,8,7,6,6,4,5,6,7,7,7,0.3333333333333333,0.25,2,12
5453,first responders,Nevada,Every time I get on the news I see more sadness and needless death. To all my first responders still on shift tonight go home safe. ??????????,first responders,True,27,142,4,0,0,38,True,False,False,False,5,4,5,1,2,1,20,15,11,6,5,3,12,16,21,22,24,25,0.5833333333333333,0.1875,7,25
5456,first responders,Hull ma,@AlJavieera The public should always have the ability to share information w the police &amp; first responders #publicsafetyfirst,first responders,True,18,129,3,0,4,17,False,False,True,False,3,1,3,4,1,0,16,13,12,9,5,4,5,6,9,13,14,14,0.19999999999999998,0.125,5,17
5457,first responders,"Cedar City, Utah",First Responders needed for a Cedar City community event Aug 7/8. Contact Terri Linford at 435-327-1148. Meeting tonight.,first responders,True,18,121,9,12,3,20,False,False,False,False,2,2,4,1,3,1,16,14,12,8,7,4,4,6,10,11,14,15,0.3333333333333333,0.25,3,18
5463,flames,,flames everywhere ???? https://t.co/cG9GAkbPta,flames,True,4,46,4,1,4,8,True,True,False,False,0,1,0,1,0,0,4,4,3,3,2,2,0,1,1,2,2,2,0.0,0.0,0,4
5464,flames,,more new flames for that next fire under the pot line up flames right here right now let em knw u wit em flames!!!,flames,True,24,114,0,0,0,26,False,False,False,False,8,6,3,2,0,0,20,12,6,3,1,1,12,18,21,23,23,23,0.40519480519480516,0.29602272727272727,8,21
5470,flames,live from the low end,the fires of hell for Julie #Extant writers....she better go down in flames when this is all over...#Extant,flames,True,18,107,3,0,2,24,False,False,True,False,3,4,2,2,1,0,14,11,7,5,3,2,7,11,13,15,16,16,0.3944444444444445,0.17222222222222222,10,18
5472,flames,,@xodeemorgss she went to get rice and the whole thing tipped over so he had like flames on his pants and she was like omg I'm so sorry!??,flames,True,28,137,1,0,2,30,True,False,False,False,11,5,3,2,0,1,23,12,7,4,2,2,16,21,24,26,26,27,0.7,-0.2125,14,24
5474,flames,,@ClockworkHeart When I read it this morning I had  a Mrs White moment ('Flames on the side of my face...') GAH.,flames,True,22,111,11,0,5,25,False,False,False,True,3,5,1,1,1,1,14,11,6,5,4,3,11,16,17,18,19,20,0.0,0.0,8,21
5478,flames,New York,*NEW* Snap On Tools Black baseball Hat/Cap Silver/Gray Embroidered S Logo Flames - Full reÛ_ http://t.co/F30F9V0aSI http://t.co/5B5a1HDzF6,flames,True,17,139,25,8,16,18,False,True,False,True,0,3,4,1,1,1,14,14,11,7,6,5,3,6,10,11,12,13,0.4792929292929293,0.10656565656565657,0,17
5483,flames,Little Rock,I only fuck you when it's half past five,flames,False,9,40,1,0,1,8,False,False,False,False,1,7,0,0,0,0,8,7,0,0,0,0,2,9,9,9,9,9,0.5041666666666667,-0.20416666666666666,4,9
5490,flames,bestatriz Û¢29/4 Û¢ #askdemigod ,see the flames inside my eyes,flames,True,6,29,0,0,0,5,False,False,False,False,2,1,0,2,0,0,5,3,2,2,0,0,3,4,4,6,6,6,0.0,0.0,2,6
5500,flames,"Fargo, ND",You were just waiting for us to go down in flames,flames,True,11,49,1,0,0,10,False,False,False,False,2,3,0,1,1,0,7,5,2,2,1,0,6,9,9,10,11,11,0.2888888888888889,-0.15555555555555559,6,11
5504,flames,,This is gonna go down in flames ?? https://t.co/pjOG1LcYYV,flames,True,9,58,7,1,4,11,True,True,False,False,0,2,1,1,0,0,5,5,3,2,1,1,4,6,7,8,8,8,0.2888888888888889,-0.15555555555555559,3,9
5508,flames,"Here, There & Everywhere..",I'm listening to 'Zion' by Flames on #Pandora http://t.co/mP0tmdzyIE,flames,True,9,68,7,1,8,9,False,True,True,False,1,0,0,2,0,1,6,5,5,5,3,3,4,4,4,6,6,7,0.0,0.0,3,9
5511,flattened,,I think that's been the best bit of this match. Kurt Zouma absolutely flattened that bloke.,flattened,True,16,91,3,0,1,17,False,False,False,False,2,5,2,3,0,0,14,12,7,5,2,2,4,9,11,14,14,14,0.6,0.6,6,16
5512,flattened,support all girls!,why would anyone want to hear some type of shin cup noodle flattened by a rolling pin sing https://t.co/IuEm2g1Nzp,flattened,True,19,114,3,2,4,19,False,True,False,False,3,6,1,2,1,0,15,12,6,5,3,2,7,13,14,16,17,17,0.0,0.0,6,19
5513,flattened,Swansea,@jackcarter22 me and bricktop were laughing about him on sunday when he flattened 3 or 4 arsenal players from a corner ???? #tank #VaVaZouma,flattened,True,24,140,3,4,3,27,True,False,True,False,2,4,2,2,2,2,17,15,11,9,7,5,9,13,15,17,19,21,0.0,0.0,11,24
5516,flattened,,Unlike the Donaldson dive into the stands no young boys were flattened in the Kyle Parker catch.,flattened,True,17,96,4,0,0,17,False,False,False,False,3,5,1,4,0,0,15,12,7,6,2,2,5,10,11,15,15,15,0.4,-0.05,7,15
5523,flattened,Derbyshire,@johndavidblake Winds me up to see 95% 'whites' held up as 'black' as if just a trace of flattened nose or curly hair is impure.,flattened,True,25,128,1,2,6,25,False,False,False,False,2,4,3,0,2,1,14,12,8,5,5,3,13,17,20,20,22,23,0.43333333333333335,-0.16666666666666666,12,23
5527,flattened,,Free Ebay Sniping RT? http://t.co/6KGMVkbPLR Hot 80pcs Tibetan Silver Round Flattened Spacer Beads Jewelry Finding 5.5x1. ?Please Fa,flattened,True,18,132,23,6,4,22,True,True,False,True,2,2,3,3,5,0,17,15,13,10,7,2,3,5,8,11,16,16,0.6833333333333335,0.15,0,18
5530,flattened,"Hawkes Bay, New Zealand",@st3ph007 do you think the pedagogy/practice is more important than the environment? #BFC630NZ walls can be 'flattened' in many ways,flattened,True,20,132,5,7,5,20,True,False,True,True,4,4,2,0,0,0,16,12,8,6,6,6,8,12,14,14,14,14,0.6666666666666666,0.4666666666666666,10,19
5533,flattened,"Salford, Greater Manchester",Zouma! Runaway train. Absolutely flattened the Fiorentina player there...,flattened,True,9,73,4,0,0,13,False,False,False,False,1,0,0,3,1,1,9,8,8,8,5,4,1,1,1,4,5,6,0.9,0.2,2,9
5536,flattened,"Whitley Bay, England","Lustig gets flattened...he should have stayed down longer..

Commons coming on . my guess is GMS coming off...

water break! 0-0  76mins",flattened,True,21,136,5,4,5,30,False,False,False,True,2,3,1,7,0,0,16,14,11,10,3,3,7,10,11,18,18,18,0.2888888888888889,-0.19444444444444448,8,20
5537,flattened,New York,100  1' MIX NEW FLAT DOUBLE SIDED LINERLESS BOTTLE CAPS YOU CHOOSE MIX FLATTENED - Full reÛ_ http://t.co/61fALvOCuK http://t.co/1MuTpFcgDL,flattened,True,20,139,72,7,13,21,False,True,False,True,5,3,2,3,0,0,17,12,9,7,4,4,8,11,13,16,16,16,0.28238636363636366,0.11534090909090908,0,19
5542,flattened,,Zouma flattened that breh,flattened,True,4,25,1,0,0,3,False,False,False,False,0,2,1,0,0,0,4,4,2,1,1,1,0,2,3,3,3,3,0.0,0.0,1,4
5543,flattened,San Diego,Flattened via IDEAS IN FOOD - A cheesecake brownie does not always have the aesthetic we are ... http://t.co/oRSmW5Airj,flattened,True,19,119,17,1,5,22,False,True,False,True,5,3,1,1,1,0,15,10,7,6,5,4,9,12,13,14,15,15,0.0,0.0,6,19
5546,flattened,,David Ortiz just absolutely flattened that baseball??,flattened,True,7,53,2,0,0,8,True,False,False,False,0,2,2,0,0,0,7,7,5,3,3,3,0,2,4,4,4,4,0.9,0.2,2,7
5549,flattened,Worldwalking,@FollowerOfDole 'Give me your lunch money ner-' *flattened by falling quarter*,flattened,True,11,78,4,0,6,10,False,False,False,False,0,1,4,0,1,1,9,9,8,4,4,3,2,3,7,7,8,9,0.0,0.0,3,11
5550,flattened,"Hermiston, Oregon",I see a flattened Cyberman. Do I watch way too much Doctor Who??? http://t.co/XMKVhW2RS0,flattened,True,14,88,13,2,4,18,True,True,False,False,3,1,1,2,0,0,10,7,6,5,3,3,7,8,9,11,11,11,0.2,0.2,2,13
5551,flattened,,The satisfaction of knowing you flattened someone with logic and reasoned argument ??,flattened,True,13,85,1,0,0,14,True,False,False,False,3,1,1,0,2,2,11,8,7,6,6,4,5,6,7,7,9,11,0.0,0.0,4,13
5562,flood,New York,Spot Flood Combo 53inch 300W Curved Cree LED Work Light Bar 4X4 Offroad Fog Lamp - Full reÛ_ http://t.co/E6BnWxFtkb http://t.co/Ww2uVHRy89,flooding,False,20,139,25,11,12,21,False,True,False,True,4,6,4,2,1,0,19,15,9,5,3,2,5,11,15,17,18,18,0.625,0.375,0,20
5566,flood,,Hey @FLOOD_magazine send me to #HOTCHIP @hot_chip @greektheatrela,flooding,False,8,65,13,0,6,7,False,False,True,True,1,1,0,0,0,1,6,5,4,4,4,4,3,4,4,4,4,5,0.0,0.0,2,8
5568,flood,,If you decide to get rid of #flood damaged #furniture solid waste will pick it up for a fee. You can call #Tampa Solid Waste at 813-274-8811,flooding,False,27,140,5,10,5,27,False,False,True,False,6,4,4,3,1,0,20,14,10,6,3,2,13,17,21,24,25,25,0.05,-0.1,10,27
5571,flood,United States,2 NNW Hana [Maui Co HI] COUNTY OFFICIAL reports COASTAL FLOOD at 5 Aug 10:00 AM HST -- WAIANAPANAPA STATE PARK CLOSED DUE TO LARGE SURF. Û_,flooding,False,27,140,81,6,8,27,False,False,False,True,6,2,6,2,2,1,20,14,12,6,4,2,13,15,21,23,25,26,0.3011904761904762,-0.0035714285714285774,1,27
5572,flood,United States,Flood Advisory issued August 05 at 4:35PM EDT by NWS http://t.co/fuZ7y44P4I #WxKY,flooding,False,12,81,17,9,6,12,False,True,True,True,2,0,2,3,0,1,9,7,7,5,2,2,5,5,7,10,10,11,0.0,0.0,2,12
5574,flood,New York,2pcs 18W CREE Led Work Light  Offroad Lamp Car Truck Boat Mining 4WD FLOOD BEAM - Full reaÛ_ http://t.co/0AIV5KhZjv http://t.co/q6HHZbFxCv,flooding,False,21,139,36,7,12,22,False,True,False,True,4,7,3,2,1,0,19,15,8,5,3,2,6,13,16,18,19,19,0.625,0.375,0,21
5583,flood,,12' 72W CREE LED Work Light Bar Alloy Spot Flood Combo Diving Offroad 4WD Boat - Full readÛ_ http://t.co/o7x8oDiBqU http://t.co/jWqxKwSOLL,flooding,False,20,139,30,7,13,21,False,True,False,True,5,5,4,1,2,0,19,14,9,5,4,2,6,11,15,16,18,18,0.625,0.375,0,20
5585,flood,New York,2pcs 18W CREE Led Work Light  Offroad Lamp Car Truck Boat Mining 4WD FLOOD BEAM - Full reaÛ_ http://t.co/yo9q6WxweU http://t.co/n581wQqyAS,flooding,False,21,139,31,9,12,22,False,True,False,True,4,7,3,2,1,0,19,15,8,5,3,2,6,13,16,18,19,19,0.625,0.375,0,21
5591,flood,Canada,How did I know as soon as I walked out of class that Calgary would flood again today,flooding,False,18,84,4,0,0,17,False,False,False,False,3,3,5,1,1,0,13,10,7,2,1,0,8,11,16,17,18,18,0.0,0.0,7,16
5596,flood,New York,2pcs 18W CREE Led Work Light  Offroad Lamp Car Truck Boat Mining 4WD FLOOD BEAM - Full reaÛ_ http://t.co/Yrd3nPC9V0 http://t.co/AnRd0VIfwK,flooding,False,21,139,35,8,12,22,False,True,False,True,4,7,3,2,1,0,19,15,8,5,3,2,6,13,16,18,19,19,0.625,0.375,0,21
5597,flood,New York,12' 72W CREE LED Work Light Bar Alloy Spot Flood Combo Diving Offroad 4WD Boat - Full readÛ_ http://t.co/8Mk9TD4RRL http://t.co/W20rH3Ai9J,flooding,False,20,139,31,12,13,21,False,True,False,True,5,5,4,1,2,0,19,14,9,5,4,2,6,11,15,16,18,18,0.625,0.375,0,20
5601,flood,Asia,Myanmar Flood Victims Need More Relief Aid and Food: Regions struggle with flood aftermath and dwindling suppl... http://t.co/O5adXdNnII,flooding,False,18,136,14,1,5,21,False,True,False,False,3,3,3,1,3,2,18,15,12,9,8,5,3,6,9,10,13,15,0.5,0.5,3,17
5606,flood,"Desloge, Mo","Flash Flood Watch in effect through 7:00am Thursday morning/12:00pm Thursday afternoon.
For: Perry Wayne Cape... http://t.co/fs7vro5seS",flooding,False,15,135,10,9,9,19,False,True,False,False,0,0,5,2,2,2,14,14,14,9,7,5,1,1,6,8,10,12,0.0,0.0,2,14
5607,flood,New York,12' 72W CREE LED Work Light Bar Alloy Spot Flood Combo Diving Offroad 4WD Boat - Full readÛ_ http://t.co/EBJz2MxLr3 http://t.co/jvVD8smJMw,flooding,False,20,139,30,8,13,21,False,True,False,True,5,5,4,1,2,0,19,14,9,5,4,2,6,11,15,16,18,18,0.625,0.375,0,20
5610,flood,New York,Spot Flood Combo 53inch 300W Curved Cree LED Work Light Bar 4X4 Offroad Fog Lamp - Full reÛ_ http://t.co/arR2CVbqJJ http://t.co/nahMndn8X1,flooding,False,20,139,24,10,12,21,False,True,False,True,4,6,4,2,1,0,19,15,9,5,3,2,5,11,15,17,18,18,0.625,0.375,0,20
5615,flooding,"yakima, wa",@Schwarzenegger @FoxNews you won't because Dems are focused on flooding our borders with illegal immigrants to add to their voters. #EndofUS,flooding,True,21,140,7,0,4,21,False,False,True,False,4,2,2,0,5,3,18,14,12,10,10,5,7,9,11,11,16,19,0.5,-0.5,9,20
5616,flooding,"Austin, Texas",Memorial unveiled for Travis County Deputy Jessica Hollis who was killed in Sept. flooding http://t.co/uSiN3M9kgI http://t.co/Mo5lmviPw5,flooding,True,16,136,13,4,8,18,False,True,False,False,3,0,1,5,1,3,15,12,12,11,6,5,4,4,5,10,11,14,0.0,-0.2,4,16
5623,flooding,,Awh damn  I just realized yall gone flooding my TL with school shit and Ima be like .. ??,flooding,True,20,89,5,0,0,23,True,False,False,False,3,7,0,1,0,2,13,10,3,3,2,2,10,17,17,18,18,20,0.8,-0.2,5,20
5630,flooding,New York City,#NYCHA says the pipe that burst and flooded apartments in a senior center is being repaired. http://t.co/eCyui3290H http://t.co/6S6sYUYypL,flooding,False,18,138,12,6,9,20,False,True,True,True,2,3,2,3,1,0,15,13,10,8,5,4,5,8,10,13,14,14,0.1,-0.1,7,18
5636,flooding,United States,#BREAKING Business at the Sponge Docks washed out by rain flooding  /#news,flooding,True,13,74,11,0,3,12,False,False,True,True,2,1,1,3,0,2,10,8,7,6,3,3,5,6,7,10,10,12,0.0,0.0,4,13
5637,flooding,,Nigeria warned against massiveåÊflooding http://t.co/CofH4khFsD http://t.co/m0fLpPxIlg,flooding,True,6,86,8,2,10,7,False,True,False,False,0,0,0,1,2,0,6,6,6,6,5,3,0,0,0,1,3,3,0.0,0.0,1,6
5639,flooding,"Raleigh, NC","@caseyliss def - and donÛªt even fathom when there is bad weather / flooding ??

#byebyeroad",flooding,True,15,93,0,0,9,16,True,False,True,False,3,2,1,1,2,1,12,9,7,6,5,3,6,8,9,10,12,13,0.6666666666666666,-0.6999999999999998,4,15
5640,flooding,"36702 State Road 52, Dade City","Flooding updates from Pasco County

http://t.co/gOSzRa5bdD",flooding,True,5,58,7,1,6,5,False,True,False,False,0,1,1,0,1,1,5,5,4,3,3,2,0,1,2,2,3,4,0.0,0.0,1,5
5643,flooding,State College Pa,Donate to help Myanmar Flooding victims http://t.co/fuRVRES9Ks,flooding,True,7,62,9,1,4,7,False,True,False,False,0,1,0,1,2,1,6,6,5,5,4,2,1,2,2,3,5,6,0.0,0.0,1,7
5648,flooding,"Maryland, USA",Now WoW folks I'm sorry for all the 'prepared' jokes that must be flooding your feeds right now.,flooding,True,18,96,4,0,3,18,False,False,False,False,6,4,5,0,0,1,17,11,7,2,2,2,7,11,16,16,16,17,0.8452380952380952,-0.038095238095238106,7,18
5649,flooding,,@PopMech ANOTHER tweet double posted within 4 hrs. Flooding my timeline with the duplicate tweets.,flooding,True,15,98,10,1,1,16,False,False,False,True,1,2,1,3,2,3,13,12,10,9,6,4,3,5,6,9,11,14,0.0,0.0,3,15
5660,flooding,,when youre tired as hell but your brain keeps flooding you with inspiration,flooding,True,13,75,0,0,0,12,False,False,False,False,2,4,4,0,0,1,12,10,6,2,2,2,3,7,11,11,11,12,0.7,-0.4,6,13
5666,floods,Miami - Support NAVY #SEALS ,OFA outfit floods net w paid OFA trolls &amp;automated netbots that spam any story that is not complimentary of the One http://t.co/hNlSDLhmB9,flooding,False,22,142,12,1,6,22,False,True,False,True,7,4,1,3,1,0,19,12,8,7,4,3,10,14,15,18,19,19,0.25,-0.075,7,20
5667,floods,Tampa FL,Pasco officials impressed by drone video showing floods: Drone videos have given an up-close view of flooded areasÛ_ http://t.co/PrUunEDids,flooding,False,19,140,6,0,9,19,False,True,False,False,0,2,5,1,3,2,16,16,14,9,8,5,3,5,10,11,14,16,1.0,1.0,4,19
5678,floods,Islamabad,"@asgharchohan86 @AdilGhumro 
There are floods in kpk because you guys couldn't build dams in 30 years you ruled.
Even for your own Thar",flooding,False,22,135,5,4,5,22,False,False,False,False,6,4,2,2,1,1,19,13,9,7,5,4,9,13,15,17,18,19,1.0,0.6,9,20
5679,floods,,"Who is bringing the tornadoes and floods. Who is bringing the climate change. God is after America He is plaguing her
 
#FARRAKHAN #QUOTE",flooding,False,23,137,19,0,4,24,False,False,True,True,6,1,1,1,4,3,18,12,11,10,9,5,11,12,13,14,18,21,0.0,0.0,9,17
5681,floods,Colorado,"If I wouldn't have lost all my guns in #Colorado floods I would say I could completely understand
#copolitics #2A https://t.co/37rHlsobbn",flooding,False,20,137,7,3,9,20,False,True,True,True,3,3,2,1,0,1,14,11,8,6,5,5,9,12,14,15,15,16,0.4,0.1,4,18
5682,floods,Montana Misery,all cats are in....time for the floods.......,flooding,False,7,45,0,0,0,17,False,False,False,False,4,1,0,0,0,0,7,3,2,2,2,2,4,5,5,5,5,5,0.0,0.0,5,7
5691,floods,,VIDEO Facing Up To Persecution ÛÒ Pastors Silenced ÛÒ MB Obama holds Iraqi Christian asylumÛ_ https://t.co/qrtUzfHOdw http://t.co/xBNRPS8xHO,flooding,False,17,143,26,1,17,18,False,True,False,True,2,0,4,1,1,1,14,12,12,8,7,6,5,5,9,10,11,12,0.0,0.0,0,16
5696,floods," Elizabeth, NJ",Typhoon Soudelor approaches after 7 killed 2 missing in floods in Philippines http://t.co/hALJNnWrwi via @abc7chicago,flooding,False,15,117,8,3,5,15,False,True,False,False,1,0,1,2,2,1,11,10,10,9,7,5,5,5,6,8,10,11,0.025,-0.2,3,14
5697,floods,"Manila, Philippines",Flash floods landslides possible as Hanna draws in more monsoon rains - Pagasa http://t.co/TzWmsEQPHW | via News5 #iBalita,flooding,False,18,122,12,1,7,18,False,True,True,False,1,1,5,2,1,2,14,13,12,7,5,4,5,6,11,13,14,16,0.75,0.25,3,18
5700,floods,,No Floods #MTVHottest Lady Gaga,flooding,False,5,31,8,0,1,4,False,False,True,False,0,2,0,1,0,0,4,4,2,2,1,1,1,3,3,4,4,4,0.0,0.0,0,5
5701,floods,"Guayaquil, Ecuador",I'm so dried out in this desert let me know I wanna be with you speaking of floods speaking of truth - Laleh ????????,flooding,False,24,117,3,0,2,31,True,False,False,False,4,3,4,2,0,3,16,12,9,5,3,3,12,15,19,21,21,24,0.6,-0.2,10,22
5702,floods,"Brooksville, Florida",Myanmar floods occur during low season for river cruising - Pandaw River Expeditions is currently operating only t... http://t.co/cQtTGrkwf6,flooding,False,19,140,7,1,5,22,False,True,False,False,2,2,3,4,1,1,17,15,13,10,6,5,4,6,9,13,14,15,0.5666666666666667,0.0,5,19
5708,floods,Australia,#WorldVision is responding to floods in #India and #MyanmarFlood with more than 300000 affected: http://t.co/eU8jypIzsd,flooding,False,15,119,7,7,8,15,False,True,True,False,1,3,0,3,0,0,12,11,8,8,5,5,4,7,7,10,10,10,0.5,0.5,7,15
5709,floods,,Bengal floods: CM Mamata Banerjee blames DVC BJP claims state failed to use relief funds: KOLKATA: Even as fl... http://t.co/WFwWRcmi9t,flooding,False,20,135,23,1,7,23,False,True,False,True,3,1,2,7,1,2,17,14,13,11,4,3,6,7,9,16,17,19,0.3,-0.5,2,20
5718,forest fire,"Oregon, USA",Grass fire near Forest Grove contained. Sparked by a rock being struck by a tractor. #LiveOnK2 @JackieKATU http://t.co/Yr9mmIS7jT,forest fire,False,18,129,16,3,6,20,False,True,True,False,0,3,3,2,1,1,14,14,11,8,6,5,4,7,10,12,13,14,0.4,0.1,5,16
5723,forest fire,world,Damn dry desert forest fire...damn :( https://t.co/P5SoDrkVW3,forest fire,True,7,61,6,2,6,10,False,True,False,False,1,1,0,2,0,0,6,5,4,4,2,2,2,3,3,5,5,5,0.8,-0.4083333333333333,0,7
5725,forest fire,,#Winston #salem Fire in Pisgah National Forest grows to 375 acres http://t.co/5IMxNGsaSA,forest fire,False,12,88,11,4,6,12,False,True,True,False,1,1,2,3,0,2,10,9,8,6,3,3,3,4,6,9,9,11,0.0,0.0,2,12
5728,forest fire,,Crews responding to small brush fire burning in Tahoe Forest - My News 4 - KRNV Reno NV http://t.co/VhyJnVug6f,forest fire,False,19,110,15,2,6,19,False,True,False,True,0,4,4,1,1,0,12,12,8,4,3,2,7,11,15,16,17,17,0.4,-0.25,2,18
5731,forest fire,"Forest Grove, OR",OMG there's a news chopper over a 3-acre mostly contained fire outside Forest Grove? #slownewsday ?,forest fire,False,16,99,5,1,3,17,True,False,True,True,1,3,0,4,3,0,13,12,9,9,5,2,4,7,7,11,14,14,0.275,0.25,4,15
5735,forest fires,,#GlobalWarming U.S. Forest Service says spending more than half of budget on fires: Û_  United States the agen...  http://t.co/mWiE5CeEIi,forest fire,False,21,138,13,1,9,26,False,True,True,True,2,5,0,5,2,1,17,15,10,10,5,3,6,11,11,16,18,19,0.3333333333333333,0.16666666666666669,5,20
5737,forest fires,,#Reuters #US Forest #Service says spending more than half of budget on fires http://t.co/XlpgKguhkG,forest fire,False,14,99,8,0,7,14,False,True,True,True,1,4,1,2,0,3,12,11,7,6,4,4,3,7,8,10,10,13,0.3333333333333333,0.16666666666666669,4,14
5738,forest fires,Babylon Up-On Hudson,+Cossacks+hussars oo hd riggd up rough shelters N th glade+were kindlng glowng fires N a hollow v th forest where th FrNch could not C th,forest fire,False,26,137,6,0,3,25,False,False,False,False,1,0,6,3,1,1,14,13,13,7,4,3,13,13,19,22,23,24,0.225,-0.1,4,22
5742,forest fires,San Francisco,Why can't they use ocean water to fight forest fires? http://t.co/NMWi5Sm3Uw,forest fire,True,11,76,6,2,5,12,True,True,False,False,2,1,4,2,0,0,10,8,7,3,1,1,3,4,8,10,10,10,0.0,0.0,2,11
5747,forest fires,west coast ,People come and go. Some are cigarette breaks others are forest fires.,forest fire,True,12,70,2,0,0,13,False,False,False,False,4,2,0,5,0,0,12,8,6,6,1,1,4,6,6,11,11,11,0.0,0.0,3,11
5749,forest fires,"alberta, canada",@gilmanrocks7 ya it was. Damn forest fires.,forest fire,True,7,43,1,1,1,8,False,False,False,False,0,2,0,2,0,0,5,5,3,3,1,1,2,4,4,6,6,6,0.0,0.0,2,7
5750,forest fires,"Muskegon, MI",@lldubs Are any of your vineyards affected by the forest fires in California?,forest fire,True,13,77,2,0,1,13,True,False,False,False,3,1,1,1,1,1,10,7,6,5,4,3,6,7,8,9,10,11,0.0,0.0,6,13
5755,forest fires,,I hope the rain stops the forest fires tbh we've been on lvl. 3 lockdown for water for the past month :/,forest fire,True,22,104,1,1,3,22,False,False,False,False,6,5,5,1,0,1,18,12,7,2,1,1,10,15,20,21,21,22,0.625,-0.25,8,19
5756,forest fires,,Stubborn forest fires burn in two provinces |RZ| http://t.co/yZO948652k #Iran #IranElection,forest fire,True,11,91,8,6,8,11,False,True,True,True,1,2,2,1,0,1,10,9,7,5,4,4,2,4,6,7,7,8,0.0,0.0,1,11
5761,forest fires,"Washington, DC",Worth the read --&gt; As California fires rage the Forest Service sounds the alarm about sharply rising wildfire costs http://t.co/2LZtOMsAUz,forest fire,False,20,141,11,1,8,20,False,True,False,False,3,2,5,4,2,1,19,16,14,9,5,3,4,6,11,15,17,18,0.425,0.0875,4,18
5762,forest fires,"Panama City Beach, Florida",A group of Florida Forest Service firefighters could be deployed to California to help contain fires. Details at 10! http://t.co/tRrig5J1Re,forest fire,False,20,139,9,4,4,22,False,True,False,False,1,1,2,2,4,1,14,13,12,10,8,4,7,8,10,12,16,17,0.0,0.0,5,19
5767,forest fires,,Property losses from northern CA wildfire nearly double http://t.co/fHqx7FiIVJ If you pray please remember CA people/forests/wildlife/water,forest fire,False,16,139,11,1,7,16,False,True,False,False,1,2,0,4,0,4,13,12,10,10,6,6,4,6,6,10,10,14,0.0,0.0,2,15
5768,forest fires,"Kruibeke, BelgiÌÇ",'People come and go. Some are cigarette breaks others are forest fires.',forest fire,True,12,72,2,0,2,13,False,False,False,False,4,2,0,3,2,0,12,8,6,6,3,1,4,6,6,9,11,11,0.0,0.0,3,11
5770,forest fires,"Missoula, MT",Two New Bitterroot National Forest Fires are Largest for Forest So Far This Year http://t.co/zVa34qHU8M,forest fire,True,15,103,16,3,4,15,False,True,False,False,5,2,1,2,1,1,14,9,7,6,4,3,6,8,9,11,12,13,0.7272727272727273,0.11818181818181818,2,14
5773,forest fires,"Madison, WI",Standing in mountaintop field scented with wildflowers dust and distant forest fires smell of impending rain in the air.  #fieldworksmells,forest fire,True,21,138,1,0,1,21,False,False,True,False,2,4,3,1,2,1,17,15,11,8,7,5,6,10,13,14,16,17,0.35,-0.1,6,20
5774,forest fires,,Q: Why do ducks have big flat feet? A: To stamp out forest fires. Q: Why do elephants have big flat feet? A: To stamp out flaming ducks.,forest fire,True,28,136,8,0,4,31,True,False,False,False,6,4,5,3,1,0,20,14,10,5,2,1,14,18,23,26,27,27,0.1125,-0.0125,6,17
5779,forest fires,NYC,Firefighting consumes Forest Service budget sparks political clash http://t.co/ARN8qfgNpm,forest fire,False,9,89,7,1,4,9,False,True,False,False,0,0,1,3,1,1,9,9,9,8,5,4,0,0,1,4,5,6,0.1,0.0,0,9
5782,forest fires,NIFC,#RiverComplex #CA #CASHF http://t.co/37iYHPPNr4 River Complex: Six Rivers National Forest lightning fires ÛÒ Morning Update,forest fire,False,15,124,22,3,11,15,False,True,True,True,3,0,2,4,1,2,15,12,12,10,6,5,3,3,5,9,10,12,0.4,-0.3,0,15
5785,hail,,#LukeBox how about a song for your fellow Eagles?! ???? #hail southern,hail,True,12,70,3,0,2,17,True,False,True,False,2,3,2,1,0,3,11,9,6,4,3,3,3,6,8,9,9,12,0.0,0.0,5,12
5786,hail,,@froilan_canin https://t.co/caCXADLEb8 AFTERNOON DELIGHT Ha! Bounce filmed in between Calgary's Uber Hail Storms #yyc http://t.co/6zgkDpMMSK,hail,True,15,140,33,2,12,17,False,True,True,True,1,3,0,3,2,0,14,13,10,10,7,5,2,5,5,8,10,10,0.0,0.0,2,15
5787,hail,United States,BYZ issues Severe Thunderstorm Warning [wind: 60 MPH hail: 1.00 IN] for Big Horn Yellowstone [MT] till Aug 5 8:00 PM MDT  Û_,hail,True,24,125,22,9,10,24,False,False,False,True,8,5,1,3,1,0,20,12,7,6,3,2,12,17,18,21,22,22,0.1,0.0,1,24
5788,hail,Sales Specialist~ Worldwide  ,Hvy rain wind sm hail Tree down on Bluff Ridge Rd. Multiple trees down o on house on South Shades Crest Rd. (Past Lake Drive) @spann,hail,True,26,132,13,0,3,27,False,False,False,False,3,7,7,3,0,1,21,18,11,4,1,1,8,15,22,25,25,26,0.20694444444444446,-0.14027777777777778,6,22
5796,hail,"Stgo, Chile",Seen on Fahlo:#WCW All Hail the QueenåÊ?? http://t.co/zrhXy9iBno http://t.co/Opjz8fGdIy,hail,True,9,87,13,2,12,12,True,True,True,False,2,2,0,0,0,0,8,6,4,4,4,4,3,5,5,5,5,5,0.0,0.0,2,9
5802,hail,Qwuank,Which version of All Hail Shadow you do you like more Magna-Fi's or Crush 40's? ÛÓ Crush 40s. http://t.co/oGs6d0p3RB,hail,True,19,117,11,7,10,21,True,True,False,True,4,4,4,1,1,0,16,12,8,4,3,2,7,11,15,16,17,17,0.5,0.5,6,17
5806,hail,Oklahoma,Severe Thunderstorm 7 Miles North of Arcadia Moving SE At 20 MPH. 60 MPH Wind Gusts and Large Hail. Hail... #okwx http://t.co/WEd69e4KRg,hail,True,22,136,24,8,5,27,False,True,True,True,2,2,6,2,2,0,16,14,12,6,4,2,8,10,16,18,20,20,0.42857142857142855,0.21428571428571427,2,22
5809,hail,Townsville,Once I get my stomach together I will be wearing crop tops during all seasons. Rain or shine. Snow sleet or hail.,hail,True,22,113,5,0,0,24,False,False,False,False,2,6,2,2,2,2,16,14,8,6,4,2,8,14,16,18,20,22,0.0,0.0,7,20
5810,hail,Ontario CA,Something to think about,hail,False,4,24,1,0,0,3,False,False,False,False,0,0,2,0,0,0,3,3,3,1,1,1,1,1,3,3,3,3,0.0,0.0,2,4
5811,hail,,Severe Thunderstorm Warning until 08:00 PM local for Custer Fall River &amp; Shannon Counties in SD. 60 Mph Wind Gusts And Penny Size Hail. #sd,hail,True,25,143,19,6,4,26,False,False,True,True,5,3,8,2,2,1,22,17,14,6,4,2,8,11,19,21,23,24,0.0,0.0,3,25
5813,hail,British Columbia,@adolwyn This near U? @JWagstaffe: RT @OldsFireDept: Aug 5 2015 Hwy27 west of Olds. Approximately 1 foot of hail. http://t.co/Yg0pd73Bpw',hail,True,20,137,15,11,10,23,True,True,False,False,1,5,3,0,0,1,14,13,8,5,5,5,7,12,15,15,15,16,0.5,-0.15000000000000002,2,19
5820,hail,St Louis,Created save #666 on my current Fallout 3 playthrough. Hail Satan!,hail,True,11,66,4,4,1,12,False,False,True,False,0,3,0,1,3,0,8,8,5,5,4,1,3,6,6,7,10,10,0.4,0.0,2,11
5823,hail,Ontario CA,i survived what you tried to destroy you're not a man just a boy,hail,False,14,64,0,0,1,13,False,False,False,False,4,2,1,1,1,1,10,6,4,3,2,1,8,10,11,12,13,14,0.0,-0.2,9,13
5830,hail,Rapid City & The Black Hills,New warning for Central Hills 1' hail 60 mph winds. NOT affecting Sturgis but could later tonight. #KOTAWeather http://t.co/E8oUxVKuTE,hail,True,19,134,18,4,6,21,False,True,True,True,5,1,3,1,3,1,17,12,11,8,7,4,7,8,11,12,15,16,0.23484848484848486,0.04545454545454545,2,19
5831,hail,Bending the elements.,Hail Mary. ????,hail,True,3,15,2,0,0,7,True,False,False,False,0,2,1,0,0,0,3,3,1,0,0,0,0,2,3,3,3,3,0.0,0.0,0,3
5838,hailstorm,,Twin Storms Blow Through Calgary * 75 http://t.co/sIAKlSbdiP http://t.co/fm44ZS93OA,hailstorm,False,9,83,14,6,9,10,False,True,False,False,0,2,0,1,2,0,7,7,5,5,4,2,2,4,4,5,7,7,0.0,0.0,0,9
5839,hailstorm,Washington State,We The Free Hailstorm Maxi http://t.co/Cnn1nXXNwc,hailstorm,True,6,49,9,1,4,6,False,True,False,False,1,2,0,0,0,0,5,4,2,2,2,2,2,4,4,4,4,4,0.8,0.4,0,6
5844,hailstorm,North East America,Boston yesterday after an intense hailstorm. Photo by 'then0mads0ul'. http://t.co/uxgtXCArQ1,hailstorm,True,10,92,6,3,6,12,False,True,False,False,0,0,2,1,1,0,8,8,8,6,5,4,2,2,4,5,6,6,1.0,0.2,3,10
5846,hailstorm,"Calgary, Alberta, Canada",#yyc #hailstorm #christmas came early https://t.co/f0A2IIzx3A,hailstorm,True,6,61,4,3,7,6,False,True,True,False,0,2,1,0,0,0,6,6,4,3,3,3,0,2,3,3,3,3,0.3,0.1,0,6
5851,hailstorm,World Wide,Yesterday's #hailstorm! #boston #cambridge http://t.co/HbgYpruvO7 http://t.co/SwtgHLibs2,hailstorm,True,6,88,7,2,12,8,False,True,True,False,0,0,0,0,1,0,6,6,6,6,6,5,0,0,0,0,1,1,0.0,0.0,0,6
5852,hailstorm,Toronto,RICHIE: This was #Calgary yesterday after a crazy #hailstorm! pics via Calgary Herald http://t.co/1oH20qHk2l,hailstorm,True,14,108,12,4,7,15,False,True,True,True,2,2,2,1,2,1,13,11,9,7,6,4,3,5,7,8,10,11,0.9,-0.75,3,14
5857,hailstorm,"Calgary, Alberta, Canada",Get out of the hailstorm and come down to @TheBrokenCity 2night at 9PM to catch a screening ft. @thebanffcentre! There will be BEER + FOOD!,hailstorm,True,25,139,15,2,3,27,False,False,False,True,6,4,3,1,0,0,18,12,8,5,4,4,13,17,20,21,21,21,0.2888888888888889,-0.24305555555555558,11,24
5859,hailstorm,,It looks like all the trees in my yard had a Britney Spears style meltdown. #Bald #Hailstorm,hailstorm,True,17,92,5,0,2,17,False,False,True,False,3,2,4,1,1,0,13,10,8,4,3,2,7,9,13,14,15,15,0.0,0.0,6,17
5860,hailstorm,Sudbury,Hailstorm flash flooding slam Calgary knocks out power to 20k customers http://t.co/sNpPqrwuXB,hailstorm,True,12,94,6,2,4,12,False,True,False,False,2,1,2,1,1,1,11,9,8,6,5,4,3,4,6,7,8,9,0.0,0.0,2,12
5862,hailstorm,"Boston, MA",JPLocalFirst RT eliotschool: Yesterday's #hailstorm in #Boston. Wow. Thunder lightning. Artful awesome. http://t.co/YsvE1SEAko,hailstorm,True,13,126,16,1,8,17,False,True,True,False,0,1,0,1,1,2,11,11,10,10,9,8,2,3,3,4,5,7,1.0,0.55,1,13
5865,hailstorm,Calgary ,#yyctraffic #yycstorm  Caller says 'idiots' are stopping under overpasses and blocking 'all lanes on Crowchild' in (small-sized) hailstorm.,hailstorm,True,19,139,2,0,9,19,False,False,True,False,2,2,2,1,0,3,16,14,12,10,9,9,5,7,9,10,10,13,0.8,-0.8,5,19
5866,hailstorm,"Calgary, Alberta",here is goes again #abstorm #hailstorm #yychail stay safe everyone!,hailstorm,True,10,67,0,0,3,10,False,False,True,False,0,4,1,0,0,2,9,9,5,4,4,4,1,5,6,6,6,8,0.5,0.625,3,10
5871,hailstorm,Philippines,Hundreds of commuters abandoned at LRT station during severe hailstorm http://t.co/vMIGkJ0tkZ,hailstorm,True,11,93,9,1,4,11,False,True,False,True,1,0,0,2,1,1,9,8,8,8,6,5,3,3,3,5,6,7,0.0,0.0,3,11
5872,hailstorm,Golden British Columbia Canada,Good olde fashioned prairie #hailstorm #calgaryweather https://t.co/hI1yOQFlfm,hailstorm,True,7,78,5,1,6,7,False,True,True,False,0,2,0,0,1,0,7,7,5,5,5,4,0,2,2,2,3,3,0.6000000000000001,0.7,0,7
5877,hailstorm,,Hundreds of commuters abandoned at LRT station during severe hailstorm http://t.co/25wIeHMLZ5,hailstorm,True,11,93,9,3,4,11,False,True,False,True,1,0,0,2,1,1,9,8,8,8,6,5,3,3,3,5,6,7,0.0,0.0,3,11
5878,hailstorm,Ottawa Canada,Hailstorm cleanup begins in Calgary http://t.co/DhH5jz2w49,hailstorm,True,6,58,4,4,4,6,False,True,False,False,0,0,0,1,2,0,5,5,5,5,4,2,1,1,1,2,4,4,0.0,0.0,1,6
5879,hailstorm,Calgary and USA,600 passengers abandoned at LRT station during Tuesday's hailstorm http://t.co/eLZoyEqA3m #yyc #yycstorm #abstorm,hailstorm,True,13,113,8,4,8,13,False,True,True,True,2,1,0,1,1,1,12,10,9,9,8,7,3,4,4,5,6,7,0.0,0.0,2,13
5880,hailstorm,USA,@Haley_Whaley Hailstorm Clash ofClans Gems Giveaway is out now! visit my Profile Bio to get guide on how to get 200.00 Gems,hailstorm,True,22,123,10,5,2,23,False,False,False,False,5,3,3,1,2,1,17,12,9,6,5,3,10,13,16,17,19,20,0.0,0.0,8,19
5895,harm,london,Mental health is real..?? Self harm is real..??Depression is real..?? feeling alone..?? no where to fit in..?? one day it could be you???,harm,True,23,137,3,0,0,45,True,False,False,False,3,2,2,4,1,2,16,13,11,9,5,4,10,12,14,18,19,21,0.30000000000000004,0.17500000000000002,9,20
5897,harm,,@ShaunKing HARSH PENALTIES FOR LEGAL FIREARM OWNERS WHO STRAW PURCHASE A FIREARM FOR ANY FELON. GANG MEMBERS ONLY INTEND TO CAUSE HARM!,harm,True,22,135,104,0,1,23,False,False,False,True,4,2,5,3,3,1,20,16,14,9,6,3,6,8,13,16,19,20,0.6333333333333333,0.0,0,20
5910,harm,Blue Nation Naija,Anger is an acid that can do more harm to the vessel in which it is stored than to anything on which it is poured ~http://t.co/UTiGx9PSry,harm,True,26,137,6,1,5,26,False,True,False,False,2,5,3,3,0,1,15,13,8,5,2,2,13,18,21,24,24,25,0.35,-0.09999999999999998,18,21
5914,harm,Washington State,Politicians are using false allegations to attack #PlannedParenthood &amp; harm women. We aren't fooled we #StandwithPP http://t.co/JhseGQLbYq,harm,True,17,142,12,0,9,18,False,True,True,False,1,1,3,4,0,0,14,13,12,9,5,5,4,5,8,12,12,12,0.6,-0.4000000000000001,4,17
5915,harm,Maryland,What is up with #Bears beat writers ÛÏwarningÛ fans not to get excited? What actual harm does it do to be excited? Shut the hell up!,harm,True,26,135,4,0,7,28,True,False,True,False,4,9,0,2,1,2,19,15,6,6,4,3,11,20,20,22,23,25,0.5333333333333333,0.28125,12,23
5917,harm,,Never let the experiences of your past bring harm to your future. Remember your past canÛªt be altered and your... http://t.co/l9cy29sb1t,harm,True,21,138,2,4,7,25,False,True,False,False,3,6,2,0,4,1,18,15,9,7,7,3,6,12,14,14,18,19,0.20833333333333334,-0.16666666666666666,9,18
5924,harm,"Melbourne, Australia",@Norcinu @TheBodyShopAust @thomaldo tiny plastic beads used in cosmetics (scrubs toothpaste) doing great harm to aquatic ecosystems.,harm,True,17,132,5,0,5,17,False,False,False,False,0,3,3,0,3,1,15,15,12,9,9,6,2,5,8,8,11,12,0.625,0.4,3,17
5926,harm,Los Angeles,Politicians are using false allegations to attack #PlannedParenthood &amp; harm women. We aren't fooled we #StandwithPP http://t.co/bIE5pfR2Ac,harm,True,17,142,11,2,9,18,False,True,True,False,1,1,3,4,0,0,14,13,12,9,5,5,4,5,8,12,12,12,0.6,-0.4000000000000001,4,17
5931,harm,"HamptonRoads, Virginia",Father we come 2u &amp; lift up this nation America as well as other countries 2 keep it calm &amp; deliver us from harm in Jesus name??Amen #12K??,harm,True,28,147,5,4,5,31,True,False,True,True,0,8,4,3,2,0,19,19,11,7,4,2,9,17,21,24,26,26,0.5625,0.08750000000000002,9,26
5936,hazard,Hong Kong,Ibrahimovic &amp; Hazard Boot Test: Nike Mercurial Vapor X Test - footballfreestyle24/7: http://t.co/BZUnEPsuLP via @YouTube,hazard,True,15,124,18,3,11,15,False,True,False,False,1,3,3,1,0,1,13,12,9,6,5,5,3,6,9,10,10,11,0.0,0.0,0,15
5940,hazard,Karma ,"Whoever got compared with Hazard faded away one by one. 
Kagawa 
Januzaj 
Di Maria 
Who's next?",hazard,True,16,95,7,0,5,17,True,False,False,False,3,3,3,2,2,2,15,12,9,6,4,2,4,7,10,12,14,16,0.0,0.0,2,16
5941,hazard,Mystic Falls,There will be a 3-match ban for any player caught diving this season.  Looks like Hazard Costa and Young will miss half the season.,hazard,True,25,131,5,1,1,26,False,False,False,False,5,6,4,4,3,0,22,17,11,7,3,0,8,14,18,22,25,25,0.2833333333333333,-0.033333333333333326,9,23
5945,hazard,"Oro Valley, AZ",@mishavelgos @MattBacal8 @ComplexMag this is so accurate I can't even speak haha... Comparing hazard to harden is so true,hazard,True,19,121,6,1,4,21,False,False,False,False,0,3,2,2,1,1,13,13,10,8,6,5,6,9,11,13,14,15,0.5277777777777778,0.3166666666666667,6,17
5946,hazard,,@feroze17 @WarAndSetPiece No one's said Depay's gonna overtake Hazard......,hazard,True,9,75,7,2,4,14,False,False,False,False,0,1,2,0,1,1,8,8,7,5,5,4,1,2,4,4,5,6,0.0,0.0,0,9
5948,hazard,Android Land,"NVIDIA recalls some Shield Tablets because of possible fire hazard

http://t.co/M3nSIx073I

#nvidia",hazard,True,10,99,12,4,9,10,False,True,True,True,0,2,0,2,3,1,9,9,7,7,5,2,1,3,3,5,8,9,1.0,0.0,3,10
5951,hazard,,OEM 2001 Volvo XC70 Center Dashboard Hazard Lamps Control Switch w/Vent Panel http://t.co/VXixYcbbtH http://t.co/HSDonZ49hd,hazard,True,14,123,22,8,9,15,False,True,False,True,1,2,3,4,1,0,14,13,11,8,4,3,1,3,6,10,11,11,0.1,-0.1,0,14
5967,hazard,,"@fplhints hazard depay ozil Ritchie .
Should I go with 3 crazy strikers or 4 midfielders ? #fplboss",hazard,True,17,99,3,2,3,18,True,False,True,False,0,2,2,1,1,3,11,11,9,7,6,5,6,8,10,11,12,15,0.9,-0.6,2,17
5968,hazard,Chicago,Parents Beware: A Household Hazard that Won't Go Away http://t.co/91eiTHgvDB,hazard,True,10,76,12,2,6,10,False,True,False,False,0,2,1,1,2,0,8,8,6,5,4,2,2,4,5,6,8,8,0.0,0.0,1,10
5969,hazard,Honduras,Con el Crack de Hazzel Hazard?????? @ Saint John's Episcopal School https://t.co/iQ0iWYPizd,hazard,True,12,91,12,1,6,18,True,True,False,False,1,0,2,3,0,0,9,8,8,6,3,3,4,4,6,9,9,9,0.0,0.0,0,12
5970,hazard,Dark Night. ???? ??,"'HOLD ON' 
Batman in Hazard suit. http://t.co/fSPLv8Inwr",hazard,True,7,56,12,1,7,8,False,True,False,True,1,0,2,1,1,0,6,5,5,3,2,1,2,2,4,5,6,6,0.0,0.0,1,7
5971,hazard,"El Cerrito, CA",Choking Hazard Prompts Recall Of Kraft Cheese Singles http://t.co/98nOsYzu58,hazard,True,9,76,10,4,4,9,False,True,False,False,0,0,1,3,3,0,8,8,8,7,4,1,1,1,2,5,8,8,0.0,0.0,0,9
5973,hazard,Sunderland/The Saaf,Eden Hazard John Terry and Sergio Aguero. An honourable mention for Nemanja Matic. https://t.co/4nzj9qoOay,hazard,True,14,106,10,2,4,16,False,True,False,False,2,2,1,3,3,0,13,11,9,8,5,2,3,5,6,9,12,12,0.0,0.0,2,14
5976,hazard,,@Hazard_VN @AccuracyEsports add me,hazard,True,4,34,5,0,3,3,False,False,False,False,1,0,0,0,0,0,3,2,2,2,2,2,2,2,2,2,2,2,0.0,0.0,1,4
5977,hazard,"Sydney, Australia",@SuperBobbyPires Hazard Ronaldo Cantona Pepe and all those who lashed out before him.,hazard,True,13,85,7,0,1,13,False,False,False,False,4,2,1,3,2,0,13,9,7,6,3,1,4,6,7,10,12,12,0.0,0.0,7,13
5984,hazard,,Road Hazard @ E CONFEDERATE AVE SE / MORELAND AVE SE http://t.co/tym6tYmh4M,hazard,True,12,75,34,2,6,12,False,True,False,True,2,1,0,1,0,1,7,5,4,4,3,3,7,8,8,9,9,10,0.0,0.0,0,10
5986,hazardous,,#ine #instyle Olap #world pres: http://t.co/PJaY74M2Fi How To Recognize A Hazardous Waste And The Multidimensi http://t.co/vr3wlQXl0G,hazard,True,16,133,18,5,12,17,False,True,True,False,3,2,2,1,0,1,14,11,9,7,6,6,5,7,9,10,10,11,0.45,0.19999999999999998,0,16
5993,hazardous,New York,#Hazardous #Waste #Treatment #Disposal : Aug 2015 market growth feeble. http://t.co/yyt4KPtFh8 #MarketResearch #Statistics,hazard,True,13,122,11,6,11,14,False,True,True,False,1,1,0,3,1,0,12,11,10,10,7,6,2,3,3,6,7,7,0.6333333333333333,-0.03333333333333335,0,13
5994,hazardous,,#alfa #forecast Olap #world pres: http://t.co/YiFXKRQx0C How To Recognize A Hazardous Waste And The Multidimen http://t.co/HO4b3L0KI8,hazard,True,16,133,22,5,12,17,False,True,True,False,3,1,3,1,0,0,14,11,10,7,6,6,5,6,9,10,10,10,0.45,0.19999999999999998,0,16
6005,hazardous,"Mobile, AL",@moneymaker32931 tanker truck overturned carrying hazardous materials.,hazard,True,7,70,0,5,1,7,False,False,False,False,0,0,1,1,0,1,7,7,7,6,5,5,0,0,1,2,2,3,0.9,0.6,0,7
6006,hazardous,United States,CHS issues Hazardous Weather Outlook (HWO)  http://t.co/lbkiyfwFlU #WX,hazard,True,9,70,13,0,7,9,False,True,True,True,2,0,1,1,2,0,8,6,6,5,4,2,3,3,4,5,7,7,0.9,0.6,0,9
6008,hazardous,,#diablo #dsp Olap #world pres: http://t.co/LFEtNRXyWt How To Recognize A Hazardous Waste And The Multidimensio http://t.co/PvNvqaXsA7,hazard,True,16,133,21,1,12,17,False,True,True,False,3,2,2,1,1,0,14,11,9,7,6,5,5,7,9,10,11,11,0.45,0.19999999999999998,0,16
6010,hazardous,,TSA issues Hazardous Weather Outlook (HWO) http://t.co/7vlu8ni90Q,hazard,True,7,65,10,4,6,7,False,True,False,True,1,0,1,1,2,0,7,6,6,5,4,2,1,1,2,3,5,5,0.9,0.6,0,7
6011,hazardous,Minnesota,@megynkelly illegals don't abide by the uniform building codes or OSHA safety codes.structur's they build are hazardous to your health.,hazard,True,20,135,4,0,3,21,False,False,False,True,2,3,4,1,2,2,17,15,12,8,7,5,5,8,12,13,15,17,0.9,0.6,8,20
6014,hazardous,"Washington, DC",Also confirmed by Senate Marie Therese Dominguez to be Administrator of the Pipelines and Hazardous Materials Safety Administration (PHMSA).,hazard,True,19,140,16,0,2,19,False,False,False,True,2,1,1,2,1,1,15,13,12,11,9,8,6,7,8,10,11,12,0.95,0.5,6,19
6016,hazardous,,#hot #fiat Olap #world pres: http://t.co/QddYwTynvF How To Recognize A Hazardous Waste And The Multidimensiona http://t.co/dzQGotozNA,hazard,True,16,133,18,0,12,17,False,True,True,False,3,2,3,1,0,0,14,11,9,6,5,5,5,7,10,11,11,11,0.5833333333333334,0.21666666666666665,0,16
6018,hazardous,"Miami, FL",50k plays on our 'Delirious' remix!! Happy it's getting so much love ??,hazard,False,13,71,2,2,3,16,True,False,False,False,2,3,2,0,2,0,10,8,5,3,3,1,5,8,10,10,12,12,0.8,0.65,4,13
6021,hazardous,,#triangle #peter Olap #world pres: http://t.co/JeHTQAqDFh How To Recognize A Hazardous Waste And The Multidime http://t.co/gwXdjd8nGu,hazard,True,16,133,19,1,12,17,False,True,True,False,3,1,2,2,0,0,14,11,10,8,6,6,5,6,8,10,10,10,0.45,0.19999999999999998,0,16
6025,hazardous,New Zealand,SH 29 Kaimai Ranges - Eastbound. Hazardous driving conditions. Due To A Truck Breakdown... http://t.co/0cuCMZCmaO via @AA_Traffic,hazard,True,17,129,19,3,7,22,False,True,False,False,2,0,1,2,1,0,12,10,10,9,7,6,7,7,8,10,11,11,0.6375,0.2375,0,17
6028,hazardous,Yellowknife NT Canada,Drums of Hazardous Waste Dumped Around Kodiak Island: Someone has dumped drums of hazardous was... http://t.co/ZSnnrULaWo &gt;@alaskapublic,hazard,True,17,139,13,0,8,20,False,True,False,False,1,0,3,5,2,0,15,14,14,11,6,4,3,3,6,11,13,13,0.6,0.3333333333333333,4,16
6029,hazardous,Planet Earth,Skinny Jeans are Hazardous for Your Health! http://t.co/TVdvP7VdAs,hazard,True,8,66,10,1,4,9,False,True,False,False,2,1,1,1,1,0,8,6,5,4,3,2,2,3,4,5,6,6,0.9,0.75,2,8
6035,heat wave,"Brooklyn, NY","I added some dumb ideas to beat the #summer heat cheaply
 http://t.co/jatxpAFvA9 @brokelyn #brokelynati",heat wave,False,14,103,4,1,8,14,False,True,True,False,1,4,2,0,1,1,12,11,7,5,5,4,3,7,9,9,10,11,0.6,0.012500000000000011,3,14
6040,heat wave,"Chicago, IL",New Post: Diff Durden  - Heat Wave - CA - http://t.co/jGjgR4o5K0 Vote On Blog #DHHJ #HipHop #Chicago #NP http://t.co/1W10uKVHoo,heat wave,True,20,127,27,6,16,21,False,True,True,True,2,5,2,1,1,1,14,12,7,5,4,3,8,13,15,16,17,18,0.45454545454545453,0.13636363636363635,0,18
6042,heat wave,"San Francisco, CA",@CrawliesWithCri @Rob0Sullivan What do they consider 'heat'? When I lived in London they thought a 'heat wave' was like 25C hahaha,heat wave,True,21,130,10,3,6,21,True,False,False,True,2,5,3,2,2,1,17,15,10,7,5,3,6,11,14,16,18,19,0.4,0.2,6,20
6044,heat wave,"For a healthier, happier YOU!",Never really seen olive leaf extract to help with a rash but good luck! @IngeScott humid heat wave and flared up. I take olive oli extract,heat wave,True,26,138,4,0,1,27,False,False,False,False,4,9,5,2,2,0,23,19,10,5,3,1,7,16,21,23,25,25,0.4,0.3875,6,24
6046,heat wave,"vb/norfolk,va",Yeah it actually is this whole week we in a heat wave :( https://t.co/cB2NWtGy47,heat wave,True,14,80,5,3,6,14,False,True,False,False,0,5,1,0,0,1,8,8,3,2,2,2,6,11,12,12,12,13,0.5,-0.18333333333333335,6,14
6052,heat wave,"Rahway, NJ",It's nice out. Guessing the heat wave is over.,heat wave,True,9,46,2,0,1,10,False,False,False,False,1,5,1,0,0,1,8,7,2,1,1,1,2,7,8,8,8,9,1.0,0.6,4,9
6054,heat wave,Canada,Activists Protest Pipelines in Canada and Shell in Portland Oh and Prepare for Another Heat Wave http://t.co/aKsYPKjdpB #CampLogistics,heat wave,True,18,134,18,0,5,18,False,True,True,False,3,2,1,1,3,1,15,12,10,9,8,5,6,8,9,10,13,14,0.0,0.0,5,16
6062,heat wave,,Heat Wave: A Social Autopsy of Disaster in Chicago by Klinenberg Eric http://t.co/fPtqxVokJC http://t.co/0gt63uQGcU,heat wave,True,14,115,16,3,9,15,False,True,False,False,0,2,1,1,2,1,10,10,8,7,6,4,4,6,7,8,10,11,0.06666666666666667,0.03333333333333333,3,14
6063,heat wave,"Charlotte, NC",@sportguyshow the heat wave ends really tomorrow but still time for another one to build. Only other thing that ends the heat is Autumn.,heat wave,True,24,136,2,0,1,25,False,False,False,False,5,8,3,2,2,1,22,17,9,6,4,2,7,15,18,20,22,23,0.525,0.025000000000000005,8,21
6067,heat wave,"Stockport, Uk",Japan heat wave intensifies - death toll surges to 55: http://t.co/F1h1mzVSNn via @extinctionp,heat wave,True,13,94,5,4,7,13,False,True,False,False,2,3,2,1,0,0,11,9,6,4,3,3,4,7,9,10,10,10,0.0,0.0,1,13
6068,heat wave,Deerfield Beach Florida,Middle East ÛÏHeat DomeÛ Causes Crippling Heat Wave in Israel http://t.co/41Lcb9aepR,heat wave,True,11,87,11,3,10,11,False,True,False,False,0,3,0,3,2,0,10,10,7,7,4,2,1,4,4,7,9,9,0.0,0.0,1,11
6077,heat wave,,@facilitydude shares how to handle the heat and keep your cool http://t.co/ekEd6BulsZ  #facilitiesmanagement,heat wave,False,14,108,3,1,6,14,False,True,True,False,3,4,0,2,0,0,12,9,5,5,3,3,5,9,9,11,11,11,0.65,0.35,5,14
6079,heat wave,"Milan, Italy",God the past few nights have been awesome but tonight it looks like the heat wave is back ?? can't breathe in my room!,heat wave,True,24,118,1,0,1,26,True,False,False,False,5,7,3,1,3,0,19,14,7,4,3,0,10,17,20,21,24,24,0.3375,0.1375,10,23
6080,heat wave,,http://t.co/OYMLNLHEca So important to stay hydrated in the midst of this heat waveÛ_ ?? Û_ http://t.co/EXLQxSa0i8 http://t.co/M3TiNl4NUX,heat wave,True,17,139,20,4,18,21,True,True,False,True,2,3,1,0,1,1,12,10,7,6,6,5,7,10,11,11,12,13,1.0,0.4,5,17
6081,heat wave,"Chiba,very close to Tokyo.",Good morning. Slept about 6 hours. The heat wave hits Japan... The hot days still continue. I guess some people were killed by this climate.,heat wave,True,25,140,6,1,0,31,False,False,False,False,3,8,4,3,0,3,22,19,11,7,4,4,6,14,18,21,21,24,0.4833333333333334,0.25,5,24
6082,heat wave,,Japan heat wave intensifies ÛÒ death toll surges to 55 http://t.co/ZwPoDn3KOH,heat wave,True,11,78,7,3,7,11,False,True,False,True,1,3,2,1,0,0,9,8,5,3,2,2,3,6,8,9,9,9,0.0,0.0,1,11
6089,hellfire,"Denver, Colorado",@WalpurgisNightZ I was thinking super glue since its not as messy.,hellfire,False,11,66,4,0,1,11,False,False,False,False,3,1,2,1,0,1,9,6,5,3,2,2,5,6,8,9,9,10,0.5333333333333333,0.06666666666666665,4,11
6095,hellfire,,I'm melting a bar of chocolate under my laptop at least this fucking HELLFIRE is good for something,hellfire,True,18,99,9,0,1,17,False,False,False,True,3,2,2,1,2,1,13,10,8,6,5,3,8,10,12,13,15,16,0.6000000000000001,-0.06666666666666665,8,18
6101,hellfire,,Hellfire is surrounded by desires so be careful and donÛªt let your desires control you! #Afterlife,hellfire,True,16,100,2,0,4,16,False,False,True,False,2,2,0,0,5,1,12,10,8,8,8,3,6,8,8,8,13,14,1.0,-0.125,7,15
6107,hellfire,"Oakland, CA",@spikepoint @skie It's about context too. If his dick slipped out during the super bowl people would be throwing hellfire here.,hellfire,True,21,127,2,0,3,22,False,False,False,False,3,4,5,2,2,2,19,16,12,7,5,3,5,9,14,16,18,20,0.6666666666666666,0.3333333333333333,8,21
6114,hellfire,,Hellfire! We donÛªt even want to think about it or mention it so letÛªs not do anything that leads to it!,hellfire,True,21,107,2,0,6,22,False,False,False,False,2,3,3,0,3,1,13,11,8,5,5,2,10,13,16,16,19,20,0.0,0.0,11,19
6117,hellfire,"Denver, Colorado",Would you consider yourself good at giving advice? ÛÓ I like to think I give good advice when I feel like its a s... http://t.co/lSMr4KVO6u,hellfire,False,25,140,9,2,7,29,True,True,False,True,3,8,2,2,1,2,19,16,8,6,4,3,9,17,19,21,22,24,0.6000000000000001,0.7,8,21
6121,hellfire,Beal Feirste Northern Ireland,@emmap645 @Vickygeex @Zak_Bagans @NickGroff_ @AaronGoodwin A few friends of mine were up investigatin the hellfire last year they had loads,hellfire,True,20,139,8,3,7,19,False,False,False,False,3,5,1,0,1,1,17,14,9,8,8,7,6,11,12,12,13,14,0.08333333333333334,-0.1,7,20
6122,hellfire,???? ???????,#Allah describes piling up #wealth thinking it would last #forever as the description of the people of #Hellfire in Surah Humaza. #Reflect,hellfire,True,22,138,5,0,5,22,False,False,True,False,2,1,2,3,2,3,16,14,13,11,8,6,8,9,11,14,16,19,0.06666666666666667,0.0,8,20
6124,hellfire,Azeroth,Come watch @QelricDK bash some face in Hellfire Citadel! http://t.co/juQIuN2mhg,hellfire,True,10,79,9,1,5,11,False,True,False,False,0,4,1,0,0,2,9,9,5,4,4,4,1,5,6,6,6,8,0.0,0.0,2,10
6129,hellfire,"Denver, Colorado","*standing in line at JoAnn's little girl and her mom behind me*

Little girl: Mommy is that a boy or a girl?

...
Welp www",hellfire,False,22,122,5,0,9,25,True,False,False,False,5,3,2,2,1,0,16,11,8,6,4,3,11,14,16,18,19,19,0.5666666666666667,-0.25833333333333336,9,21
6131,hellfire,,The Prophet (peace be upon him) said 'Save yourself from Hellfire even if it is by giving half a date in charity.',hellfire,True,22,114,4,0,4,22,False,False,False,False,1,7,1,2,1,2,15,14,7,6,4,3,8,15,16,18,19,21,0.16666666666666666,-0.16666666666666666,10,22
6136,hijack,Out and about ,"APC needs to watch all these PDP defecting to APC 

Patience Jonathan On The Move To Hijack APC In Bayelsa State http://t.co/zzMwIebuci",hijack,True,22,135,24,0,6,22,False,True,False,True,6,1,4,1,1,1,17,11,10,6,5,4,11,12,16,17,18,19,0.0,0.0,4,19
6139,hijack,,Himika Amase is the only prophet in the world who foresaw 'hijack in March' as it was on her Jps Twitter in Feb 2014. malyasiaairlines. ???,hijack,True,26,139,6,4,2,30,True,False,False,False,8,1,3,2,4,0,19,11,10,7,5,1,15,16,19,21,25,25,1.0,0.0,13,23
6142,hijack,,Biggest security update in history coming up: Google patches Android hijack bug Stagefright http://t.co/bFoZaptqCo,hijack,True,14,114,7,0,5,14,False,True,False,False,2,0,0,4,4,1,13,11,11,11,7,3,3,3,3,7,11,12,0.0,0.0,2,14
6143,hijack,In my head.....,RT! Tension In Bayelsa As Patience Jonathan Plans To Hijack APC PDP http://t.co/JlE6aFuG3p,hijack,True,13,90,21,2,4,14,False,True,False,True,3,0,1,1,2,2,10,7,7,6,5,3,6,6,7,8,10,12,0.0,0.0,0,13
6144,hijack,"FCT, Abuja ",Tension In Bayelsa As Patience Jonathan Plans To Hijack APC PDP - The Sun: Plans by formerÛ_ http://t.co/qJPrrObGtC http://t.co/XWoGt4wBf7,hijack,True,19,139,27,2,13,20,False,True,False,True,3,1,2,1,2,2,14,11,10,8,7,5,8,9,11,12,14,16,0.0,0.0,1,18
6149,hijack,Egypt,Biggest security update in history coming up: Google patches Android hijack bug Stagefright http://t.co/LTid39bKBE,hijack,True,14,114,9,2,5,14,False,True,False,False,2,0,0,4,4,1,13,11,11,11,7,3,3,3,3,7,11,12,0.0,0.0,2,14
6155,hijack,"Delta, Nigeria",Tension In Bayelsa As Patience Jonathan Plans To Hijack APC PDP - The Sun http://t.co/VBiGAnIRSJ,hijack,True,15,96,25,0,5,15,False,True,False,True,4,0,1,1,2,2,11,7,7,6,5,3,8,8,9,10,12,14,0.0,0.0,0,15
6157,hijack,UK & Oversees,Chrysler Jeep wirelessly hacked over internet to hijack steering brakes and transmission face lawsuit - should all consider #ISO27001,hijack,True,19,133,5,5,2,18,False,False,True,True,2,3,0,4,1,4,17,15,12,12,8,7,4,7,7,11,12,16,0.0,0.0,5,19
6158,hijack,???/??,@daehyvn he spends the rest of the segment trying to hijack someone else's bike,hijack,True,14,79,0,0,2,13,False,False,False,False,2,2,0,4,2,1,11,9,7,7,3,1,5,7,7,11,13,14,0.0,0.0,5,13
6161,hijack,????? ?? ?????? -????? ????,Swansea ?plot hijack transfer move for Southampton target Virgil van Dijk? http://t.co/UOq87SP5JP,hijack,True,12,97,10,3,4,14,True,True,False,False,2,1,2,3,1,1,12,10,9,7,4,3,2,3,5,8,9,10,0.0,0.0,1,12
6168,hijack,#HDYNATION,hijack,hijack,True,1,6,0,0,0,0,False,False,False,False,0,0,0,1,0,0,1,1,1,1,0,0,0,0,0,1,1,1,0.0,0.0,0,1
6172,hijack,,Swansea ?plot hijack transfer move for Southampton target Virgil van Dijk? http://t.co/DNZjWwTAkI,hijack,True,12,97,11,0,4,14,True,True,False,False,2,1,2,3,1,1,12,10,9,7,4,3,2,3,5,8,9,10,0.0,0.0,1,12
6176,hijack,??? ???? ??????,Swansea ?plot hijack transfer move for Southampton target Virgil van Dijk? http://t.co/PYL26NFEn8,hijack,True,12,97,10,3,4,14,True,True,False,False,2,1,2,3,1,1,12,10,9,7,4,3,2,3,5,8,9,10,0.0,0.0,1,12
6177,hijack,,"Graham Phillips' Fundraiser Canceled By @JustGiving 

#fundraise #Ukraine #donbas 

http://t.co/HIbEf3CXOX http://t.co/9crFKQzD52",hijack,False,11,129,19,4,17,12,False,True,True,False,0,0,0,1,1,2,10,10,10,10,9,8,1,1,1,2,3,5,0.0,0.0,0,11
6179,hijack,Lagos,Bayelsa poll: Plans by Patience Jonathan to hijack APC tickens http://t.co/eyn0E8pmJq,hijack,True,11,85,9,2,5,11,False,True,False,True,1,0,2,1,2,2,9,8,8,6,5,3,3,3,5,6,8,10,0.0,0.0,2,11
6180,hijack,Nigeria ,Criminals Who Hijack Lorries And Buses Arrested In Enugu (PHOTO) http://t.co/5cZ7eM9OTr,hijack,True,11,87,18,3,6,11,False,True,False,True,2,0,2,1,2,1,10,8,8,6,5,3,3,3,5,6,8,9,0.0,0.0,0,11
6182,hijack,,@spencer_ellmore @CentreTransfer just wait Norwich might hijack the deal??????,hijack,True,9,78,3,0,3,14,True,False,False,False,1,2,1,1,1,0,9,8,6,5,4,3,1,3,4,5,6,6,0.0,0.0,2,9
6186,hijacker,"Saint Petersburg, FL",Remove the http://t.co/J2I27K6tWt and Linkury Browser Hijacker http://t.co/D8TgE45FnU http://t.co/GRG1NsJzbk,hijack,True,9,108,18,8,12,11,False,True,False,False,2,0,0,1,2,1,9,7,7,7,6,4,2,2,2,3,5,6,0.0,0.0,2,9
6189,hijacker,Over the Hills and Far Away,"Remove the http://t.co/zmoKZZf4qp and Linkury Browser Hijacker. PITA as it hijacks both browsers and their shortcuts.
http://t.co/QWDkzTi97g",hijack,True,16,140,15,3,9,19,False,True,False,True,3,2,1,1,3,1,14,11,9,8,7,4,5,7,8,9,12,13,0.0,0.0,7,15
6190,hijacker,,Remove http://t.co/77b2rNRTt7 Browser Hijacker - How t... http://t.co/Wff7X3B6KT,hijack,True,8,80,12,7,9,12,False,True,False,False,1,1,0,1,1,1,7,6,5,5,4,3,2,3,3,4,5,6,0.0,0.0,1,8
6194,hijacker,,Governor allows parole for California school bus hijacker http://t.co/0aQBZmrvLQ via @abc7newsbayarea,hijack,True,11,101,7,2,5,11,False,True,False,False,3,0,0,3,0,2,11,8,8,8,5,5,3,3,3,6,6,8,0.0,0.0,1,11
6204,hijacker,Roermond,"and if I cry two tears for her..
That will be the most that I would giveÛ_ https://t.co/Ch24hn74XH",hijack,False,17,99,6,4,8,19,False,True,False,False,5,3,2,0,1,0,13,8,5,3,3,2,9,12,14,14,15,15,0.5,0.5,8,16
6205,hijacker,,Remove http://t.co/GYcBuXfYGP Browser Hijack... http://t.co/FuQH0yKsdg,hijack,True,5,70,14,1,8,9,False,True,False,False,0,0,0,1,1,0,5,5,5,5,4,3,0,0,0,1,2,2,0.0,0.0,0,5
6209,hijacker,,I think parents r shit these days=only coz I don't have kids=but to let ur child pretend to be a hijacker only drives them to do it laters,hijack,True,28,138,2,0,3,27,False,False,False,False,2,4,4,2,2,2,17,15,11,7,5,3,13,17,21,23,25,27,0.9,-0.1,12,25
6210,hijacker,,Remove the http://t.co/OP2NObtoul and Linkury Browser Hijacker http://t.co/JjKlf2PlX7 http://t.co/t3OQgw0Ce7,hijack,True,9,108,15,6,12,11,False,True,False,False,2,0,0,1,2,1,9,7,7,7,6,4,2,2,2,3,5,6,0.0,0.0,2,9
6212,hijacker,,@JagexSupport can u remove the email of the hijacker pls !! YKJL is my ign. i need to recover but pls block so they dont break bank pin!,hijack,True,28,136,6,0,1,31,False,False,False,True,6,7,3,1,1,1,20,14,7,4,3,2,14,21,24,25,26,27,0.0,0.0,11,26
6214,hijacker,Amman,Governor Allows Parole for School Bus Hijacker http://t.co/7mqh7fhxYL http://t.co/BNCcwcsCKt #SahelNews,hijack,True,10,103,15,2,9,11,False,True,True,False,2,0,0,3,0,2,10,8,8,8,5,5,2,2,2,5,5,7,0.0,0.0,1,10
6221,hijacker,California Central Valley,"Updated on Friday at 4:30 A.M. - Daily Area News
California School Bus Hijacker Parole Stands http://t.co/24QEkAh893",hijack,True,16,116,16,8,7,18,False,True,False,True,1,3,1,4,1,1,13,12,9,8,4,3,4,7,8,12,13,14,0.0,0.0,2,16
6225,hijacker,,Governor Allows Parole for School Bus Hijacker http://t.co/i7PIJK6XtM liveleakfun ? http://t.co/IONWArVRFy,hijack,True,11,106,20,2,8,13,True,True,False,False,2,0,0,3,0,2,10,8,8,8,5,5,3,3,3,6,6,8,0.0,0.0,1,11
6228,hijacker,The Court of Public Opinion.,"@mch2601 The AVI is h/t @RealDB4Prez16  
He provided me the artwork and years &amp; years of great hijacker stories.",hijack,True,20,116,9,7,6,20,False,False,False,True,6,0,4,0,1,4,16,10,10,6,6,5,10,10,14,14,15,19,0.75,0.8,5,19
6229,hijacker,"Fairfax, VA",Remove the http://t.co/Ytao0lT144 and Linkury Browser Hijacker http://t.co/uxEKjeuIVp http://t.co/abvvRLFgDh,hijack,True,9,108,14,4,12,11,False,True,False,False,2,0,0,1,2,1,9,7,7,7,6,4,2,2,2,3,5,6,0.0,0.0,2,9
6231,hijacker,,The footage of Albert Reynolds talking about a hijacker demanding the publication of the 3rd secret of Fatima is hilarious.,hijack,True,20,123,4,1,0,20,False,False,False,False,4,0,1,3,2,2,15,11,11,10,7,5,9,9,10,13,15,17,0.5666666666666667,0.033333333333333326,8,17
6235,hijacking,"Washington, D.C.",Earnest PletchÛªs cold-blooded killing of Carl Bivens was just one chapter in his strange life http://t.co/dnQn1OWWF9 http://t.co/xNEPq5HBYD,hijack,False,17,141,16,3,12,18,False,True,False,False,3,3,0,1,4,0,15,12,9,9,8,4,5,8,8,9,13,13,0.15,-0.05,5,17
6236,hijacking,,#hot  Funtenna: hijacking computers to send data as sound waves [Black Hat 2015] http://t.co/EZ1TpCzJzo #prebreak #best,hijack,True,17,119,8,5,10,17,False,True,True,False,1,3,4,1,0,0,14,13,10,6,5,5,4,7,11,12,12,12,0.49583333333333335,0.37083333333333335,2,17
6237,hijacking,,The Murderous Story Of AmericaÛªs First Hijacking http://t.co/VgBOpxb6Wg,hijack,True,8,73,11,1,7,8,False,True,False,False,1,0,2,0,0,0,7,6,6,4,4,4,2,2,4,4,4,4,0.3333333333333333,0.25,0,8
6238,hijacking,,Oops! I say he picked the right car to try hijacking.  https://t.co/SoMgI7hwli,hijack,True,13,78,5,1,4,15,False,True,False,False,4,0,2,1,0,0,9,5,5,3,2,2,8,8,10,11,11,11,0.5357142857142857,0.2857142857142857,3,13
6239,hijacking,"Chinade, Nigeria",#hot  Funtenna: hijacking computers to send data as sound waves [Black Hat 2015] http://t.co/EEpUFlxNvI #prebreak #best,hijack,True,17,119,9,4,10,17,False,True,True,False,1,3,4,1,0,0,14,13,10,6,5,5,4,7,11,12,12,12,0.49583333333333335,0.37083333333333335,2,17
6242,hijacking,Melbourne,#hot  Funtenna: hijacking computers to send data as sound waves [Black Hat 2015] http://t.co/a0zgzd1fYa #prebreak #best,hijack,True,17,119,4,6,10,17,False,True,True,False,1,3,4,1,0,0,14,13,10,6,5,5,4,7,11,12,12,12,0.49583333333333335,0.37083333333333335,2,17
6249,hijacking,china,#hot  Funtenna: hijacking computers to send data as sound waves [Black Hat 2015] http://t.co/RaPaDCea1w #prebreak #best,hijack,True,17,119,7,5,10,17,False,True,True,False,1,3,4,1,0,0,14,13,10,6,5,5,4,7,11,12,12,12,0.49583333333333335,0.37083333333333335,2,17
6250,hijacking,Georgia,#hot  Funtenna: hijacking computers to send data as sound waves [Black Hat 2015] http://t.co/ChGipZWxsx #prebreak #best,hijack,True,17,119,7,4,10,17,False,True,True,False,1,3,4,1,0,0,14,13,10,6,5,5,4,7,11,12,12,12,0.49583333333333335,0.37083333333333335,2,17
6251,hijacking,"sydney, australia",Funtenna: hijacking computers to send data as sound waves [Black Hat 2015] http://t.co/GUDtEFt5HP http://t.co/n3dDxcTO2A,hijack,True,14,120,14,7,11,15,False,True,False,False,1,2,3,1,0,0,12,11,9,6,5,5,3,5,8,9,9,9,0.4166666666666667,0.11666666666666668,2,14
6252,hijacking,Italy,The Murderous Story Of AmericaÛªs First Hijacking http://t.co/QAOqtptgwH,hijack,True,8,73,11,0,7,8,False,True,False,False,1,0,2,0,0,0,7,6,6,4,4,4,2,2,4,4,4,4,0.3333333333333333,0.25,0,8
6260,hijacking,,@csgpelmash we are hijacking a great song from a terrible 'concept video'. So THERE! #eatshit,hijack,True,15,93,6,0,4,16,False,False,True,True,1,2,1,1,1,3,11,10,8,7,6,5,5,7,8,9,10,13,0.875,-0.09999999999999998,5,14
6264,hijacking,,MomentsAtHill everyone hijacking NuNus and timas bikes ????,hijack,True,8,59,5,0,0,11,True,False,False,False,1,1,3,0,0,1,8,7,6,3,3,3,1,2,5,5,5,6,0.0,0.0,1,8
6266,hijacking,Maryland,But is feast.dll still vulnerable to DLL hijacking?  https://t.co/3vaig1PtYk https://t.co/BZDNKpOry1,hijack,True,11,100,12,3,8,14,True,True,False,True,2,0,1,0,0,0,8,6,6,5,5,5,5,5,6,6,6,6,0.5,-0.5,2,11
6270,hijacking,http://wingssilverwork.com,@ReasonVsFear 'One?'  Oh nonononono.  This hijacking's been going on forever but I've seen it about a dozen diff places today alone.,hijack,True,23,132,7,0,5,25,True,False,False,False,1,5,4,3,1,0,17,16,11,7,4,3,7,12,16,19,20,20,0.0,0.0,6,22
6275,hijacking,"darwins, au ",#hot  Funtenna: hijacking computers to send data as sound waves [Black Hat 2015] http://t.co/f6PCzLWBWk #prebreak #best,hijack,True,17,119,9,5,10,17,False,True,True,False,1,3,4,1,0,0,14,13,10,6,5,5,4,7,11,12,12,12,0.49583333333333335,0.37083333333333335,2,17
6279,hijacking,,At #BlackHat? Learn about account hijacking attacks &amp; cloud access security w/ @ElasticaInc: http://t.co/PqXryXVp14 http://t.co/Wt5wZwvpUt,hijack,True,15,142,13,3,14,17,True,True,True,False,0,0,4,1,2,1,13,13,13,9,8,6,2,2,6,7,9,10,0.0,0.0,1,15
6280,hijacking,russia,#hot  Funtenna: hijacking computers to send data as sound waves [Black Hat 2015] http://t.co/XU9u3NNxpK #prebreak #best,hijack,True,17,119,8,6,10,17,False,True,True,False,1,3,4,1,0,0,14,13,10,6,5,5,4,7,11,12,12,12,0.49583333333333335,0.37083333333333335,2,17
6284,hijacking,france,#hot  Funtenna: hijacking computers to send data as sound waves [Black Hat 2015] http://t.co/wG1rt0kB4g #prebreak #best,hijack,True,17,119,5,7,10,17,False,True,True,False,1,3,4,1,0,0,14,13,10,6,5,5,4,7,11,12,12,12,0.49583333333333335,0.37083333333333335,2,17
6285,hostage,U.S.A. - Global Members Site,Who is Tomislav Salopek the Islamic State's Most Recent Hostage? http://t.co/puT3LgsDnf,hostage,True,11,87,11,1,5,12,True,True,False,False,2,1,0,1,3,2,10,8,7,7,6,3,3,4,4,5,8,10,0.375,0.25,2,11
6286,hostage,"Rochester, NY",Chris Brown's aunft was 'held hostage in a closet by armed intruders at his LA home while sin http://t.co/i1Fhb8QSZ7 http://t.co/7C5BG48BRJ,hostage,True,20,139,14,7,10,21,False,True,False,False,3,1,5,1,2,0,15,12,11,6,5,3,8,9,14,15,17,17,0.0,0.0,7,20
6287,hostage,"Moncton, NB",Islamic State threatens to kill another hostage: @DailyGleaner @TJProvincial @TJGreaterSJ http://t.co/dfPLiqjMk2,hostage,True,11,112,15,1,8,11,False,True,False,False,0,1,1,0,2,1,10,10,9,8,8,6,1,2,3,3,5,6,0.0,0.0,1,11
6288,hostage, way way way up ??,Ya kisses hold me hostage &amp; I don't wanna stop it. I only wanna give it to you,hostage,True,18,82,3,0,3,18,False,False,False,False,2,4,4,1,1,0,12,10,6,2,1,0,8,12,16,17,18,18,1.0,0.0,7,16
6289,hostage,,Pakistani Terrorist Was Captured By Villagers He Took Hostage - NDTV http://t.co/C5X10JAkGE,hostage,True,12,91,19,3,5,12,False,True,False,True,1,2,0,0,1,1,9,8,6,6,6,5,4,6,6,6,7,8,0.0,0.0,0,12
6290,hostage,"Limerick, Ireland.","Oh god Diane is following them to the hostage exchange in a taxi. 
#RandomActsOfRomance",hostage,True,14,87,6,0,2,14,False,False,True,False,2,1,2,0,1,1,9,7,6,4,4,3,7,8,10,10,11,12,0.1,0.0,6,14
6291,hostage,"Seattle, WA",Sinai branch of Islamic State threatens to execute Croatian hostage in 48 hours http://t.co/YvtcXrPt34,hostage,True,14,102,7,4,4,14,False,True,False,False,0,0,3,1,3,1,10,10,10,7,6,3,4,4,7,8,11,12,0.0,0.0,3,14
6295,hostage,"Long Island, New York",Concealed Carrier Rescues Hostage Captures Naked Attacker http://t.co/uLy5hM6PqR,hostage,True,8,80,11,2,4,8,False,True,False,False,0,0,1,0,3,2,8,8,8,7,7,4,0,0,1,1,4,6,0.4,0.0,0,8
6298,hostage,"Lahore, Pakistan",UPDATE 4-IS Egypt affiliate threatens to kill Croatian hostage in 48åÊhours http://t.co/C0zrqIk6KE,hostage,True,12,98,14,5,7,12,False,True,False,True,0,2,1,1,1,1,10,10,8,7,6,5,2,4,5,6,7,8,0.0,0.0,2,12
6307,hostage,Visit our  dedicated website @,'IS Egypt affiliate threatens to kill Croatian hostage in 48 hours' - http://t.co/3LcgidRQpb,hostage,True,13,92,7,3,7,13,False,True,False,True,1,1,1,1,1,1,9,8,7,6,5,4,5,6,7,8,9,10,0.0,0.0,2,13
6308,hostage,,my chacos were supposed to arrive by 8pm why are you holding them hostage @ups I just want some crunchysensible footwear,hostage,True,21,120,1,1,1,20,False,False,False,False,4,6,0,2,2,2,17,13,7,7,5,3,8,14,14,16,18,20,0.0,0.0,10,21
6309,hostage,,Islamic State group threatens to kill hostage if 'Muslim women' aren't let go - Press Herald http://t.co/yKM6qfRh98,hostage,True,17,115,8,3,8,17,False,True,False,False,1,1,3,3,3,0,13,12,11,8,5,2,5,6,9,12,15,15,0.0,0.0,3,17
6313,hostage,Niels Groeneveld / RedSocks,Bit-Defender hack ÛÒ Held Hostage!: Late last week it was discovered that antivirus vendor ... http://t.co/2vC8CSTWy5 #damballa #infosec,hostage,True,18,137,10,3,11,22,False,True,True,True,3,6,0,1,0,1,17,14,8,8,7,7,4,10,10,11,11,12,0.3333333333333333,-0.15,3,18
6316,hostage,LA,#BREAKING. Who is Tomislav Salopek the Islamic State's Most Recent Hostage?  /#news,hostage,True,13,83,16,0,4,14,True,False,True,True,2,1,0,2,3,2,11,9,8,8,6,3,4,5,5,7,10,12,0.375,0.25,2,13
6319,hostage,Southern California,#TeamNyle because he's holding a family member hostage and I have to post this or the 'else' happens,hostage,True,18,100,3,0,4,17,False,False,True,False,2,4,0,3,4,0,14,12,8,8,5,1,6,10,10,13,17,17,0.0,0.0,9,18
6321,hostage,"Columbus, OH","@theCHIVE For the record I held this shirt hostage for nearly a year before sending it last minute to TX #BidTime 

http://t.co/edbxYatmaq",hostage,True,22,138,12,0,8,22,False,True,True,False,3,4,1,4,2,1,17,14,10,9,5,3,8,12,13,17,19,20,0.23333333333333334,0.05,7,22
6324,hostage,,@bluecurls8 @Worthfull1 You basically decide to do absolutely nothing else for months and then have your Beta hold chapters hostage.,hostage,True,20,132,3,2,2,20,False,False,False,False,3,6,0,2,1,2,18,15,9,9,7,6,5,11,11,13,14,16,0.9,0.2,7,20
6327,hostage,Behavioral Analysis Unit (BAU),While being held hostage by Tobias Hankel,hostage,True,7,41,3,0,0,6,False,False,False,False,0,1,2,2,1,0,6,6,5,3,1,0,1,2,4,6,7,7,0.0,0.0,2,7
6333,hostage, Cairo,video says #ISIS Threatens To Kill Croatian Hostage 5oil-worker) If #Egypt Does Not Release Female Prisoners in 48 H http://t.co/GvpKrRdQnu,hostage,True,20,139,21,3,8,20,False,True,True,True,1,3,2,2,2,1,15,14,11,9,7,5,6,9,11,13,15,16,0.16666666666666666,0.0,1,20
6351,hostages,Brentwood uk,Militant 'Overpowered' By Hostages After Attack http://t.co/xWnp8a1JOn,hostage,True,7,70,9,2,6,7,False,True,False,False,0,0,1,1,0,2,6,6,6,5,4,4,1,1,2,3,3,5,0.0,0.0,0,7
6352,hostages,france,#hot  C-130 specially modified to land in a stadium and rescue hostages in Iran in 1980 http://t.co/g601NBD7wS #prebreak #best,hostage,True,20,126,6,11,8,20,False,True,True,True,1,4,2,1,1,2,14,13,9,7,6,5,7,11,13,14,15,17,0.5738095238095239,0.5357142857142857,6,18
6353,hostages,,How until put out manorial shaped gnocchi near thine hostages to fortune: RBpK,hostage,True,13,78,4,0,1,12,False,False,False,False,3,2,2,1,1,3,12,9,7,5,4,3,4,6,8,9,10,13,0.25,0.05,3,13
6357,hostages,China,#hot  C-130 specially modified to land in a stadium and rescue hostages in Iran in 1980 http://t.co/PtAI4zBpbI #prebreak #best,hostage,True,20,126,7,8,8,20,False,True,True,True,1,4,2,1,1,2,14,13,9,7,6,5,7,11,13,14,15,17,0.5738095238095239,0.5357142857142857,6,18
6359,hostages,USA,@JoeNBC IRAN: NO SNCTIONS INCL MILTARY$150BILNO INSPCTKPS HOSTAGESTHROSW ISRAEL TO GUTRKPS NUKE SITES U.S HLPS W/NUKES GET 'ZERO!',hostage,True,18,130,100,3,6,19,False,False,False,True,2,3,2,1,4,1,16,14,11,9,8,4,4,7,9,10,14,15,0.0,0.0,0,18
6360,hostages,India,Ajmal Kasab II: How hostages misled the terrorist got him caught alive http://t.co/n1up959OFM,hostage,True,13,93,8,4,5,13,False,True,False,True,5,0,3,2,0,1,13,8,8,5,3,3,5,5,8,10,10,11,0.4,0.1,2,13
6364,hostages,The Universe,One Year On From #IS Massacre in #Sinjar Yazidis Blast Lack of Action over 3000--5000 Yazidis who remain enslaved: http://t.co/vnSn284ovw,hostage,False,20,137,14,11,9,20,False,True,True,True,3,4,1,2,3,1,17,14,10,9,7,4,6,10,11,13,16,17,0.1,0.1,4,19
6367,hostages,"Hubli, Karnataka",@IndiaToday @Iamtssudhir Time for India to join global war against ISIS cant sacrifice national interest to save hostages! #NationFirst,hostage,True,19,135,11,0,3,19,False,False,True,True,2,5,1,1,1,2,17,15,10,9,8,7,4,9,10,11,12,14,0.0,0.0,4,18
6368,hostages,"my USA, åµ???? ?aÌÙ? ",India: Militant 'Overpowered' By Hostages After Attack http://t.co/mkjszGbaWR,hostage,True,8,77,10,0,7,8,False,True,False,False,0,0,1,2,0,2,7,7,7,6,4,4,1,1,2,4,4,6,0.0,0.0,0,8
6377,hostages,Rocky Mountains,Sinjar Massacre Yazidis Blast Lack of Action Over Hostages http://t.co/fdU8aCnC2W #denver #billings #rapidcity #seattle #cheyenne #lasvegas,hostage,True,16,139,12,2,10,16,False,True,True,False,0,2,1,2,2,3,15,15,13,12,10,8,1,3,4,6,8,11,0.1,0.1,1,16
6378,hostages,Rocky Mountains,Sinjar Massacre Yazidis Blast Lack of Action Over Hostages http://t.co/fdU8aCnC2W #denver #billings #rapidcity #seattle #cheyenne #lasvegas,hostage,True,16,139,12,2,10,16,False,True,True,False,0,2,1,2,2,3,15,15,13,12,10,8,1,3,4,6,8,11,0.1,0.1,1,16
6379,hostages,,@Deosl86 That does nit change the fact extracting hostages is pointless,hostage,True,11,71,2,2,1,10,False,False,False,False,2,3,0,1,0,2,10,8,5,5,4,4,3,6,6,7,7,9,0.5,-0.25,3,11
6381,hostages,,RT WatchmanIS216: #Sinjar Massacre #Yazidis Blast Lack of Action Over Hostages http://t.co/79iQDYZjBS; Portland #Û_ http://t.co/0z1PvJVdpf,hostage,True,15,139,23,7,16,16,False,True,True,True,0,3,1,1,1,4,13,13,10,9,8,7,2,5,6,7,8,12,0.1,0.1,1,15
6390,hurricane,,AngelRiveraLibÛ_ #Snowden 'may have' broken laws? Hurricane Katrina may have caused some damage. http://t.co/jAaWuiOvdc Without Snowden hÛ_,hurricane,True,17,141,11,0,13,19,True,True,True,False,1,4,2,2,4,1,17,16,12,10,8,4,1,5,7,9,13,14,0.4,-0.4,3,17
6401,hurricane,,@al_thegoon i like hurricane habor next to slix flags but they got like 8 rides but they wavy &amp; hershey park,hurricane,True,21,112,0,1,4,20,False,False,False,False,3,8,4,0,1,0,18,15,7,3,3,2,6,14,18,18,19,19,0.0,0.0,6,18
6408,hurricane,"San Francisco, CA",Residents artists remember aftermath of Hurricane Katrina through artwork - WDSU New Orleans: WDSU New Orlean... http://t.co/U6pAvbZoB3,hurricane,True,17,135,19,2,6,20,False,True,False,True,2,2,0,0,4,2,15,13,11,11,11,7,4,6,6,6,10,12,0.45454545454545453,0.13636363636363635,2,15
6409,hurricane,,Found out a hurricane is brewing for thursday lol ??????,hurricane,True,10,56,1,0,0,15,True,False,False,False,3,0,1,1,1,1,8,5,5,4,3,2,5,5,6,7,8,9,0.7,0.8,4,10
6411,hurricane,"San Antonio, TX",@ReinhardBonnke is preaching on the Holy Spirit! Holy Spirit blows atmosphere to pieces! Atmosphere is air in a jar. The HS is a hurricane!,hurricane,True,24,139,10,0,1,27,False,False,False,False,3,3,1,1,2,0,15,12,9,8,7,5,12,15,16,17,19,19,0.0,0.0,9,20
6419,hurricane,melbs 1/2 #rham,"Would you blow me kisses
If I kept my distance?
Would you send a hurricane
As proof of your existence?",hurricane,True,17,102,5,0,3,18,True,False,False,False,2,4,2,0,0,0,12,10,6,4,4,4,7,11,13,13,13,13,0.0,0.0,7,16
6424,hurricane,Hawaii,HURRICANE GUILLERMO LIVE NOAA TRACKING / LOOPING WED.AUG.5TH ~ http://t.co/QktRt2J1o8 ~  http://t.co/b0JxS5QKkh http://t.co/KP05TOwSfM,hurricane,True,14,134,62,8,15,18,False,True,False,True,0,2,0,0,1,1,10,10,8,8,8,7,4,6,6,6,7,8,0.5,0.13636363636363635,0,13
6426,hurricane,"Astoria, NY",@leeranaldo expressing his rage about Hurricane Sandy #LCOutOfDoors http://t.co/IwPR2qGYsI,hurricane,True,9,90,13,1,6,9,False,True,True,False,1,1,2,0,0,0,9,8,7,5,5,5,1,2,4,4,4,4,0.0,0.0,2,9
6428,hurricane,"Tuscumbia, AL",@BPGVII_GOAT thanks bro ????,hurricane,False,4,28,10,0,2,7,True,False,False,True,1,1,0,1,0,0,4,3,2,2,1,1,1,2,2,3,3,3,0.2,0.2,0,4
6431,hurricane,MS,Happy birthday bro ?? @Hurricane_Dolce,hurricane,True,5,38,3,0,2,6,True,False,False,False,1,0,1,0,0,1,4,3,3,2,2,2,2,2,3,3,3,4,1.0,0.8,0,5
6432,hurricane,Worldwide,Brooklyn Sites Get $2.6 Million to Undo Hurricane SandyÛªs Toll http://t.co/HukwD0RE2a,hurricane,True,11,87,12,4,8,12,False,True,False,False,1,3,1,0,1,1,10,9,6,5,5,4,2,5,6,6,7,8,0.0,0.0,1,11
6433,hurricane,Dublin ,I'm a hurricane.,hurricane,True,3,16,1,0,1,3,False,False,False,False,1,0,0,0,0,0,2,1,1,1,1,1,2,2,2,2,2,2,0.0,0.0,1,3
6435,injured,bangalore,Udhampur terror attack: Militants attack police post 2 SPOs injured: Suspected militants tonight attacked a p... http://t.co/nZAFokxX0h,injured,True,17,135,10,2,6,20,False,True,False,False,0,3,0,3,2,3,15,15,12,12,9,7,2,5,5,8,10,13,0.0,0.0,1,17
6437,injured,"tacompton, washington ",I'm thinking maybe just wait til after all the preseason games just in case somebody gets injured.,injured,True,17,98,1,0,1,17,False,False,False,False,4,5,3,0,0,3,16,12,7,4,4,4,5,10,13,13,13,16,0.0,0.0,6,16
6439,injured,South Africa Braamfontein,4 dead dozens injured in Gaza blast near house leveled in summer war - Washington Post: New York Times4 dead... http://t.co/7C2qhMwtv5,injured,True,21,134,8,5,6,24,False,True,False,False,2,4,3,3,3,0,17,15,11,8,5,2,6,10,13,16,19,19,0.4136363636363637,-0.040909090909090916,2,20
6442,injured,The North Coast,@NewsBreaker @sothathappened SO wheres the story? Anybody injured? Where did this happen?,injured,True,12,89,6,0,2,14,True,False,False,False,2,1,1,2,2,1,11,9,8,7,5,3,3,4,5,7,9,10,0.0,0.0,3,12
6444,injured,,#???? #?? #??? #??? Udhampur terror attack: Militants attack police post 2 SPOs injured - Times of   http://t.co/1KxsGlsTA7,injured,True,20,123,10,3,10,32,True,True,True,False,1,4,2,3,2,1,15,14,10,8,5,3,6,10,12,15,17,18,0.0,0.0,1,18
6447,injured,USA,Man injured in Radcliff shooting http://t.co/3iYXOoaCW6,injured,True,6,55,7,2,4,6,False,True,False,False,1,0,0,0,1,2,5,4,4,4,4,3,2,2,2,2,3,5,0.0,0.0,1,6
6456,injured,"United States, Ohio",Harper Woods policeman injured in fight after dead man found in garage: Ronnie Karjo 46 of Macomb Township http://t.co/tUoTICilBi,injured,True,19,129,11,2,5,19,False,True,False,False,1,1,5,3,2,1,15,14,13,8,5,3,5,6,11,14,16,17,0.4,-0.2,4,18
6457,injured,"Washington, DC","#Redskins WR DeSean Jackson injures right shoulder at training camp today. Watch the play HERE: http://t.co/GABecyzBzJ
@wusa9 #SkinsOn9",injured,False,17,135,18,2,9,18,False,True,True,True,1,2,3,2,2,2,15,14,12,9,7,5,3,5,8,10,12,14,0.5357142857142857,0.2857142857142857,2,17
6460,injured,,I made him fall and hegot injured https://t.co/XX8RO94fBC,injured,True,8,57,7,3,4,8,False,True,False,False,2,2,1,0,1,0,7,5,3,2,2,1,3,5,6,6,7,7,0.0,0.0,2,8
6468,injured,Nj ?? Az ,@LoganMeadows11 @ChristianStec_ he's weak sauce he got injured by a sled,injured,True,11,72,4,2,4,10,False,False,False,False,1,3,1,0,1,0,8,7,4,3,3,2,4,7,8,8,9,9,0.625,-0.375,4,11
6471,injured,India,Terrorists open fire at Udhampur police post 2 SPO's injured firing underway - See more at:... http://t.co/7jmGwOgqnh,injured,True,17,117,8,2,7,20,False,True,False,False,1,4,1,3,1,2,14,13,9,8,5,4,4,8,9,12,13,15,0.5,0.25,3,17
6475,injured,"Richmond, VA, USA",@Braves_Ninja @david_brelsford For Freddie before being injured this year it was a great deal,injured,True,14,93,4,0,4,13,False,False,False,False,2,3,2,1,2,0,12,10,7,5,4,2,4,7,9,10,12,12,0.75,0.8,6,14
6476,injured,| INDIA |,RT- Udhampur terror attack: Militants attack police post 2 SPOs injured: Suspected militants tonight at... http://t.co/wN414hp9hZ #News,injured,True,17,135,11,5,8,20,False,True,True,True,1,2,2,3,2,2,16,15,13,11,8,6,2,4,6,9,11,13,0.0,0.0,1,17
6479,injured,Pune,@TOI_India Udhampur terror attack: Militants attack police post 2 SPOs injured: Suspected militants tonight a... http://t.co/EWCkcfBI28,injured,True,16,135,15,3,8,19,False,True,False,False,0,3,0,3,2,2,15,15,12,12,9,7,1,4,4,7,9,11,0.0,0.0,1,16
6483,injured,,Neelum Valley teen dies in 'dud shell' explosion: MUZAFFARABAD: A teenage boy was killed and his peer was injuredÛ_ http://t.co/GuRdZEPMhu,injured,True,20,139,21,0,11,20,False,True,False,True,5,4,0,4,1,0,18,13,9,9,5,4,7,11,11,15,16,16,0.0,-0.06666666666666667,5,19
6487,injuries,"chapel hill, cary n.c.",@wral there are now 5 fire trucks and 2 ambulances at Wellington ridge lp in Cary. one of the units is on fire. not sure on injuries,injured,False,27,132,2,2,1,28,False,False,False,False,6,2,6,1,0,1,18,12,10,4,3,3,15,17,23,24,24,25,0.8888888888888888,-0.25,12,26
6488,injuries,Edmonton,@EdmontonEsks SB Adarius Bowman says team leadership and depth have helped through some key injuries https://t.co/hCnmZsfNcI #yeg,injured,False,17,129,10,0,6,17,False,True,True,False,2,5,1,2,2,1,16,14,9,8,6,4,3,8,9,11,13,14,1.0,0.0,4,17
6489,injuries,,4 Common Running Injuries and How to Avoid Them http://t.co/26HWLpWmXr,injured,False,10,70,11,3,4,10,False,True,False,False,2,1,1,1,1,1,8,6,5,4,3,2,4,5,6,7,8,9,0.5,-0.3,2,10
6496,injuries,"Glendale, AZ",8/5 Arizona Cardinals news: Jaron Brown makes headlines minor injuries continue to build http://t.co/QxKncvlrh1 http://t.co/KJnhNPMxGr,injured,False,15,134,12,3,10,16,False,True,False,False,1,0,6,0,1,2,14,13,13,7,7,6,2,2,8,8,9,11,0.2,-0.05,1,15
6498,injuries,North Carolina,@RVacchianoNYDN @NYDNSports glad to see a career rebirth for him.  Loved him in Carolina  injuries just caught up to him.,injured,False,22,121,13,0,2,23,False,False,False,False,3,4,1,2,1,2,15,12,8,7,5,4,10,14,15,17,18,20,0.9,0.6,10,19
6502,injuries,,@nflnetwork @AZCardinals what's up with all the injuries..,injured,False,8,58,3,0,3,9,False,False,False,False,2,1,0,1,0,0,7,5,4,4,3,3,3,4,4,5,5,5,0.0,0.0,5,8
6503,injuries,,@JaeSmoothCYB he was going to be. We still have our leading rusher from LY so we should be ight barring any injuries,injured,False,22,116,8,0,1,22,False,False,False,False,4,3,2,2,2,1,15,11,8,6,4,2,11,14,16,18,20,21,0.0,0.0,12,22
6507,injuries,"San Francisco, CA",San Francisco 0 I80 E **Hit and Run No Injuries** http://t.co/lp9TBu7KzH,injured,False,11,72,12,5,8,11,False,True,False,True,4,0,1,0,0,0,8,4,4,3,3,3,7,7,8,8,8,8,0.0,0.0,1,11
6508,injuries,,cmon injury bug this shit aint funny we suffered enough injuries last year...,injured,False,13,77,0,0,0,15,False,False,False,False,1,5,1,2,1,2,12,11,6,5,3,2,2,7,8,10,11,13,0.5916666666666667,0.012499999999999997,2,13
6509,injuries,Covering the U.S.A.,#BreakingNews Mva / Multiple Injuries - Saint Petersburg FL: E7 requesting R7 &amp; 2 sunstar units for injuriesÛ_ http://t.co/0XRysEpQhL,injured,False,19,138,16,4,13,19,False,True,True,True,3,0,3,0,1,2,14,11,11,8,8,7,8,8,11,11,12,14,0.0,0.0,1,19
6517,injuries,,@ringsau and injuries can account for elevated levels of tb4 Richard?,injured,False,11,69,1,1,1,11,True,False,False,False,4,0,0,1,1,4,10,6,6,6,5,4,5,5,5,6,7,11,0.0,0.0,4,11
6521,injuries,"Phoenix, AZ",Let's be thankful most of these injuries are minor &amp; it's still camp. Relax a little #birdgang. No one is cursed &amp; no injury bug hit.,injured,False,26,141,3,0,7,28,False,False,True,False,3,3,8,3,0,2,20,17,14,6,3,3,9,12,20,23,23,25,0.39999999999999997,0.08750000000000001,9,25
6522,injuries,Michigan,@MichiganAutoLaw's @SteveGursten will discuss #autoaccidents &amp; so-called 'mild' #TBIs on his @JusticeDotOrg webinar. http://t.co/ZUM3mluCYS,injured,False,14,143,17,1,15,15,False,True,True,False,1,1,2,1,1,1,13,12,11,9,8,7,2,3,5,6,7,8,0.5,0.3333333333333333,3,14
6524,injuries,"Michigan, USA",If Tyuler Collins could become Andy Dirks before the 58 injuries..that would be uiseful,injured,False,14,87,5,2,0,15,False,False,False,False,1,1,3,3,2,0,11,10,9,6,3,1,4,5,8,11,13,13,0.0,0.0,3,14
6526,injuries,Fantasy Land,I guess this is where I'm confused sites have week one pricing up alredy. We haven't even had injuries yet.,injured,False,20,107,3,0,2,21,False,False,False,False,3,5,3,0,3,2,16,13,8,5,5,2,7,12,15,15,18,20,0.7,-0.4,7,20
6531,injuries,,No injuries reported after Green Line train derails on South Side http://t.co/nM7HuH3bjC,injured,False,12,88,9,2,4,12,False,True,False,False,0,2,4,0,1,2,10,10,8,4,4,3,2,4,8,8,9,11,0.3,-0.2,2,12
6533,injuries,"Kibworth Beauchamp, England",Wishing injuries on opposition players. I get rivalry but miss me with all that petty shit.,injured,False,16,91,2,0,0,17,False,False,False,False,3,3,2,0,2,2,13,10,7,5,5,3,6,9,11,11,13,15,0.8,-0.2,6,16
6538,injury,3/12 + Jake Miller,Low self-esteem is a common cause of self injury affecting over 40% of young people personally or someone they know. https://t.co/xeLoapZp6R,injured,False,21,140,4,3,6,22,False,True,False,False,2,3,3,3,1,0,16,14,11,8,5,4,7,10,13,16,17,17,0.37500000000000006,-0.049999999999999996,7,20
6539,injury,,CLEARED:incident with injury:I-495  inner loop Exit 31 - MD 97/Georgia Ave Silver Spring,injured,False,14,88,15,7,5,13,False,False,False,False,1,3,1,2,0,0,10,9,6,5,3,3,5,8,9,11,11,11,0.16666666666666666,0.0,1,14
6544,injury,,incident with injury:I-495  inner loop Exit 31 - MD 97/Georgia Ave Silver Spring,injured,False,14,80,8,7,4,13,False,False,False,False,1,3,1,2,0,1,10,9,6,5,3,3,5,8,9,11,11,12,0.16666666666666666,0.0,1,14
6557,injury,www.dorsavi.com,Supermarket chains recording worst #injury rates among ASX100 companies #safety http://t.co/njiv1n6rYr,injured,False,11,102,5,5,6,11,False,True,True,True,0,0,3,2,2,0,11,11,11,8,6,4,0,0,3,5,7,7,1.0,-1.0,0,11
6558,injury,,Ankle injury to keep SpursÛª Marjanovic out of Eurobasket http://t.co/UBCggEHqyN #spurs #NBA,injured,False,12,93,13,0,9,12,False,True,True,True,1,2,1,2,0,1,10,9,7,6,4,4,3,5,6,8,8,9,0.0,0.0,3,12
6562,injury,,nflweek1picks: Michael Floyd's hand injury shouldn't devalue his fantasy stock: Michael Floyd's damaged digits won... Û_,injured,False,16,121,4,1,8,18,False,False,False,True,2,1,0,4,7,0,16,14,13,13,9,2,2,3,3,7,14,14,0.0,0.0,3,14
6563,injury,Las Vegas,New post: Cowboys believe Lance Dunbar&amp;#039;s ankle injury not serious http://t.co/XMCRedFXAt,injured,False,11,97,11,3,9,11,False,True,True,False,2,0,3,1,3,0,11,9,9,6,5,2,2,2,5,6,9,9,0.5606060606060606,0.1515151515151515,2,11
6564,injury,,@_keypsters full game? Injury cut is here https://t.co/YYqws4sO9J,injured,False,8,65,5,2,6,9,True,True,False,False,1,2,1,1,0,0,7,6,4,3,2,2,2,4,5,6,6,6,0.47500000000000003,-0.025000000000000022,2,8
6574,injury,All Round The World,Enter the world of extreme diving ÛÓ 9 stories up and into the Volga River http://t.co/gptysALfKi,injured,False,16,98,6,1,7,16,False,True,False,True,4,1,4,1,2,0,13,9,8,4,3,1,7,8,12,13,15,15,1.0,-0.125,6,15
6578,injury,Las Vegas,New post: Texans report: QB battle unaffected by Foster&amp;#039;s injury http://t.co/IgH2PAAHnK,injured,False,11,96,12,4,10,11,False,True,True,False,1,0,1,3,1,0,9,8,8,7,4,3,3,3,4,7,8,8,0.2772727272727273,0.043181818181818175,2,11
6581,injury,,Ben Heenan carted off the field at @Colts training camp.. No word on how serious the injury is #colts #nfl,injured,False,20,106,4,0,3,21,False,False,True,False,5,2,1,6,1,1,16,11,9,8,2,1,9,11,12,18,19,20,0.6666666666666666,-0.3333333333333333,7,19
6584,injury,,Michael Floyd out 4-6 weeks with a hand injury. #Cardinals http://t.co/bnMKlPZNiP,injured,False,11,81,9,2,6,12,False,True,True,False,2,2,2,0,2,0,10,8,6,4,4,2,3,5,7,7,9,9,0.0,0.0,3,11
6587,inundated,"Bellingham, WA",ÛÏWe live in an area thatÛªs inundated with wildlife...If people donÛªt learn how to get along or live with them... http://t.co/KZXV6DWQ6E,inundation,False,21,141,10,2,13,27,False,True,False,False,2,5,3,1,2,1,17,15,10,7,6,4,6,11,14,15,17,18,0.5,0.13636363636363635,8,19
6589,inundated,Searching for Rivendell,@eliistender10 @Splats although originally an April Fools jokethey're seriously considering making them after being inundated with requests,inundation,False,17,139,3,2,3,16,False,False,False,False,0,2,4,1,1,2,16,16,14,10,9,8,1,3,7,8,9,11,0.7083333333333333,0.020833333333333343,5,17
6590,inundated,"New York, NY",@TheBrooklynLife @Giants I just want to go to the game. Enjoy it. Not be harassed.  Not be inundated with pink gear. That's all I ask!,inundation,False,26,134,10,0,3,30,False,False,False,False,5,5,3,1,1,0,18,13,8,5,4,3,13,18,21,22,23,23,0.39999999999999997,-0.041666666666666664,9,22
6592,inundated,"Shrewsbury, England",@Ryanair I am waiting to hear about my claim for compensation. I have received an email saying you are inundated so there will be a delay??,inundation,False,26,139,3,0,1,28,True,False,False,False,3,3,4,1,2,2,17,14,11,7,6,4,12,15,19,20,22,24,0.0,0.0,14,25
6595,inundated,Earth,Mexican beaches inundated with algae http://t.co/Kcm4sgrceR,inundation,False,6,59,3,1,4,6,False,True,False,False,0,1,1,0,2,0,6,6,5,4,4,2,0,1,2,2,4,4,0.0,0.0,1,6
6599,inundated,GroÌÙdeutsches Reich,"Our children are being inundated with the false ideas that #homosexuality is
normal and acceptable.",inundation,False,14,99,1,0,2,14,False,False,True,False,4,2,3,0,0,1,14,10,8,5,5,5,4,6,9,9,9,10,0.625,-0.12500000000000006,7,14
6600,inundated,"Los Angeles, CA",@TypeEd been a bit inundated w. Illustrative work  BUT would love to catch up! ??????,inundation,False,16,85,6,0,1,23,True,False,False,True,3,3,2,1,1,0,12,9,6,4,3,2,7,10,12,13,14,14,0.6,0.625,4,16
6606,inundated,"Beijing,China","[Brutally Honest Technology ]

Day after day we are inundated with messages issued via machine. Phones.... http://t.co/pB4Vbv01ax",inundation,False,16,129,7,3,8,21,False,True,False,False,3,1,1,3,0,2,15,12,11,10,7,7,4,5,6,9,9,11,0.9,0.6,4,16
6609,inundated,San Diego,So it doesn't mean inundated with tweets? @Dictionarycom's #WordoftheDay - twitterpated http://t.co/pxoQ1TRXqr #UseYourWords #author #writer,inundation,False,15,140,11,1,12,16,True,True,True,False,0,2,0,0,4,0,12,12,10,10,10,6,3,5,5,5,9,9,0.6875,-0.3125,3,15
6612,inundated,"Ottawa, Ontario",It seems that we are inundated with ideas for large #weddings. Small intimate weddings are often not highlighted... http://t.co/Jshxfvllly,inundation,False,19,138,3,0,5,23,False,True,True,False,4,2,5,0,0,2,17,13,11,6,6,6,6,8,13,13,13,15,0.4761904761904761,0.05476190476190476,7,18
6615,inundated,Chicagoland,WARNING: This string will be inundated with wisdom to replenish a a leaderÛªs weary soul this day. #Sorry #NotSorry #GLS15,inundation,False,20,123,14,2,7,20,False,False,True,True,0,6,1,4,0,1,16,16,10,9,5,5,4,10,11,15,15,16,1.0,-0.5,7,19
6618,inundated,"Dallas, TX",Ever notice if you follow too many fan sites they all seem to run together &amp; you feel like you are inundated with the same posts over &amp; over,inundation,False,29,148,1,0,4,28,False,False,False,False,9,10,4,2,0,1,27,18,8,4,2,2,11,21,25,27,27,28,0.3125,0.25,14,25
6620,inundated,,@Rossifumibhai @alexeeles all 6 of them?! As you can see from the pic they were clearly inundated. Good try though,inundation,False,20,114,3,1,2,22,True,False,False,False,7,4,0,2,1,0,17,10,6,6,4,3,10,14,14,16,17,17,0.4916666666666667,0.39999999999999997,9,20
6623,inundated,RELEASE THE REIS  ,MY SCHOOL IS INUNDATED and they wont let us go home til 4pm help,inundation,False,14,64,19,1,0,13,False,False,False,True,4,4,0,1,0,0,10,6,2,2,1,1,8,12,12,13,13,13,0.0,0.0,2,14
6633,inundated,That London,.@38_degrees Hello. I have been inundated by people Tweeting me about some Unilever thing in India I know nothing about.,inundation,False,20,120,6,2,2,22,False,False,False,False,0,4,3,3,1,2,15,15,11,8,5,4,5,9,12,15,16,18,0.0,0.0,8,19
6639,inundation,,#EPAO MARSAC reports on Manipur flood: Heavy incessant rains in Manipur have led to inundation causin... http://t.co/rh7m7T9Gd9 #MANIPUR,inundation,True,18,136,22,4,7,21,False,True,True,True,1,1,3,2,3,1,15,14,13,10,8,5,4,5,8,10,13,14,0.5,-0.2,4,17
6640,inundation,,@womanxking Well you're safe in NY. Avoid inundation zones in the pacific north west though.,inundation,True,15,92,4,0,2,16,False,False,False,True,2,3,3,1,2,0,13,11,8,5,4,2,4,7,10,11,13,13,0.5,0.5,4,14
6641,inundation,#RoshanPakistan,"Punjab government flood relief platform: 

http://t.co/bpG68gXI9k 

realtime information on inundation damages... http://t.co/c8T9ThI7Wd",inundation,True,12,136,8,6,13,16,False,True,False,False,0,0,1,2,0,0,11,11,11,10,8,8,1,1,2,4,4,4,0.0,0.0,1,12
6645,inundation,,Inundation subtle influence distress ideas-the sociologist relative to a doer: Mhl,inundation,True,11,82,2,0,2,10,False,False,False,False,1,0,1,1,0,2,9,8,8,7,6,6,3,3,4,5,5,7,0.25,-0.16666666666666666,2,11
6650,landslide,Wickford,@R_o_M by a landslide.,landslide,True,4,22,2,0,3,4,False,False,False,False,0,0,0,1,0,0,2,2,2,2,1,1,2,2,2,3,3,3,0.0,0.0,2,4
6651,landslide,,Is this the real life? Is this just fantasy? Caught in a landslide. No escape from reality.,landslide,True,17,91,4,0,0,20,True,False,False,False,1,5,1,2,0,2,12,11,6,5,3,3,6,11,12,14,14,16,0.30000000000000004,0.2,7,15
6652,landslide,Central New Jersey,TommyGShow: Burlington County offers to purchase landslide-damaged properties in Florence http://t.co/xgguElyxyi,landslide,True,11,112,7,0,6,11,False,True,False,False,0,0,0,2,0,2,9,9,9,9,7,7,2,2,2,4,4,6,0.0,0.1,2,11
6657,landslide,,However piece of virtu site fixing bath give the gate display landslide on yours movement: DKHQgv,landslide,True,16,97,5,0,1,15,False,False,False,False,1,4,3,2,2,0,14,13,9,6,4,2,3,7,10,12,14,14,0.0,0.0,4,16
6659,landslide,,@kdudakia I get that there has been a massive turn away from Labour but that does not = electoral landslide. Credits tories too much and...,landslide,True,25,139,3,0,2,28,False,False,False,False,5,8,1,3,2,0,22,17,9,8,5,3,8,16,17,20,22,22,0.6,0.1,12,24
6666,landslide,,WATCH: Likely landslide victims denied assistance again http://t.co/BxiohtiC5X,landslide,True,8,78,9,1,5,8,False,True,False,True,0,0,1,3,1,0,8,8,8,7,4,3,0,0,1,4,5,5,1.0,0.0,1,8
6671,landslide,"New Delhi, Delhi",@preeti_chopra2 @chinmaykrvd many predicted landslide for nitish nd told bjp will loose bihar nd won't even get upper castes votes,landslide,True,20,130,0,1,4,19,False,False,False,False,3,4,5,2,0,0,18,15,11,6,4,4,5,9,14,16,16,16,0.2564102564102564,0.14102564102564102,2,19
6673,landslide,"Louisville, KY",Artifacts found in southern Indiana landslide near Horseshoe Casino http://t.co/BdB0NpgPkH http://t.co/jbCC0KShol,landslide,True,11,113,13,2,8,12,False,True,False,False,0,1,1,1,1,1,10,10,9,8,7,6,1,2,3,4,5,6,0.2,0.05,1,11
6674,landslide,,it's actually funny how chihaya remains a relatively static character for most of series so far and then suddenly develops like a landslide,landslide,True,23,139,0,0,1,22,False,False,False,False,4,4,1,2,2,3,19,15,11,10,8,6,8,12,13,15,17,20,0.78,0.27,10,22
6677,landslide,,I liked a @YouTube video from @seeiey http://t.co/d8NWQce3EW Seeley - Landslide,landslide,True,11,79,10,2,7,11,False,True,False,False,0,1,2,1,1,1,8,8,7,5,4,3,3,4,6,7,8,9,0.8,0.6,2,11
6680,landslide,Shangri-La,.@MartinMJ22 @YouGov Which '#Tory landslide' ... you can't POSSIBLY mean the wafer-thin majority of #GE2015?!!,landslide,True,15,110,17,6,8,21,True,False,True,True,3,1,2,1,1,2,14,11,10,8,7,6,4,5,7,8,9,11,0.6875,-0.48828125,3,15
6684,landslide,"Morgantown, WV",@RakestrawJeff @GOP That about sums it up. Give them a historic landslide and they do everything King Barack wants. It's just incredible.,landslide,True,22,137,10,0,3,24,False,False,False,True,2,9,1,2,0,1,19,17,8,7,5,5,5,14,15,17,17,18,0.3333333333333333,0.3666666666666667,9,22
6685,landslide,,omg it is I can go in dungeons with Landslide Krag now &lt;3,landslide,True,13,60,3,1,2,12,False,False,False,False,3,2,1,0,0,1,8,5,3,2,2,2,8,10,11,11,11,12,0.0,0.0,6,13
6691,landslide,,5 need to-dos seeing as how technical writing administer apps that landslide: QCt,landslide,True,13,81,2,1,2,12,False,False,False,False,2,3,0,2,1,0,11,9,6,6,4,3,4,7,7,9,10,10,0.1,0.0,3,13
6692,landslide,,"Dixie Chicks - Landslide - ??can I sail through the changing ocean lides??
??can i handle the seasons of my life??
 http://t.co/jRsGmTT3AI",landslide,True,21,138,10,1,8,29,True,True,False,False,2,1,3,2,3,1,15,13,12,9,7,4,8,9,12,14,17,18,0.0,0.0,8,19
6696,landslide,Upper St. Clair,#CecilTownship seeks emergency repairs to Southpointe Boulevard landslide: http://t.co/ZjJdt3so72,landslide,True,9,97,6,3,6,9,False,True,True,False,0,0,1,0,1,0,8,8,8,7,7,6,1,1,2,2,3,3,0.0,0.0,1,9
6698,landslide,,How as far as landslide high exploit even with statesmanlike cv final draft inaugural?: jGIsAvq,landslide,True,15,95,4,0,1,15,True,False,False,False,2,3,2,0,2,0,12,10,7,5,5,3,5,8,10,10,12,12,0.8466666666666667,0.08666666666666667,3,14
6704,lava,Philippines,Get excited to watch Disney/Pixar's LAVA an animated short before Inside Out! Learn more: http://t.co/1VdXSWdRp9 http://t.co/iQ4BZUCvIg,lava,True,16,135,21,3,11,18,False,True,False,True,1,2,4,2,1,1,14,13,11,7,5,4,3,5,9,11,12,13,0.5166666666666667,0.2916666666666667,4,16
6705,lava,trinity nc,@Miss_Instiinctz or mostly around lava too,lava,True,6,42,2,0,2,5,False,False,False,False,1,1,0,2,0,0,5,4,3,3,1,1,2,3,3,5,5,5,0.5,0.5,2,6
6710,lava,,'I lava you' ???? @kherr122,lava,True,5,27,1,3,3,8,True,False,False,False,0,3,0,0,0,0,4,4,1,1,1,1,1,4,4,4,4,4,0.0,0.0,1,5
6713,lava,,Jordan Son of Mars - Hot Lava release on 07/22/2015 for $160 via http://t.co/wBAqDzMD6W #KoFapp http://t.co/BkdjKSgtjj,lava,True,16,118,16,12,13,17,False,True,True,False,4,3,0,1,2,0,13,9,6,6,5,3,7,10,10,11,13,13,0.8500000000000001,0.25,3,16
6715,lava,"New York, NY",Watch Steaks Being Grilled Over Molten Hot Lava http://t.co/yxns3IiXjv http://t.co/lcM66dHn1l,lava,True,10,93,12,4,8,11,False,True,False,False,1,2,2,2,1,0,10,9,7,5,3,2,1,3,5,7,8,8,0.8500000000000001,0.25,0,10
6717,lava,Budgam kashmir,@Lavamobiles    ..i have lava iris 3G 402,lava,True,10,41,2,4,1,11,False,False,False,False,2,3,0,0,0,0,6,4,1,1,1,1,6,9,9,9,9,9,0.0,0.0,1,8
6718,lava,"Missouri, USA",PSA: MISTI IS ABOUT TO MAKE LAVA CAKE???? #bestdayeva,lava,True,9,53,29,0,2,12,True,False,True,True,0,3,2,0,0,1,7,7,4,2,2,2,2,5,7,7,7,8,0.0,0.0,0,9
6720,lava,somewhere over the rainbow,I lava you,lava,True,3,10,1,0,0,2,False,False,False,False,1,1,0,0,0,0,2,1,0,0,0,0,2,3,3,3,3,3,0.0,0.0,1,3
6728,lava,,"@YoungHeroesID 
4. LAVA BLAST dan POWER RED #PantherAttack @Mirnawan_13 @Zakia_kiia",lava,True,10,83,25,3,7,10,False,False,True,True,3,1,2,0,0,0,10,7,6,4,4,4,3,4,6,6,6,6,0.0,0.0,0,10
6732,lava,"Los Angeles, CA",When the game tells you to stop going to the Nether by spawning you right over lava. GG @AlienatePlays http://t.co/rGc1afqLmN,lava,True,20,125,9,1,5,21,False,True,False,False,4,4,4,1,0,1,16,12,8,4,3,3,8,12,16,17,17,18,0.46785714285714286,-0.05714285714285716,8,17
6733,lava,,White Pink Lava Bracelet10mm Lava Beads Bracelet Silver Tone Û_ https://t.co/DKdmLZyRii #etsymntt #HandmadeJewelry http://t.co/WYg4OUGQY3,lava,True,14,138,23,4,13,15,False,True,True,True,1,4,2,1,0,1,14,13,9,7,6,6,1,5,7,8,8,9,0.15,-0.05,0,13
6739,lava,,@_Souuul * gains super powers im now lava girl throws you ina chest wrapped in chains &amp; sinks you down the the bottom of the ocean*,lava,True,26,135,1,0,6,25,False,False,False,False,7,3,5,5,1,1,22,15,12,7,2,1,11,14,19,24,25,26,0.3185185185185185,0.025925925925925908,9,23
6740,lava,Indonesia,@YoungHeroesID Lava Blast &amp; Power Red &amp; Mix Fruit. @Niastewart3 @NRmawa #PantherAttack,lava,True,12,94,15,1,8,12,False,False,True,False,2,1,4,1,1,0,12,10,9,5,4,3,2,3,7,8,9,9,0.0,0.0,0,11
6741,lava,,HE SAID THE DOMINOS LAVA CAKES WERE BETTER THAN CULINARY CUISINE,lava,True,11,64,54,0,0,10,False,False,False,True,1,4,1,1,2,1,10,9,5,4,3,1,2,6,7,8,10,11,0.25,0.25,0,11
6743,lava,,@gracemccreave_ @jamisonevann @jace_swain @_laneyslife @JacksonLaurie1 lava boy was taken,lava,True,9,89,2,1,8,8,False,False,False,False,2,1,1,0,0,0,9,7,6,5,5,5,2,3,4,4,4,4,0.0,0.0,1,9
6747,lava,,I lava you ??,lava,True,4,13,1,0,0,5,True,False,False,False,1,1,0,0,0,0,2,1,0,0,0,0,3,4,4,4,4,4,0.0,0.0,1,4
6750,lightning,Northwest Arkansas,It doesn't get any closer. Heavy rain just barely missed @TontitownGrape festival but lightning TOO CLOSE #TGF2015 http://t.co/S53zvMS5Rf,lightning,True,18,137,19,7,7,19,False,True,True,True,4,2,2,2,2,2,17,13,11,9,7,5,5,7,9,11,13,15,0.3,-0.07500000000000001,4,18
6752,lightning,"Staten Island, NY",Science Info #JGF Lightning reshapes rocks at the atomic level http://t.co/R5MwlzvVHA,lightning,True,11,85,11,1,5,11,False,True,True,True,1,2,2,1,1,1,10,9,7,5,4,3,2,4,6,7,8,9,0.0,0.0,2,11
6753,lightning,,World War II book LIGHTNING JOE An Autobiography by General J. Lawton Collins http://t.co/a7iqMhvLSm http://t.co/b9vTkDjJ33,lightning,True,15,123,28,4,8,17,False,True,False,True,2,1,1,1,2,0,11,9,8,7,6,4,6,7,8,9,11,11,0.5,0.05000000000000002,1,15
6755,lightning,NWA & River Valley,It doesn't get any closer. Heavy rain just barely missed @TontitownGrape festival but lightning TOO CLOSE #TGF2015 http://t.co/d9PQIXaTX6,lightning,True,18,137,21,6,7,19,False,True,True,True,4,2,2,2,2,2,17,13,11,9,7,5,5,7,9,11,13,15,0.3,-0.07500000000000001,4,18
6761,lightning,,Baby you're like lightning in a bottle,lightning,True,7,38,1,0,1,6,False,False,False,False,0,2,0,2,0,0,5,5,3,3,1,1,2,4,4,6,6,6,0.0,0.0,3,7
6763,lightning,Winston Salem NC,Lightning  #rebeccafav http://t.co/q9Q87mDEzY,lightning,True,4,45,5,3,5,4,False,True,True,False,0,0,0,0,0,0,3,3,3,3,3,3,1,1,1,1,1,1,0.0,0.0,0,4
6768,lightning,,Southeast Regional is in a lightning delay. Buckle up folks this is gonna take awhile.,lightning,True,15,86,3,0,0,16,False,False,False,False,0,2,2,2,1,1,10,10,8,6,4,3,5,7,9,11,12,13,0.0,0.0,6,14
6770,lightning,,iCASEIT - MFi Certified Lightning Cable - 1m http://t.co/b32Jmvsb1E http://t.co/Wnp8jkyESp,lightning,True,10,90,16,5,10,11,False,True,False,False,1,0,1,0,1,0,7,6,6,5,5,4,4,4,5,5,6,6,0.0,0.0,0,9
6771,lightning,,Lightning express golf trolleys fix ramify pretty much multitudinal areas on thine disposed: kWXGgt,lightning,True,14,99,4,0,1,13,False,False,False,False,1,2,2,3,1,1,13,12,10,8,5,4,2,4,6,9,10,11,0.6,0.225,1,14
6777,lightning,,World War II book LIGHTNING JOE An Autobiography by General J. Lawton Collins http://t.co/ihxkforg4I http://t.co/jD6lcRuOHA,lightning,True,15,123,28,2,8,17,False,True,False,True,2,1,1,1,2,0,11,9,8,7,6,4,6,7,8,9,11,11,0.5,0.05000000000000002,1,15
6778,lightning,"Rotterdam, The Netherlands",@LtDalius after democracy,lightning,False,3,25,2,0,1,2,False,False,False,False,0,0,1,0,0,0,3,3,3,2,2,2,0,0,1,1,1,1,0.0,0.0,1,3
6780,lightning,,BANG 3 Fuckin phenomenal,lightning,False,4,24,5,1,0,3,False,False,False,True,0,1,0,1,0,0,3,3,2,2,1,1,1,2,2,3,3,3,0.5,0.5,0,4
6782,lightning,"Philadelphia, PA",Two Films From Villanova University Students Selected As 2015 Student Academy Award Finalists: Lightning struckÛ_ http://t.co/4jyQfhHmXf,lightning,True,16,137,16,5,8,16,False,True,False,False,1,2,2,0,2,2,15,14,12,10,10,8,2,4,6,6,8,10,0.0,0.0,0,16
6786,lightning,Northwest Arkansas,It doesn't get any closer. Heavy rain just barely missed @TontitownGrape festival but lightning TOO CLOSE #TGF2015 http://t.co/zMtOp65Kx2,lightning,True,18,137,18,7,7,19,False,True,True,True,4,2,2,2,2,2,17,13,11,9,7,5,5,7,9,11,13,15,0.3,-0.07500000000000001,4,18
6791,lightning,"North Carolina, USA",Lightning http://t.co/9DQhdEi357,lightning,True,2,32,4,4,4,2,False,True,False,False,0,0,0,0,0,0,2,2,2,2,2,2,0,0,0,0,0,0,0.0,0.0,0,2
6797,lightning,,@Followtheblonde @reba RED THUNDER AND BLONDE LIGHTNING BACK IN ACTION??????,lightning,True,10,76,41,0,2,15,True,False,False,True,2,1,1,1,1,0,9,7,6,5,4,3,3,4,5,6,7,7,0.025,0.025,0,10
6798,lightning,"Leesburg, FL",Leesburg Lightning and Altamonte Springs Boom scoreless in seventh inning in FCSL playoffs,lightning,True,13,90,9,0,0,12,False,False,False,True,1,2,0,1,2,2,11,10,8,8,7,5,3,5,5,6,8,10,0.0,0.0,3,12
6803,loud bang,"Nashville, Tenn.",Soon to be loud bang as backpack detonated.,loud bang,True,8,43,1,0,0,8,False,False,False,False,0,3,0,0,0,1,5,5,2,2,2,2,3,6,6,6,6,7,0.8,0.1,3,8
6805,loud bang,Kenya,iBliz140: Breaking news! Unconfirmed! I just heard a loud bang nearby. in what appears to be a blast of wind from my neighbour's ass.,loud bang,True,24,133,4,3,2,27,False,False,False,False,0,7,3,0,2,1,16,16,9,6,6,4,8,15,18,18,20,21,0.8,0.1,10,23
6812,loud bang,Kenya,TksgS0810: Breaking news! Unconfirmed! I just heard a loud bang nearby. in what appears to be a blast of wind from my neighbour's ass.,loud bang,True,24,134,5,4,2,27,False,False,False,False,0,7,3,0,2,1,16,16,9,6,6,4,8,15,18,18,20,21,0.8,0.1,10,23
6816,loud bang,Kenya,k_matako_bot: Breaking news! Unconfirmed! I just heard a loud bang nearby. in what appears to be a blast of wind from my neighbour's ass.,loud bang,True,24,137,3,0,4,27,False,False,False,False,0,7,3,0,2,1,16,16,9,6,6,4,8,15,18,18,20,21,0.8,0.1,10,23
6818,loud bang,Kenya,kiilud: Breaking news! Unconfirmed! I just heard a loud bang nearby. in what appears to be a blast of wind from my neighbour's ass.,loud bang,True,24,131,3,0,2,27,False,False,False,False,0,7,3,0,3,1,16,16,9,6,6,3,8,15,18,18,21,22,0.8,0.1,10,23
6822,loud bang,Kenya,Kimanzi_: Breaking news! Unconfirmed! I just heard a loud bang nearby. in what appears to be a blast of wind from my neighbour's ass.,loud bang,True,24,133,4,0,3,27,False,False,False,False,0,7,3,0,2,1,16,16,9,6,6,4,8,15,18,18,20,21,0.8,0.1,10,23
6825,loud bang,Kenya,shrnnclbautista: Breaking news! Unconfirmed! I just heard a loud bang nearby. in what appears to be a blast of wind from my neighbour's ass.,loud bang,True,24,140,3,0,2,27,False,False,False,False,0,7,3,0,2,1,16,16,9,6,6,4,8,15,18,18,20,21,0.8,0.1,10,23
6826,loud bang,Kenya,tarmineta3: Breaking news! Unconfirmed! I just heard a loud bang nearby. in what appears to be a blast of wind from my neighbour's ass.,loud bang,True,24,135,3,1,2,27,False,False,False,False,0,7,3,0,2,1,16,16,9,6,6,4,8,15,18,18,20,21,0.8,0.1,10,23
6827,loud bang,Kenya,matako_milk: Breaking news! Unconfirmed! I just heard a loud bang nearby. in what appears to be a blast of wind from my neighbour's ass.,loud bang,True,24,136,3,0,3,27,False,False,False,False,0,7,3,0,2,1,16,16,9,6,6,4,8,15,18,18,20,21,0.8,0.1,10,23
6829,loud bang,Kenya,Sun_OfGod: Breaking news! Unconfirmed! I just heard a loud bang nearby. in what appears to be a blast of wind from my neighbour's ass.,loud bang,True,24,134,6,0,3,27,False,False,False,False,0,7,3,0,2,1,16,16,9,6,6,4,8,15,18,18,20,21,0.8,0.1,10,23
6831,loud bang,in your dreams,I just heard a really loud bang outside my bedroom door and Im afraid,loud bang,True,14,69,2,0,0,13,False,False,False,False,1,4,1,2,2,0,10,9,5,4,2,0,5,9,10,12,14,14,0.5833333333333334,-0.16666666666666666,4,14
6836,loud bang,,Man Hears a Loud 'Bang' Finds a Newborn Baby in a Dumpster http://t.co/W815ol0mBV via @ijreview,loud bang,False,15,95,11,4,7,15,False,True,False,False,2,2,2,1,1,1,11,9,7,5,4,3,6,8,10,11,12,13,0.8,0.1,4,13
6838,loud bang,,"School Bouta Start: 

Back To These Ignorant Ass Kids

Loud Ugly Want Be Seen Girls 

Niggas That Want Be Down

Aggravating Ass Teachers
??",loud bang,False,21,139,23,0,10,22,True,False,False,False,2,5,3,3,0,2,18,16,11,8,5,5,5,10,13,16,16,18,0.5222222222222223,-0.18888888888888888,0,18
6840,loud bang,Santa Cruz ,*loud bang from coworkers desk* *everyone snickers*,loud bang,True,7,51,0,0,4,6,False,False,False,False,0,2,2,0,0,0,7,7,5,3,3,3,0,2,4,4,4,4,0.8,0.1,1,7
6842,loud bang,,"*Hears loud bang upstairs*
*goes outside sees 2nd floor window open*
*checks every room with a baseball bat in hand*",loud bang,True,18,116,1,1,8,17,False,False,False,False,2,5,3,2,1,1,16,14,9,6,4,3,4,9,12,14,15,16,0.3375,0.025,3,18
6846,loud bang,Kenya,JohnMtaita: Breaking news! Unconfirmed! I just heard a loud bang nearby. in what appears to be a blast of wind from my neighbour's ass.,loud bang,True,24,135,5,0,2,27,False,False,False,False,0,7,3,0,2,1,16,16,9,6,6,4,8,15,18,18,20,21,0.8,0.1,10,23
6851,mass murder,"Detroit, Mi",@AMAAS @JD_marsh22 just carry a gun. No way you get charged when you stop a mass murder,mass murder,True,17,87,8,2,3,17,False,False,False,True,4,5,1,2,1,0,14,10,5,4,2,1,7,12,13,15,16,16,0.0,0.0,6,15
6853,mass murder,,Candlelight vigil at my house tonight for the victims of the mass ant murder (by me) in my bathroom sink. There will be snacks.,mass murder,False,24,127,2,0,2,25,False,False,False,False,6,2,4,1,3,1,18,12,10,6,5,2,12,14,18,19,22,23,0.0,0.0,12,22
6856,mass murder,"Raleigh, North Carolina, USA",@Alex_the_murder *i start making displeased absol noises as i struggle to get out of my own twisted mass of blankets and sheets*,mass murder,False,22,128,1,0,5,21,False,False,False,False,4,1,2,2,2,2,15,11,10,8,6,4,11,12,14,16,18,20,1.0,0.04999999999999999,9,21
6859,mass murder,,@noah_anyname Socialism means mass murder. Houze that for 'correlation'?,mass murder,True,9,72,2,0,4,10,True,False,False,False,1,2,2,0,1,0,9,8,6,4,4,3,1,3,5,5,6,6,0.0,0.0,2,9
6865,mass murder,The Three Broomsticks ,Watching Murder in the First and you get the perspective from the family of the mass shooter person...it's crazy the pain they're in...,mass murder,False,23,135,3,0,2,28,False,False,False,False,8,3,3,2,2,1,21,13,10,7,5,3,10,13,16,18,20,21,0.6166666666666667,-0.175,13,19
6866,mass murder,,RedScareBot: Duck and Cover! RT tanstaafl23: noah_anyname Socialism means mass murder. Houze that for 'correlation'?,mass murder,True,15,116,9,2,5,17,True,False,False,False,2,3,2,1,1,0,14,12,9,7,6,5,3,6,8,9,10,10,0.0,0.0,3,15
6868,mass murder,Somewhere on the Earth,70 yrs since the atomic bombing of Hiroshima... Terrible mass murder...,mass murder,True,11,71,2,2,0,16,False,False,False,False,2,1,1,1,1,1,9,7,6,5,4,3,4,5,6,7,8,9,1.0,-1.0,2,11
6869,mass murder,,'Prompt and utter' mass murder  https://t.co/BRU7t5UzUy,mass murder,True,7,55,6,2,6,7,False,True,False,False,1,1,0,2,1,0,6,5,4,4,2,1,2,3,3,5,6,6,1.0,0.0,1,7
6871,mass murder,NYC,Plane debris is from #MH370 - it was a controlled crash. In other words it was mass murder by a musim http://t.co/J3xFDg9CWF @newscomauHQ,mass murder,True,23,137,12,5,7,24,False,True,True,True,2,2,4,4,0,0,15,13,11,7,3,3,10,12,16,20,20,20,0.375,-0.125,10,20
6873,mass murder,17 year old anti-theist.,@Rawrheem: I can give you verses directly from the Qur'an that mandate terrorism mass-murder mass-rape genocide etc. Would you like them?,mass murder,False,21,137,4,0,5,22,True,False,False,False,4,5,2,2,1,2,20,16,11,9,7,6,5,10,12,14,15,17,0.4,0.1,7,20
6886,mass murder,Realville,@Conservatexian Farrakhan calling for 10000 men to rise up &amp; commit mass murder. http://t.co/gV84WNhB7S,mass murder,True,14,107,7,8,7,15,False,True,False,False,2,2,2,1,2,0,12,10,8,6,5,3,4,6,8,9,11,11,0.0,0.0,3,14
6887,mass murder,Anonymous,http://t.co/FhI4qBpwFH @FredOlsenCruise Please take the #FaroeIslands off your itinerary until the mass murder of dolphins &amp; whales stops.,mass murder,True,18,142,11,1,8,19,False,True,True,False,3,3,2,4,0,1,17,14,11,9,5,5,4,7,9,13,13,14,0.0,0.0,6,17
6888,mass murder,,@Cynicalreality when the subject is mass murder. @LetsBe_Rational @MishaWeller @llr517,mass murder,True,10,86,6,3,5,10,False,False,False,False,1,2,0,0,3,0,9,8,6,6,6,3,2,4,4,4,7,7,0.3333333333333333,-0.16666666666666666,3,10
6889,mass murder,"Albany, Western Australia",Today marks 70 years since the mass murder of 140000 civilians in Hiroshima. The bombing of Hiroshima and Nagasaki did NOT end WW2,mass murder,True,23,130,10,9,0,23,False,False,False,True,7,1,4,2,1,1,19,12,11,7,5,4,11,12,16,18,19,20,0.0,0.0,6,22
6891,mass murder,The Real World,@CamPepperr @RiceeChrispies Then he would go to jail. But that wasn't a mass murder was it? It was a mistake that he made and he doesn't,mass murder,True,26,136,7,0,4,27,True,False,False,False,5,5,2,2,2,0,18,13,8,6,4,2,13,18,20,22,24,24,0.0,-0.1,14,21
6894,mass murder,,Amazing how smug this guy is about the use of mass murder as a global power play. https://t.co/AlTTBJy8B9,mass murder,True,18,105,7,2,4,19,False,True,False,False,4,3,3,2,1,0,14,10,7,4,2,1,8,11,14,16,17,17,0.45,0.30000000000000004,8,18
6895,mass murder,,Like bro they just committed a mass murder. You think they're gonna be scared to get guns illegally ????,mass murder,True,19,104,2,0,1,23,True,False,False,False,3,6,2,1,2,0,16,13,7,5,4,2,6,12,14,15,17,17,0.5,-0.5,6,19
6899,mass murderer,U.S.,RT greta: Movement to impeach SA Pres #Zuma ÛÒ accused of helping mass murderer Pres #Bashir of #Sudan escape #genoÛ_ http://t.co/pnxhxlX9uP,mass murder,True,21,142,12,1,15,21,False,True,True,True,1,3,1,3,4,3,16,15,12,11,8,4,6,9,10,13,17,20,0.0,0.0,3,19
6901,mass murderer,Islamabad Pakistan,Asad is also a mass murderer.  https://t.co/dZOReZpxvR,mass murder,True,8,54,6,0,4,9,False,True,False,False,0,3,0,0,0,0,5,5,2,2,2,2,3,6,6,6,6,6,0.0,0.0,2,8
6902,mass murderer,Pedophilia,RT EmekaGift: VPSay NO to President Obama hosting Muhammadu Buhari the #pedophile #terrorist &amp; #mass-murderer,mass murder,False,15,113,13,0,7,14,False,False,True,False,1,0,3,1,1,0,12,11,11,8,7,6,4,4,7,8,9,9,0.0,0.0,2,15
6904,mass murderer,,Sooooo shooting up movie theaters the new mass murderer wave??,mass murder,True,10,62,1,0,0,11,True,False,False,False,2,1,1,2,0,3,9,7,6,5,3,3,3,4,5,7,7,10,0.45454545454545453,0.13636363636363635,2,10
6906,mass murderer,,@AParra210 So you are stereotyping the people. Are you a mass murderer like today's shooter?,mass murder,True,15,92,4,3,2,16,True,False,False,False,5,2,0,0,2,2,13,8,6,6,6,4,7,9,9,9,11,13,0.0,0.0,5,14
6922,mass murderer,Reaching for the stars ,So wait he really not gonna tell his wife that he is a mass murderer now and a cheat #derailed @itv2...I'm done with this film ????,mass murder,True,26,131,2,1,3,32,True,False,True,False,4,10,2,1,0,1,20,16,6,4,3,3,10,20,22,23,23,24,0.2,-0.1,12,24
6923,mass murderer,Still on my laptop,This is worth a re-read: 'A MASS-MURDERER' By Stuart Syvret http://t.co/C9UAyjrXt9 via @gojam_i_am,mass murder,False,13,98,21,2,12,13,False,True,False,True,1,1,1,2,0,1,9,8,7,6,4,4,5,6,7,9,9,10,0.1,0.3,2,13
6924,mass murderer,"Pittsburgh, PA",A Tomb Raider / Uncharted game where Lara Croft / Nathan Drake is finally on the run for being a ruthless mass murderer in the recent games.,mass murder,True,27,140,8,0,2,27,False,False,False,False,4,4,4,4,1,2,20,16,12,8,4,3,11,15,19,23,24,26,0.6625,-0.35,9,25
6927,mass murderer,,I am disgusted by @libertarianism and @CatoInstitute for celebrating a mass murderer of innocents today.,mass murder,True,15,104,3,0,2,15,False,False,False,False,2,1,0,1,0,1,10,8,7,7,6,6,7,8,8,9,9,10,1.0,-1.0,6,15
6934,mass murderer,"Fukushima, JAPAN",Mass murderer had sex without touching each other or taking their clothes off because he was so fanatical on hygiene http://t.co/RfewQRGzbs,mass murder,True,21,139,5,0,4,21,False,True,False,False,4,2,2,1,4,2,17,13,11,9,8,4,8,10,12,13,17,19,0.4375,0.1875,11,21
6938,mass murderer,,Sounds pretty sensible for a mass murderer... https://t.co/qZZxFYSIU1,mass murder,True,8,69,8,1,4,11,False,True,False,False,1,1,0,2,0,1,7,6,5,5,3,3,2,3,3,5,5,6,1.0,0.25,2,8
6941,mass murderer,"Denver, CO",Just now convicted mass murderer James Holmes told the judge he won't use his right to ask jury for mercy in his own words. #TheaterTrial,mass murder,True,25,137,5,0,2,25,False,False,True,False,8,4,5,2,0,1,22,14,10,5,3,3,11,15,20,22,22,23,0.7678571428571428,0.44285714285714284,9,24
6942,mass murderer,england,also loki is treated too nicely for the fandom as a mass murderer but we all know why :),mass murder,True,19,88,0,0,2,18,False,False,False,False,6,4,0,2,1,1,14,8,4,4,2,1,11,15,15,17,18,19,1.0,0.55,10,19
6944,mass murderer,Los Angeles via Pittsburgh,@Phoenix_Blue People will create rumors no matter what. The bottom line is giving fifteen minutes of fame to a mass murderer does no good.,mass murder,True,24,138,4,0,2,25,False,False,False,False,1,5,2,6,2,1,18,17,12,10,4,2,7,12,14,20,22,23,0.6000000000000001,-0.35,9,23
6947,massacre,Kenya,"#FromTheDesk of King George Kenyatta Muumbo at the Kings African Citizens

Thanks to #QuantumDataInformatics we... http://t.co/L6EYfDXaAx",massacre,False,15,137,20,1,8,18,False,True,True,False,1,1,2,2,1,1,12,11,10,8,6,5,4,5,7,9,10,11,0.1,0.1,5,15
6952,massacre,,1 TRILLION Dollar Lawsuit Filed Against MSM For 'Staging Sandy Hook Massacre' http://t.co/qutzvk9xoP,massacre,True,13,100,21,2,6,13,False,True,False,True,2,1,2,1,2,2,12,10,9,7,6,4,3,4,6,7,9,11,0.0,0.0,0,13
6957,massacre,,embrace the beauty of the massacre that lies ahead,massacre,True,9,50,0,0,0,8,False,False,False,False,2,2,1,1,1,1,8,6,4,3,2,1,3,5,6,7,8,9,0.0,0.0,4,8
6958,massacre,University of Maryland,3 Years After the Sikh Temple Massacre Hate-Violence Prevention Is Key | Colorlines http://t.co/iJoORKaGyj,massacre,True,14,106,16,1,6,14,False,True,False,False,2,1,2,1,0,1,11,9,8,6,5,5,5,6,8,9,9,10,1.0,0.0,1,14
6964,massacre,"Santos, SÌ£o Paulo",@stefsy14 the birthday massacre!!!,massacre,True,4,34,0,2,1,6,False,False,False,False,1,0,0,0,0,1,4,3,3,3,3,3,1,1,1,1,1,2,0.0,0.0,1,4
6968,massacre,House of the Rising Sun,"@xMissXanthippex lmao exactly
Especially who they challenged. I didn't want michael jackson popcorn OR kermit tea watching that massacre",massacre,True,18,136,6,0,3,18,False,False,False,False,2,4,0,2,3,2,16,14,10,10,8,5,4,8,8,10,13,15,1.0,0.3,4,18
6969,massacre,,"@WCBD 
Parents of Colorado theater shooting victim fear copycat massacre

http://t.co/LvlH3W3aWO
#Antioch

http://t.co/vIwXY1XDYK",massacre,True,10,129,19,3,16,11,False,True,True,True,0,1,1,1,2,3,9,9,8,7,6,4,1,2,3,4,6,9,0.05,-0.07500000000000001,1,10
6976,massacre,@KEYTNC3 @KCOY,What person would possibly make a horror film about the Isla Vista massacre in order to make money off of our tragedy?,massacre,True,22,118,3,0,0,22,True,False,False,False,3,5,5,2,0,3,18,15,10,5,3,3,7,12,17,19,19,22,1.0,0.0,8,21
6982,massacre,Wales Cymru,One Year After Massacre IraqÛªs Yazidis a Broken People http://t.co/pHqK28doni,massacre,True,10,79,10,2,7,10,False,True,False,False,1,1,1,2,1,2,9,8,7,6,4,3,2,3,4,6,7,9,0.4,-0.4,1,10
6986,massacre,,The same UN who stood&amp;watched the Serbs massacre thousands of muslims in Yougslavia ?don't need any lessons off them https://t.co/Ubf3CFzfEX,massacre,True,20,144,10,1,7,21,True,True,False,False,5,3,1,1,2,1,17,12,9,8,7,5,8,11,12,13,15,16,0.125,0.0,9,20
6987,massacre,,"TimesNewsdesk : Police link beach massacre to Tunisia museum attack
Û_ http://t.co/g11Rd44rgW) http://t.co/n834UntFf1",massacre,True,12,118,8,8,14,13,False,True,False,False,0,1,1,2,1,1,10,10,9,8,6,5,2,3,4,6,7,8,0.0,0.0,1,12
6989,massacre,"Perth, Scotland",Letter after Glencoe Massacre Scotland ' Who will provide me with meat for my table ? Now that my red haired warrior is gone forever ',massacre,True,26,134,6,0,2,26,True,False,False,False,4,5,2,2,4,2,19,15,10,8,6,2,11,16,18,20,24,26,0.0,0.0,9,24
6991,massacre,,Thus ends the clam massacre of 2015. #clambake #showgirldayoff https://t.co/PtyUJJi67T,massacre,True,10,86,6,6,6,11,False,True,True,False,1,3,1,0,0,1,9,8,5,4,4,4,2,5,6,6,6,7,0.0,0.0,2,10
6993,massacre,"Waco, Texas",Saturday Night Massacre ? 25 Years Later #TomLandry?s Firing Still A Day of Infamy http://t.co/MlA71Y7mMW,massacre,True,15,105,17,5,5,17,True,True,True,False,1,0,4,2,0,2,11,10,10,6,4,4,5,5,9,11,11,13,0.0,0.0,2,15
6995,mayhem,SweizyLand,Tonight It's Going To Be Mayhem @ #4PlayThursdays. Everybody Free w/ Text. 1716 I ST NW (18+) http://t.co/N8w252JoVT,mayhem,True,18,116,20,11,11,20,False,True,True,False,0,3,3,1,1,0,11,11,8,5,4,3,7,10,13,14,15,15,0.8,0.4,0,18
6997,mayhem,Ohio...yep we said it.,The adventure continues in Terraria 1.3 join us for more hijinks and mayhem.  :-) http://t.co/MZcDdOYKen,mayhem,True,16,104,8,2,7,18,False,True,False,False,5,2,0,0,2,1,13,8,6,6,6,4,8,10,10,10,12,13,0.75,0.5,4,16
7000,mayhem,worldwide,@RaynbowAffair Editor In Chief @DiamondKesawn Releases Issue #7 http://t.co/UH6mXI0Uwz of #RAmag. #Fashion #Models and #Mayhem,mayhem,True,15,126,19,3,11,16,False,True,True,False,1,0,2,1,3,2,12,11,11,9,8,5,4,4,6,7,10,12,0.0,0.0,2,15
7003,mayhem,Dili. East Timor,Slayer Reflects on Low Mayhem Festival Attendance King Diamond &amp; Jeff Hanneman's Passing http://t.co/E4hcbQSltu,mayhem,True,14,115,14,1,7,14,False,True,False,False,1,2,1,2,2,2,13,12,10,9,7,5,2,4,5,7,9,11,0.3,0.0,1,14
7004,mayhem,"Lynchburg, VA",@ESWEnrage I was a fan back then sadly and even went as her for Halloween in 2007. But I got better. LOL.,mayhem,False,22,105,11,4,1,24,False,False,False,True,7,5,2,0,1,0,17,10,5,3,3,2,12,17,19,19,20,20,0.55,0.2,8,21
7007,mayhem,"Mumbai, Maharashtra",'Mumbai attack mayhem was planned and launched from Pakistan'Ex-Federal Investigation Agency (FIA) chief Tariq Khosa. http://t.co/xzSP5JhVfc,mayhem,True,16,140,15,1,9,17,False,True,False,True,2,1,3,4,2,1,16,14,13,10,6,4,2,3,6,10,12,13,0.0,0.0,3,16
7011,mayhem,"Hollywood, Ca",Wed Aug 8 !  #Mayhem @ Avalon !  19+ Event ! July &amp; Aug Bdays Free! Tix -&gt; http://t.co/1oZe4aW3Ju Txt (818) 447-8427 http://t.co/uzpKaRBAQv,mayhem,True,25,146,19,16,19,30,False,True,True,False,6,1,6,1,1,1,18,12,11,5,4,3,13,14,20,21,22,23,0.8,0.5,0,21
7014,mayhem,,Episode 1 'Mad Dash Mayhem' Preview Video: Season 14 kicks off with newbie designers arriving at New York's M... http://t.co/XVGHljahrR,mayhem,True,20,135,15,3,8,23,False,True,False,True,2,4,1,4,3,1,17,15,11,10,6,3,5,9,10,14,17,18,0.7272727272727273,-0.24431818181818182,3,20
7016,mayhem,UK,@TheDreamingGoat @mayhem0407 @RobertoSAGuedes Mayhem is my husband by the way. :),mayhem,True,11,81,8,4,5,11,False,False,False,False,1,1,0,1,1,0,7,6,5,5,4,3,5,6,6,7,8,8,1.0,0.5,4,11
7017,mayhem,,"RETWEET #FOLLOWnGAIN

@TheMGWVboss 

??#FOLLOW?? ?~( ??~Û¢)~? @ynovak @IAmMrCash @Frankies_Style @MamanyaDana @Mayhem_4U",mayhem,True,10,121,38,1,22,17,True,False,True,True,1,0,0,0,2,0,10,9,9,9,9,7,1,1,1,1,3,3,0.0,0.0,0,10
7020,mayhem,"The Woodlands, TX",Slayer at Rockstar Mayhem Festival #slayer #metal #concertphotography #houston #livemusic #canonÛ_ https://t.co/5FrWySzwrs,mayhem,True,12,123,7,1,13,12,False,True,True,False,0,0,0,3,1,3,11,11,11,11,8,7,1,1,1,4,5,8,0.0,0.0,1,12
7022,mayhem,DMV,Tonight It's Going To Be Mayhem @ #4PlayThursdays. Everybody Free w/ Text. 1716 I ST NW (18+) http://t.co/wDefhbkF9g,mayhem,True,18,116,18,8,11,20,False,True,True,False,0,3,3,1,1,0,11,11,8,5,4,3,7,10,13,14,15,15,0.8,0.4,0,18
7028,mayhem,DMV,Tonight It's Going To Be Mayhem @ #4PlayThursdays. Everybody Free w/ Text. 1716 I ST NW (18+) http://t.co/omYWCLpGEf,mayhem,True,18,116,22,7,11,20,False,True,True,False,0,3,3,1,1,0,11,11,8,5,4,3,7,10,13,14,15,15,0.8,0.4,0,18
7033,mayhem,Central Jersey,PNC Bank Arts Center shooting: Holmdel man nabbed http://t.co/tvmD14uikO,mayhem,False,9,72,9,2,5,9,False,True,False,True,2,2,0,2,1,0,9,7,5,5,3,2,2,4,4,6,7,7,0.1,-0.1,0,9
7034,mayhem,,El Nino is getting stronger! Monster weather system may bring relief to California but it could cause 'mayhem' elÛ_ http://t.co/A9PoFHBbjf,mayhem,True,20,139,9,1,9,21,False,True,False,False,2,1,4,2,3,1,16,14,13,9,7,4,6,7,11,13,16,17,0.0,0.0,4,20
7035,mayhem,"Lynchburg, VA",Oh Shelly your waffle wasn't 'a little blonde.' Your waffle was Madonna circa 1987. #NowYouKnow #MasterChef,mayhem,False,16,107,9,4,5,17,False,False,True,False,1,2,2,5,1,1,14,13,11,9,4,3,3,5,7,12,13,14,0.25,-0.09375,3,15
7038,mayhem,,Slayer Reflects on Low Mayhem Festival Attendance King Diamond &amp; Jeff Hanneman's Passing http://t.co/ysKaDmFBbB,mayhem,True,14,115,16,0,7,14,False,True,False,False,1,2,1,2,2,2,13,12,10,9,7,5,2,4,5,7,9,11,0.3,0.0,1,14
7040,mayhem,,Tonight It's Going To Be Mayhem @ #4PlayThursdays. Everybody Free w/ Text. 1716 I ST NW (18+) http://t.co/iW2OTzQFkH,mayhem,True,18,116,22,8,11,20,False,True,True,False,0,3,3,1,1,0,11,11,8,5,4,3,7,10,13,14,15,15,0.8,0.4,0,18
7041,mayhem,Boston/NY/Montreal/London,@RaynbowAffair Editor In Chief @DiamondKesawn Releases Issue #7 http://t.co/fa0Jt1Yqru of #RAmag. #Fashion #Models and #Mayhem,mayhem,True,15,126,16,3,11,16,False,True,True,False,1,0,2,1,3,2,12,11,11,9,8,5,4,4,6,7,10,12,0.0,0.0,2,15
7042,mayhem,Iowa,New featcha! @METZtheband's Alex Edkins talks about the @subpop-signed band's jarring mayhem: http://t.co/d0RkCl61Fb http://t.co/7JwJTXqCas,mayhem,True,14,139,15,4,14,16,False,True,False,False,2,1,2,2,2,1,14,12,11,9,7,5,2,3,5,7,9,10,0.45454545454545453,0.17045454545454544,2,14
7045,meltdown,,@julescheff @Z_Hoffman96 haha yes! I was just with Zack at Madsummer meltdown,meltdown,True,12,77,5,2,3,12,False,False,False,False,1,5,0,0,0,1,10,9,4,4,4,4,3,8,8,8,8,9,0.3,0.25,4,12
7049,meltdown,,Tumblr collective meltdown. #sebastianstanisaliveandwell #civilwar ?????? http://t.co/WOc1TeVVMP,meltdown,True,7,96,8,1,6,14,True,True,True,False,0,0,0,2,0,0,7,7,7,7,5,5,0,0,0,2,2,2,0.0,0.0,0,7
7055,meltdown,,@rymathieson are you coming to meltdown!,meltdown,True,6,40,0,0,1,6,False,False,False,False,2,0,0,1,0,0,5,3,3,3,2,2,3,3,3,4,4,4,0.0,0.0,3,6
7057,meltdown,Wouldn't u like to know,Apple's momentum 'meltdown' bites investors - http://t.co/hsECqcdc7P #Apple #Stocks #Crash #TimCook #Investment,meltdown,True,12,111,10,1,13,12,False,True,True,False,0,0,1,2,2,2,11,11,11,10,8,6,1,1,2,4,6,8,0.0,0.0,0,12
7062,meltdown,,.@RonFunches Loved the @meltdown_show set combined two things I enjoy: wrestling and Ron Funches.,meltdown,True,14,97,6,0,4,15,False,False,False,False,5,0,1,2,0,2,13,8,8,7,5,5,6,6,7,9,9,11,0.65,0.55,2,14
7064,meltdown,"North Vernon, IN",The U.S. will experience an economic meltdown similar to the early 2000s mortgage shit show due to student loans. You heard it here first ????,meltdown,True,25,142,4,4,0,31,True,False,False,True,4,6,4,1,2,3,21,17,11,7,6,4,8,14,18,19,21,24,0.40138888888888896,0.037500000000000006,7,24
7066,meltdown,,.@kumailn love your #irongiant t-shirt on tonight's #meltdown,meltdown,True,8,61,0,0,5,8,False,False,True,False,0,2,0,0,1,0,7,7,5,5,5,4,1,3,3,3,4,4,0.6,0.5,2,8
7067,meltdown,Manisto Trap House ,Craving a triple chocolate meltdown from bees rn,meltdown,True,8,48,1,0,0,7,False,False,False,False,0,2,0,1,1,1,6,6,4,4,3,2,2,4,4,5,6,7,0.0,0.0,2,8
7072,meltdown,Southern California,"@GRAMZD It would be an honor meeting you at the meltdown on Friday. 

Hope you like #dabs. http://t.co/MpJ2u4QSYi",meltdown,True,18,113,14,2,8,20,False,True,True,True,3,1,2,2,3,1,13,10,9,7,5,2,8,9,11,13,16,17,0.0,0.0,7,17
7079,meltdown,"St. Catherine, Jamaica, W.I.",CommoditiesåÊAre Crashing Like It's 2008 All Over Again http://t.co/EM1cN7alGk,meltdown,False,9,78,12,6,7,9,False,True,False,False,1,4,1,0,0,1,9,8,4,3,3,3,1,5,6,6,6,7,0.0,0.0,0,9
7082,meltdown,"Pittsburgh, PA",The meltdown I'm currently witnessing makes it seem like a delayed flight is a true anomaly instead of y'know the expected outcome.,meltdown,True,22,131,2,0,2,22,False,False,False,False,3,3,1,2,3,3,17,14,11,10,8,5,8,11,12,14,17,20,0.4833333333333334,0.08333333333333333,6,21
7083,meltdown,"Tuksa, OK",@ChelseaVPeretti's bit on @meltdown_show was also gold.,meltdown,True,7,55,3,0,4,7,False,False,False,False,2,1,1,0,0,0,6,4,3,2,2,2,3,4,5,5,5,5,0.0,0.0,2,7
7084,meltdown,FL.CO.HI.NJ,@SBJohn12 I'm still waiting for one of these trailers to make up for the Mets Btm 9th 2out Rain Delay come back give up 3 runs meltdown,meltdown,True,27,135,8,5,2,26,False,False,False,False,7,8,3,0,1,2,22,15,7,4,4,3,12,20,23,23,24,26,0.0,0.0,8,25
7085,meltdown,PrincetonAve,meltdown #1,meltdown,True,2,11,0,1,1,1,False,False,True,False,0,0,0,0,0,1,1,1,1,1,1,1,1,1,1,1,1,2,0.0,0.0,0,2
7087,meltdown,,CommoditiesåÊAre Crashing Like It's 2008 All Over Again - Bloomberg Business http://t.co/oxCuUqPOmR,meltdown,False,12,99,15,4,8,12,False,True,False,False,1,4,1,0,0,2,11,10,6,5,5,5,2,6,7,7,7,9,0.0,0.0,0,12
7090,meltdown,"West Coast, Canada","Byproduct of #metal price meltdown is a higher #silver price
http://t.co/KBC2Ax8Zl9",meltdown,True,10,83,6,3,7,10,False,True,True,False,0,0,1,2,1,1,7,7,7,6,4,3,3,3,4,6,7,8,0.5,0.25,3,10
7094,meltdown,"Syracuse, NY",Maybe after half-way party we will get drunk Meg and she'll flirt with Clay again. Then we can have a Shelli meltdown. #BB17,meltdown,True,23,124,7,2,3,24,False,False,True,True,4,5,6,3,0,1,20,16,11,5,2,2,7,12,18,21,21,22,1.0,-0.5,11,22
7096,military,Abuja,Inspectors So Far Denied Access to Iran's Scientists - Wall Street Journal http://t.co/SuR3odwMKa http://t.co/2VSX1yO5hT,military,False,14,120,19,4,10,15,False,True,False,False,1,1,0,4,1,0,11,10,9,9,5,4,4,5,5,9,10,10,1.0,0.1,1,14
7099,military,,Admiral Says Public Schools Nationwide Shortchanging Military Kids | http://t.co/g0q0bzBjli http://t.co/rbt3mLhlX7 via @Militarydotcom,military,True,13,134,12,4,10,14,False,True,False,False,1,2,0,1,2,1,12,11,9,9,8,6,2,4,4,5,7,8,0.08333333333333334,-0.05,0,13
7100,military,,New Boonie Hat USMC Airsoft Paintball Military Cap Woodland Camo CP030 http://t.co/EGqE35I5pI http://t.co/uaBRYnHkn7,military,True,13,116,24,7,8,14,False,True,False,True,3,2,1,1,1,2,13,10,8,7,6,5,3,5,6,7,8,10,0.2772727272727273,0.018181818181818174,0,13
7101,military,,Texian Iliad: A Military History of the Texas Revolution by Hardin Stephen L. http://t.co/RrIDS0mrJ1 http://t.co/wybtUk7LbG,military,True,15,123,18,3,9,17,False,True,False,False,1,0,1,3,2,1,11,10,10,9,6,4,5,5,6,9,11,12,0.1,-0.1,3,15
7102,military,,US Military EM 951 Auto-Mechanics Course Vols 1-5 - 1944 - WWII http://t.co/lY6S5MH3vR http://t.co/c29V8UBXcq,military,True,14,109,22,15,12,15,False,True,False,True,2,3,0,1,0,1,10,8,5,5,4,4,6,9,9,10,10,11,0.1,-0.1,0,13
7103,military,"Boca Raton, FL",13 reasons why we love women in the military   - lulgzimbestpicts http://t.co/BcBfCStZXh http://t.co/ViK72Id8Zu,military,True,15,111,10,5,9,16,False,True,False,False,2,1,1,0,1,1,9,7,6,5,5,4,8,9,10,10,11,12,0.35,0.2,4,14
7107,military,,VINTAGE EAGLE 4' OIL CAN OILER FOR WWII JEEP MB GPW MILITARY  VEHICLE TOOL KIT http://t.co/9tpFRN725P http://t.co/hVH6b3wOLg,military,True,18,124,69,7,9,19,False,True,False,True,5,3,2,0,2,1,15,10,7,5,5,3,8,11,13,13,15,16,0.1,-0.1,0,18
7110,military,,13 reasons why we love women in the military   - lulgzimbestpicts http://t.co/tRgPWOuj6X http://t.co/GEMNUZoCeb,military,True,15,111,12,3,9,16,False,True,False,False,2,1,1,0,1,1,9,7,6,5,5,4,8,9,10,10,11,12,0.35,0.2,4,14
7113,military,"Columbus, OH",@weakley00 the military,military,True,3,23,0,2,1,2,False,False,False,False,1,0,0,0,0,1,3,2,2,2,2,2,1,1,1,1,1,2,0.1,-0.1,1,3
7117,military,,No joke military men are the hottest thing.,military,True,8,43,1,0,0,8,False,False,False,False,3,1,0,1,1,1,7,4,3,3,2,1,4,5,5,6,7,8,0.1,-0.1,2,8
7119,military,,@SocialJerkBlog My husband was in the military and he does that. It ends up in seat shuffling sometimes. ;),military,True,19,107,5,0,3,20,False,False,False,False,3,3,1,0,1,1,12,9,6,5,5,4,10,13,14,14,15,16,0.55,0.075,9,18
7123,military,,VIDEO=&gt; Barack Obama: America Has a Mindset that ÛÏPrefers Military Action Over NegotiationÛ http://t.co/kLs6UPlw0T via @gatewaypundit,military,True,16,140,19,2,15,16,False,True,False,False,2,2,0,3,2,1,15,13,11,11,8,6,3,5,5,8,10,11,0.1,0.0,2,16
7127,military,New York,Ford : Other Military VERY NICE M151A1 MUTT with matching M416 Trailer - Full read by eBay http://t.co/RJ83YE5c1S http://t.co/2rWRU0jP0U,military,True,19,136,31,14,10,20,False,True,False,True,0,9,1,1,1,2,16,16,7,6,5,4,3,12,13,14,15,17,0.5062500000000001,0.22625,2,19
7133,military,Worldwide,Obama warns there will be another war without Iran deal #military http://t.co/gM7QlTRLuW http://t.co/wTutMlHDMH,military,True,13,111,14,1,9,14,False,True,True,False,1,3,3,0,2,0,12,11,8,5,5,3,2,5,8,8,10,10,0.1,-0.1,3,13
7139,military,,M9A1 PHROBIS III GREEN BAYONET MILITARY COMBAT SHEATH KNIFE NR http://t.co/dKxe44M8v9 http://t.co/A4PfB5Lt17,military,True,12,108,57,10,8,13,False,True,False,True,1,1,2,2,2,1,11,10,9,7,5,3,2,3,5,7,9,10,0.2,-0.15000000000000002,0,12
7143,military,"Austin, Texas",@GorillaThumbz @FoxNews @jonathanserrie 'For sale Canadian military rifle dropped once',military,True,10,87,6,0,5,9,False,False,False,False,0,2,2,0,1,3,10,10,8,6,6,5,0,2,4,4,5,8,0.1,-0.1,1,10
7145,mudslide,Merseyside,@AlexxPage cried at the mudslide cake ??,mudslide,True,7,40,2,0,1,8,True,False,False,False,1,1,1,0,0,1,5,4,3,2,2,2,3,4,5,5,5,6,0.0,0.0,2,7
7151,mudslide,Kocaeli-Izmit,#Tajikistan #Mudslides #China aids to #Mudslide-hit #Tajiks http://t.co/BD546mtcpN,mudslide,True,8,82,8,3,10,8,False,True,True,False,0,1,0,1,1,0,7,7,6,6,5,4,1,2,2,3,4,4,0.0,0.0,1,8
7152,mudslide,,The one with the chocolate mudslide  #BakeOffFriends @BritishBakeOff @BBCOne #GBBO,mudslide,True,11,82,15,0,4,10,False,False,True,True,3,1,1,0,1,1,10,7,6,5,5,4,4,5,6,6,7,8,0.0,0.0,2,11
7153,mudslide,"LaPorte, IN",When you can eat a whole wet burrito and mudslide in 5 minutes. http://t.co/lljzxY8Pc2,mudslide,True,14,86,3,3,4,15,False,True,False,False,5,1,1,0,1,2,11,6,5,4,4,3,8,9,10,10,11,13,0.4,0.05,5,14
7156,mudslide,United Kingdom,Paul Hollywood 'what happened....looks like a mudslide... It's like chewing on a rubber tyre... It looks a mess...' Oh dear Dorrett! #GBBO,mudslide,True,22,138,10,0,4,35,False,False,True,True,0,5,3,1,2,2,16,16,11,8,7,5,6,11,14,15,17,19,0.175,-0.21875,4,19
7162,mudslide,tarn et garonne/lot et garonne,"oh my god.. never felt so sorry for someone  :-(
#blackforestgateau #mudslide #gbbo2015",mudslide,True,13,87,0,4,7,14,False,False,True,False,1,1,3,0,1,0,9,8,7,4,4,3,5,6,9,9,10,10,1.0,-0.625,3,13
7170,mudslide,1/11 numberjacks squad,@picniclester it was a mudslide,mudslide,True,5,31,0,0,1,4,False,False,False,False,1,0,0,0,0,1,3,2,2,2,2,2,3,3,3,3,3,4,0.0,0.0,3,5
7172,mudslide,Sandbach Cheshire UK ,Loving this!!! Who watched tonight's #greatbritishbakeoff what did you think? #ineedcake #mudslide ?????? http://t.co/c743tLryWd,mudslide,True,14,128,4,3,8,24,True,True,True,False,3,1,0,3,2,0,14,11,10,10,7,5,3,4,4,7,9,9,0.95,1.0,4,14
7177,mudslide,the burrow,new name: mudslide,mudslide,True,3,18,0,0,1,2,False,False,False,False,1,0,1,0,0,1,3,2,2,1,1,1,1,1,2,2,2,3,0.45454545454545453,0.13636363636363635,0,3
7181,mudslide,"ÌÏT: 58.193556,-5.334943","Looks like a Mudslide!

#GBBO",mudslide,True,4,29,6,0,3,4,False,False,True,False,0,1,1,0,0,0,3,3,2,1,1,1,1,2,3,3,3,3,0.0,0.0,1,4
7182,mudslide,St Albans,@curryspcworld looks like a mudslide. Unreal scenes.,mudslide,True,7,52,1,0,1,8,False,False,False,False,0,1,1,1,1,0,6,6,5,4,3,2,1,2,3,4,5,5,0.0,0.0,1,7
7189,mudslide,,@melindahaunton mudslide lady is a good shout,mudslide,True,7,45,0,0,1,6,False,False,False,False,0,2,1,0,0,1,5,5,3,2,2,2,2,4,5,5,5,6,0.6000000000000001,0.7,2,7
7190,mudslide,,@bottleowhite i had to cover my eyes with the mudslide #toopainful,mudslide,True,11,66,0,0,2,10,False,False,True,False,2,2,1,0,0,1,8,6,4,3,3,3,5,7,8,8,8,9,0.0,0.0,6,11
7200,natural disaster,,@patrickandsam @ghaccount I've been screaming natural disaster for months but now idk. Maybe a hospital crisis.,natural disaster,True,16,111,2,0,3,17,False,False,False,False,3,3,1,1,2,2,15,12,9,8,7,5,4,7,8,9,11,13,0.4,0.1,5,16
7207,natural disaster,California most of the time,Home Inventories Can Help all Homeowners  in Case of Natural Disaster - ABC News http://t.co/RNWvkBkhWU via @ABC,natural disaster,True,18,112,21,0,6,18,False,True,False,True,4,5,0,0,1,1,14,10,5,5,5,4,8,13,13,13,14,15,0.4,0.1,3,18
7209,natural disaster,Nepal,#Nepal Magnitude 4.3 tremor rattles #Dolakha as #aftershock counts 367 | Recent Natural Disasters : http://t.co/Re1d5ffcSx,natural disaster,True,16,122,8,7,9,17,False,True,True,False,2,0,0,4,2,1,13,11,11,11,7,5,5,5,5,9,11,12,0.325,0.05,1,16
7212,natural disaster,"USA, Haiti, Nepal",More Natural Disaster Research Urgent http://t.co/5Cm0LfZhxn via #JakartaPost,natural disaster,True,8,77,10,2,5,8,False,True,True,False,1,1,0,1,1,2,8,7,6,6,5,4,1,2,2,3,4,6,0.45,0.3,0,8
7216,natural disaster,bishop amat,natural disaster on you half ass rappers,natural disaster,True,7,40,0,0,0,6,False,False,False,False,2,1,0,0,2,1,6,4,3,3,3,1,3,4,4,4,6,7,0.2833333333333333,-0.033333333333333326,2,7
7217,natural disaster,Ottawa,IRIN Asia | Red tape tangles Nepal reconstruction | Nepal | Disaster Risk Reduction | Natural Disasters http://t.co/q7LG6ncf7G,natural disaster,True,18,126,16,3,8,18,False,True,False,True,1,4,2,0,2,1,14,13,9,7,7,5,5,9,11,11,13,14,0.2,0.05,0,14
7219,natural disaster,,Expert Prepper: Financial Collapse Natural Disaster Failed Grid... http://t.co/5tf4CV4KeI http://t.co/KqYCFkcLr5,natural disaster,True,10,112,17,4,9,14,False,True,False,False,0,0,0,2,2,3,10,10,10,10,8,6,0,0,0,2,4,7,0.2333333333333333,-0.13333333333333333,0,10
7220,natural disaster,Canberra (mostly),Does more trust = more giving? Natural disaster yes - regular giving - maybe!  | Pro Bono Australia https://t.co/rXG0BvBBuS via @ProBonoNews,natural disaster,True,22,140,14,1,9,24,True,True,False,False,3,4,1,2,3,1,17,14,10,9,7,4,8,12,13,15,18,19,0.3692307692307692,0.275,2,20
7222,natural disaster,,The Return of Planet-X Book by Jaysen Rand Wormwood Natural Disaster Survivors http://t.co/k8cgZiirps http://t.co/d5sXGvp2pI,natural disaster,True,14,124,15,3,9,15,False,True,False,False,1,2,0,2,1,3,12,11,9,9,7,6,3,5,5,7,8,11,0.4,0.1,2,14
7225,natural disaster,U.A.E.,Washi is indeed 'A Natural Disaster' ????,natural disaster,True,7,41,4,0,2,10,True,False,False,False,0,1,1,1,1,0,5,5,4,3,2,1,2,3,4,5,6,6,0.4,0.1,1,7
7233,natural disaster,,I added a video to a @YouTube playlist http://t.co/Ei5Z52tohR Natural Disaster Survival ep.7 '2079 Bacon Hair...',natural disaster,True,16,113,11,8,7,20,False,True,False,False,0,1,4,0,1,5,12,12,11,7,7,6,4,5,9,9,10,15,0.4,0.1,3,15
7237,natural disaster,Modishthaan,RT Karnythia: Another #ErasureIsNotEquality example? Movies like The Impossible about a natural disaster in Thailand that focuses on white Û_,natural disaster,True,20,142,12,0,5,20,True,False,True,True,2,2,2,1,3,3,16,14,12,10,9,6,6,8,10,11,14,17,0.4666666666666666,-0.18888888888888888,5,20
7238,natural disaster,"Washington, DC area",@jonk @jamucsb Hopefully this vacation *doesn't* include an earthquake or other natural disaster!,natural disaster,True,13,97,1,0,5,13,False,False,False,False,0,1,2,0,2,2,11,11,10,8,8,6,2,3,5,5,7,9,0.3875,0.0,4,13
7239,natural disaster,,New 15-Day Emergency food supply for natural disaster Earthquake Flood Tornado http://t.co/6hrlBLiIcO http://t.co/WS0nVDUZqW,natural disaster,True,13,124,17,4,9,14,False,True,False,False,2,1,1,2,2,1,13,11,10,9,7,5,2,3,4,6,8,9,0.42727272727272725,0.11818181818181818,1,13
7240,natural disaster,Interwebs,How You Can Help The Community In The Event Of A Natural Disaster - http://t.co/42LgdZXz62,natural disaster,True,15,90,16,4,5,15,False,True,False,False,5,1,1,0,1,1,11,6,5,4,4,3,9,10,11,11,12,13,0.4,0.1,0,14
7243,natural disaster,,TRAIN ACCIDENT IN HARDA (M.P.) IS NOT NATURAL DISASTER. IT SHOWS FAILURE OF MINISTRY OF RAILWAY.PROPER CHECK AT FIXED INTERVAL IS NEEDED.,natural disaster,True,22,137,109,0,2,26,False,False,False,True,1,0,5,1,3,3,15,14,14,9,8,5,8,8,13,14,17,20,0.3,-0.0888888888888889,0,20
7245,nuclear disaster,"New York, NY",This was amazing. Probably couldn't have watched if still living in Japan. Scary. Nuclear Meltdown Disaster | Nova http://t.co/j00WxMJRya,nuclear disaster,False,19,137,12,2,6,22,False,True,False,False,1,3,1,3,2,5,16,15,12,11,8,6,4,7,8,11,13,18,0.95,0.050000000000000044,4,19
7246,nuclear disaster,"Thessaloniki, Greece",Chronicles of #disaster:#Hiroshima in the #Yale Library #archives http://t.co/xqIqGMI0Op  Calls to end 'absolute evil' of #nuclear #weapons,nuclear disaster,False,18,139,10,1,13,18,False,True,True,False,2,0,3,0,1,2,13,11,11,8,8,7,7,7,10,10,11,13,0.95,-0.4,5,17
7249,nuclear disaster,Almost there ,"No authorities of Japan take responsibility about Nuclear disaster.
Nobody have confidence in safety of Nuclear Plants in Japan.
#AnonymousÛ_",nuclear disaster,True,18,142,8,0,6,19,False,False,True,False,0,2,2,2,2,0,13,13,11,9,7,5,5,7,9,11,13,13,0.0,0.0,6,15
7257,nuclear disaster,Canada,Digital archive of public documents on the 2011 nuclear catastrophe at Fukushima launched. http://t.co/faJnMjNcxp,nuclear disaster,False,14,113,5,4,4,15,False,True,False,False,1,1,0,1,3,0,11,10,9,9,8,5,4,5,5,6,9,9,0.03333333333333333,0.0,4,14
7258,nuclear disaster,Japan ,Less consuming less energy to avoid nuclear disaster again and again.,nuclear disaster,True,11,69,1,0,0,11,False,False,False,False,1,2,2,2,1,1,10,9,7,5,3,2,2,4,6,8,9,10,0.06666666666666667,-0.16666666666666666,4,11
7259,nuclear disaster,Florida,truthfrequencyradio Third of US West Coast Children Hit with Problems Following Fukushima NUCLEAR DISASTER: FU... http://t.co/7ktvkW3sS0,nuclear disaster,True,16,136,29,3,5,19,False,True,False,True,1,2,3,0,1,2,14,13,11,8,8,7,3,5,8,8,9,11,0.05,0.0,2,16
7262,nuclear disaster,Finland,http://t.co/kPbtBLRKsB Japan's Nuclear Disaster and it's ongoing side effects.,nuclear disaster,True,9,78,9,0,6,10,False,True,False,False,1,2,0,0,3,2,9,8,6,6,6,3,1,3,3,3,6,8,0.0,0.0,2,9
7263,nuclear disaster,,3 former executives to be prosecuted in Fukushima nuclear disaster http://t.co/uNTyEVXR4v,nuclear disaster,True,11,89,7,2,4,11,False,True,False,False,0,0,0,1,1,1,7,7,7,7,6,5,4,4,4,5,6,7,0.0,0.0,3,11
7269,nuclear disaster,NYC,Check out 'NOVA | Nuclear Meltdown Disaster' http://t.co/ZzxM74d7qV #PBS,nuclear disaster,False,9,72,14,3,8,9,False,True,True,True,1,1,2,0,1,1,8,7,6,4,4,3,2,3,5,5,6,7,0.0,0.0,1,9
7271,nuclear disaster, Stah-koomi-tapii-akii,Rare photographs show the nightmare aftermath of #Hiroshima | #NoNukes #Amerikkka #WhiteTerrorism #Nuclear #Disaster  http://t.co/8tWLAKdaBf,nuclear disaster,False,16,140,14,1,11,16,False,True,True,False,1,2,0,0,0,2,13,12,10,10,10,10,4,6,6,6,6,8,0.9,0.3,2,16
7273,nuclear disaster,,3 former executives to be prosecuted in Fukushima nuclear disaster http://t.co/EmWU8Xksdu,nuclear disaster,True,11,89,5,2,4,11,False,True,False,False,0,0,0,1,1,1,7,7,7,7,6,5,4,4,4,5,6,7,0.0,0.0,3,11
7276,nuclear disaster,Brussels,Fukushima Watch - Fukushima Watch Nuclear Disaster: Welcome. Welcome To Fukushima Watch offering t... http://t.co/M0KJdlwKFB #fukushima,nuclear disaster,True,16,135,17,1,7,20,False,True,True,False,0,1,3,0,2,2,14,14,13,10,10,8,2,3,6,6,8,10,0.9,0.8,1,12
7279,nuclear disaster,Singapore,30 Years After the Chernobyl Nuclear Disaster via @fubiz http://t.co/N4B59iqm94,nuclear disaster,True,10,79,7,7,5,10,False,True,False,False,2,0,2,1,1,1,9,7,7,5,4,3,3,3,5,6,7,8,0.0,0.0,1,10
7282,nuclear disaster,,"Safety by #Nuclear regulatory committee of Japan is already weakened by Authoritarian that caused Nuclear disaster
@nytimes @guardian @WDR",nuclear disaster,True,18,138,8,0,5,17,False,False,True,True,0,2,1,2,2,2,14,14,12,11,9,7,4,6,7,9,11,13,0.0,0.0,5,17
7284,nuclear disaster,,The people who tweet and care about #Japan #Fukushima nuclear disaster are not the problem those who ignore are the problem.,nuclear disaster,True,21,124,3,0,2,21,False,False,True,False,9,1,3,3,2,2,21,12,11,8,5,3,9,10,13,16,18,20,0.0,0.0,10,18
7293,nuclear disaster,VA,@Lacci Yes it's a disaster. To shut down all nuclear power plants would be to reverse ALL the gains from renewables so far.,nuclear disaster,False,23,123,6,0,2,24,False,False,False,True,4,5,3,2,2,0,18,14,9,6,4,2,9,14,17,19,21,21,0.6444444444444445,-0.02777777777777779,9,23
7298,nuclear reactor,Tokio / Tokyo,Nuclear-Deal: Indo-Japan pact lies at the heart of two US reactor-based projects: If Japan were to go ahead an... http://t.co/mvwdm9ZbcV,nuclear reactor,False,20,136,10,1,9,23,False,True,False,False,2,3,4,0,0,0,14,12,9,5,5,5,8,11,15,15,15,15,0.0,0.0,6,20
7303,nuclear reactor,,SEALED The Nuclear Regulatory Commission Reactor 1980 Record New Wave Art Rock http://t.co/FS9w33aczP http://t.co/7sywMf0EQU,nuclear reactor,False,14,124,23,9,8,15,False,True,False,True,3,3,0,2,2,0,14,11,8,8,6,4,3,6,6,8,10,10,0.45454545454545453,0.13636363636363635,0,14
7304,nuclear reactor,,"Nuclear-Deal: Indo-Japan pact lies at the heart of two US reactor-based projects - The Indian Express 

Read more... http://t.co/FMxmNNRDFe",nuclear reactor,False,19,139,17,0,11,22,False,True,False,False,3,2,1,2,2,1,15,12,10,9,7,5,7,9,10,12,14,15,0.5,0.5,4,19
7305,nuclear reactor,"Haifa, Israel",US Navy Sidelines 3 Newest Subs http://t.co/qmAFzALxpL,nuclear reactor,False,7,54,11,1,4,7,False,True,False,False,0,2,0,1,0,0,5,5,3,3,2,2,2,4,4,5,5,5,0.0,0.0,0,7
7308,nuclear reactor,Finland,@MaximEristavi Meanwhile in Finland: Nuclear project with Russian Rosatom moves on http://t.co/ogkoeFvzrj,nuclear reactor,False,12,105,8,0,6,12,False,True,False,False,0,1,1,0,4,1,10,10,9,8,8,4,2,3,4,4,8,9,0.0,0.0,3,12
7313,nuclear reactor,,Finnish ministers: Fennovoima nuclear reactor will go ahead http://t.co/rcLgI3tWAi,nuclear reactor,True,9,82,6,1,5,9,False,True,False,False,0,1,1,0,3,0,8,8,7,6,6,3,1,2,3,3,6,6,0.0,0.0,1,9
7314,nuclear reactor,,#NuclearPower Global Nuclear Reactor Construction Market grew 4.5% between 2013 and 2014: Û_ Nuclear Reactor Co...  http://t.co/BXPjjeQDrG,nuclear reactor,True,18,139,16,10,10,22,False,True,True,True,2,3,2,2,5,0,17,15,12,10,8,3,3,6,8,10,15,15,0.0,0.0,2,16
7321,nuclear reactor,,ThorCon: A Thorium Molten Salt Reactor System that can be built Now https://t.co/K90M1qoE9q #thorium #Auspol #climate #nuclearrcSA #nuclear,nuclear reactor,False,18,139,15,4,10,18,False,True,True,False,2,2,1,2,3,4,16,14,12,11,9,6,4,6,7,9,12,16,0.0,0.0,3,18
7322,nuclear reactor,Washington DC region,Steam pipe problems sideline US #Navy's 3 newest #submarines. #breaking news. My story at http://t.co/L8QFRdwBPg http://t.co/JrzjtqjSi7,nuclear reactor,False,16,135,13,3,12,19,False,True,True,False,0,1,3,1,1,2,12,12,11,8,7,6,4,5,8,9,10,12,0.0,0.0,1,16
7327,nuclear reactor,,Navy sidelines three newest submarines pending steam plant inspections @defense_news writes: http://t.co/zTm4KPkLUn,nuclear reactor,False,12,115,6,1,7,12,False,True,False,False,0,1,3,1,2,0,12,12,11,8,7,5,0,1,4,5,7,7,0.0,0.0,0,12
7333,nuclear reactor,,they're gonna fucking steal a nuclear fission reactor,nuclear reactor,False,8,53,0,0,1,7,False,False,False,False,0,0,2,0,5,0,7,7,7,5,5,0,1,1,3,3,8,8,0.8,-0.6,2,8
7336,nuclear reactor,Helsinki,Finnish Nuclear Plant to Move Ahead After Financing Secured http://t.co/S9Jhcf3lD7 @JukkaOksaharju @ollirehn @juhasipila,nuclear reactor,False,13,120,13,3,7,13,False,True,False,False,0,1,3,0,3,0,12,12,11,8,8,5,1,2,5,5,8,8,0.0,0.0,1,13
7339,nuclear reactor,Head of the Family,@AlbertBrooks Don't like the Ayatollah Khomeini Memorial Nuclear Reactor for the Annihilation of Israel? Racist!,nuclear reactor,True,15,112,11,0,2,16,True,False,False,False,3,1,1,0,4,2,14,11,10,9,9,5,4,5,6,6,10,12,0.0,0.0,4,14
7341,nuclear reactor,"Lemon Grove, CA","http://t.co/N6Semm2M6i

SAN ONOFRE NUCLEAR REACTOR WASTE TO BE BURIED UNDER SHORELINE USING 3 BILLION IN TAX PAYER DOLLARS",nuclear reactor,True,17,122,84,4,6,17,False,True,False,True,1,0,4,2,4,0,13,12,12,8,6,2,5,5,9,11,15,15,0.0,-0.2,0,17
7346,obliterate,"Orlando, FL ",@TrinityFox_ he would obliterate anyone who gets in the way of sleep,obliterate,True,12,68,2,0,2,11,False,False,False,False,3,1,2,1,0,0,9,6,5,3,2,2,6,7,9,10,10,10,0.0,0.0,5,12
7347,obliterate,USA,Watch Sarah Palin OBLITERATE Planned Parenthood For Targeting Minority Women! ÛÒ BB4SP http://t.co/JWfAAu1my5,obliterate,True,13,110,27,3,7,14,False,True,False,True,2,0,4,1,1,1,13,11,11,7,6,5,2,2,6,7,8,9,0.0,0.0,0,13
7349,obliterate,"Cape Coral, FL USA",It is insanity to call Climate Change more dangerous than Muslims wanting to obliterate America and Israel.  https://t.co/aA6S66huXh,obliterate,True,19,132,9,3,4,20,False,True,False,False,1,3,0,1,5,1,14,13,10,10,9,4,6,9,9,10,15,16,0.7,-0.04999999999999999,6,18
7351,obliterate,,@RondaRousey Though I am certain that you would obliterate me fighting you would be pretty cool,obliterate,True,16,95,4,0,1,15,False,False,False,False,2,2,2,2,1,1,12,10,8,6,4,3,6,8,10,12,13,14,0.7404761904761905,0.2714285714285714,6,14
7353,obliterate,,@BattyAfterDawn @DrawLiomDraw he's a good cute.  The kind of cute I want to obliterate.,obliterate,True,15,87,8,0,3,16,False,False,False,False,1,5,1,0,0,0,10,9,4,3,3,3,6,11,12,12,12,12,0.875,0.575,4,15
7363,obliterate,"Denver|Boulder|Ft. Collins, CO",Watch local act Nathaniel Rateliff &amp; the Night Sweats obliterate the #JimmyFallon show! Link: http://t.co/pHbt1nWNZT http://t.co/v1yH353emJ,obliterate,True,16,143,15,5,12,18,False,True,True,False,3,0,6,1,0,1,16,13,13,7,6,6,3,3,9,10,10,11,0.0,0.0,2,15
7364,obliterate,trashcan somewhere in hell,@MilesWithTate but seeing the writers obliterate their characters will piss me off. So it's bad either way,obliterate,True,17,106,4,0,2,17,False,False,False,False,4,4,1,2,1,0,15,11,7,6,4,3,6,10,11,13,14,14,0.6666666666666666,-0.6999999999999998,7,17
7368,obliterate,"North Carolina, USA",This is progress? Weaponry to obliterate every trace of natural life? This is absolute total lunacy. #Hiroshima http://t.co/tBhiSukfvn,obliterate,True,18,134,6,0,5,21,True,True,True,False,0,2,4,0,2,2,14,14,12,8,8,6,4,6,10,10,12,14,0.6833333333333332,0.10000000000000002,4,16
7370,obliterate,Seattle,@PauloSergioMDC @TheIranDeal @POTUS Those silly talks trusting a terrorist nation (who hates us) that has vowed to obliterate Israel.,obliterate,True,19,133,15,0,5,19,False,False,False,True,2,2,5,2,1,1,17,15,13,8,6,5,4,6,11,13,14,15,0.875,-0.5,5,19
7375,obliterate, ? they/them ?,mirajane as satan soul could obliterate me and step on my ashes any day,obliterate,True,14,71,0,0,0,13,False,False,False,False,3,2,3,0,0,1,10,7,5,2,2,2,7,9,12,12,12,13,0.0,0.0,6,14
7376,obliterate,Bucks,@lionofjudah1948 @AmericanJewry The Nazis pursued their ambitions to obliterate a religion in Europe #Israel is trying to do the same,obliterate,True,20,133,6,4,3,19,False,False,True,False,2,1,2,2,2,1,14,12,11,9,7,5,8,9,11,13,15,16,0.125,0.0,9,19
7379,obliterate,"Seattle, WA",@itsTiimothy bhill bruh you can obliterate beez,obliterate,True,7,47,1,0,1,6,False,False,False,False,2,2,1,0,0,0,7,5,3,2,2,2,2,4,5,5,5,5,0.0,0.0,2,7
7382,obliterate,FL,Will Trump obliterate opponents as quick as Rousey?,obliterate,True,8,51,3,0,0,8,True,False,False,False,0,1,2,0,1,0,6,6,5,3,3,2,2,3,5,5,6,6,0.5,0.3333333333333333,2,7
7384,obliterate,Rhyming,I'd love to see a nigga try and diss the King haha he would OBLITERATE THEM. With no struggle! https://t.co/cwn2gT0r5p,obliterate,True,20,118,18,3,5,22,False,True,False,True,5,5,3,0,0,0,16,11,6,3,3,3,9,14,17,17,17,17,0.44999999999999996,0.375,6,20
7385,obliterate,,Im going to obliterate my lil bro in 2k15 either with the Cavaliers or 70-71 Lakers,obliterate,True,16,83,3,7,1,15,False,False,False,False,3,2,2,2,0,0,11,8,6,4,2,2,8,10,12,14,14,14,0.0,0.0,6,16
7387,obliterate,,(rubs lamp greets genie) just need the 1 wish thanks. pls obliterate anyone who has used the hashtag #youcantsitwithus,obliterate,True,19,118,0,1,3,19,False,False,True,False,5,5,1,3,2,0,18,13,8,7,4,2,6,11,12,15,17,17,0.2,0.2,5,18
7388,obliterate,,#dating Absolute Approaching: Unique 21-day course program to obliterate approach anxiety to get more dates. http://t.co/F6ZEiykZRL,obliterate,True,16,131,9,3,7,17,False,True,True,False,1,1,0,4,3,2,14,13,12,12,8,5,3,4,4,8,11,13,0.6,0.26875,3,15
7389,obliterate,United Kingdom,@Wadeycakes @ThunderCastTV you're right Thunder would obliterate you #HEYOOO,obliterate,True,9,76,12,0,4,8,False,False,True,True,1,0,2,1,2,0,9,8,8,6,5,3,1,1,3,4,6,6,0.5357142857142857,0.2857142857142857,2,9
7394,obliterate,,@ohnoeunhae Hyukkie &amp; Chullie aim to completely obliterate the ship that was Eunhae.,obliterate,True,13,88,3,0,3,13,False,False,False,False,3,2,1,0,3,0,12,9,7,6,6,3,4,6,7,7,10,10,0.4,0.1,4,13
7396,obliterated,England,@KoscielnyFC Gabriel obliterated his fibula,obliterate,True,5,43,4,0,1,4,False,False,False,False,1,0,0,1,1,0,5,4,4,4,3,2,1,1,1,2,3,3,0.0,0.0,1,5
7398,obliterated,,@Its2015America King O has obliterated the Constitution,obliterate,True,7,55,5,4,1,6,False,False,False,False,2,1,0,0,0,0,6,4,3,3,3,3,3,4,4,4,4,4,0.0,0.0,2,7
7399,obliterated,,#interracial #sex #porn http://t.co/Kjh99CzHFe Derek Skeeter hasnÛªt obliterated a white girl on camera in about 2 years. Upon hearing thiÛ_,obliterate,True,20,142,7,3,13,21,False,True,True,False,0,3,4,3,2,1,16,16,13,9,6,4,4,7,11,14,16,17,0.0,0.0,4,20
7401,obliterated,,@AllOutAsh23_sN Heard you got obliterated and also that your brother/boyfriend ran out of the building crying last night. LOL. 'MD/VA!!!!',obliterate,True,20,138,12,2,6,25,False,False,False,True,6,5,1,2,0,1,19,13,8,7,5,5,7,12,13,15,15,16,0.45555555555555555,0.26666666666666666,7,20
7404,obliterated,"Grand Rapids, MI",Roquey and obliterated toy mollusk https://t.co/1qnRBXFr2v,obliterate,True,6,58,5,2,4,6,False,True,False,False,2,0,0,1,1,0,6,4,4,4,3,2,2,2,2,3,4,4,0.0,0.0,1,6
7406,obliterated,Nanda Parbat,Mad kids and innocent people who had nothing to do with the war got obliterated smh,obliterate,True,16,83,1,0,0,15,False,False,False,False,8,2,0,1,1,1,14,6,4,4,3,2,10,12,12,13,14,15,0.85,-0.0625,7,16
7409,obliterated,"Calgary, Alberta",@dinnerwithjulie because its been obliterated?,obliterate,True,5,46,0,0,1,5,True,False,False,False,1,1,0,0,1,0,5,4,3,3,3,2,1,2,2,2,3,3,0.0,0.0,3,5
7411,obliterated,MIA,Shout out to fishtails your .75 cent natty light cans are going to be obliterated by yours truly,obliterate,True,18,96,1,2,0,18,False,False,False,False,3,3,6,0,0,0,14,11,8,2,2,2,7,10,16,16,16,16,0.7,0.4,8,17
7417,obliterated,"London, UK",This Davies is why you don't play FM tired. Obliterated my budget http://t.co/CZ65rUoGXB,obliterate,True,13,88,11,2,5,14,False,True,False,False,2,2,1,3,0,0,10,8,6,5,2,2,5,7,8,11,11,11,0.7,-0.4,5,13
7420,obliterated,,you haven't ruined my day you've obliterated it into a million pieces and spit on it https://t.co/2B57rE5mzN,obliterate,True,17,108,3,4,6,17,False,True,False,False,3,2,0,3,2,0,12,9,7,7,4,2,8,10,10,13,15,15,0.0,0.0,10,16
7422,obliterated,USA ,the 301+ feature on YouTube has been obliterated and I love it.,obliterate,True,12,63,3,3,1,12,False,False,False,False,4,3,0,0,2,0,10,6,3,3,3,1,6,9,9,9,11,11,0.6,0.5,6,12
7423,obliterated,LastLevelPress.com,Took'em long enough. Good that they're making some amends though this has still obliterated their reputation. https://t.co/1g9s3KeASL,obliterate,True,17,133,6,3,6,19,False,True,False,False,1,5,2,3,3,0,17,16,11,9,6,3,1,6,8,11,14,14,0.5,0.21666666666666665,6,17
7427,obliterated,,@LeonC1963 @RomanGaul @Makrina91 Never realised how many conventional bombs the Yanks dropped on Japan prior 2 Nuks. They obliterated cities,obliterate,True,20,140,10,7,3,20,False,False,False,False,2,2,6,1,1,1,18,16,14,8,7,6,4,6,12,13,14,15,0.28571428571428575,0.11904761904761905,3,20
7429,obliterated,"Calgary, Alberta, Canada",Disgusting! Drunk Meals 101: What To Cook When You're Totally Obliterated - http://t.co/CYa5jBWgge,obliterate,True,13,98,14,4,7,14,False,True,False,False,0,4,2,1,1,0,11,11,7,5,4,3,2,6,8,9,10,10,0.9166666666666666,-0.5,0,13
7432,obliterated,"Metropolis, TX",mentions gotta be obliterated  https://t.co/3iDFkZfXI9,obliterate,True,6,54,5,2,4,6,False,True,False,False,0,0,1,0,0,1,4,4,4,3,3,3,2,2,3,3,3,4,0.0,0.0,1,6
7435,obliterated,uchiha,way the Endurance wouldn't get obliterated the second it exited that wormhole. It would have probably been destroyed before hell Saturn,obliterate,True,21,135,3,0,1,21,False,False,False,False,4,4,1,4,0,2,19,15,11,10,6,6,6,10,11,15,15,17,0.0,0.0,7,20
7436,obliterated,"Sydney, Australia",Remembering #Hiroshima 70 years on. Hundreds of thousands of lives obliterated 70 years of pain devastating... http://t.co/cZpJVJgXRp,obliterate,True,17,133,9,4,5,21,False,True,True,False,1,1,3,0,0,1,12,11,10,7,7,7,6,7,10,10,10,11,1.0,-1.0,4,13
7440,obliterated,"Nigeria,West African",The day Hiroshima through the eyes of the bomber crew and survivors http://t.co/AYEWJ8marn via @MailOnline,obliterate,False,15,106,9,1,5,15,False,True,False,False,6,2,0,1,1,0,14,8,6,6,5,4,7,9,9,10,11,11,0.0,0.0,5,14
7441,obliterated,The best side of middlesbrough,Drake has absolutely obliterated meek mill ????????,obliterate,True,7,51,1,0,0,14,True,False,False,False,1,2,1,0,0,1,7,6,4,3,3,3,1,3,4,4,4,5,0.9,0.2,1,7
7445,obliteration,"San Diego, CA",Why did God order obliteration of ancient Canaanites? | Bible scholars say dire warnings lie hidden in ancient text http://t.co/waC5K25gBC,obliterate,False,20,138,8,3,5,21,True,True,False,False,5,2,2,1,2,2,17,12,10,8,7,5,8,10,12,13,15,17,0.3333333333333333,-0.16666666666666666,3,19
7448,obliteration,,Why Did God Order Obliteration of Ancient Canaanites? -Bible Scholars Say Dire Warnings for America LieÛ_ http://t.co/3eSqlK8xy1 #NEWS,obliterate,False,18,135,20,3,9,19,True,True,True,True,5,1,2,2,2,2,17,12,11,9,7,5,6,7,9,11,13,15,0.0,0.0,2,18
7449,obliteration,,'I must not fear. Fear is the mind-killer. Fear is the little-death that brings total obliteration... http://t.co/oERI3uWnRY,obliterate,False,17,124,9,1,7,22,False,True,False,False,3,4,2,1,0,0,14,11,7,5,4,4,6,10,12,13,13,13,0.75,0.0,6,14
7450,obliteration,Canada ,Need a conquest server on CTE they're all Russian Squad Obliteration servers at the moment. Lame. But only 105 ping on Russian server. ??,obliterate,False,24,137,10,3,1,28,True,False,False,True,5,3,2,1,6,1,19,14,11,9,8,2,10,13,15,16,22,23,0.4375,-0.125,8,22
7454,obliteration,,The schematization to Maintain Facts Dependable By virtue of Obliteration...XMwTE,obliterate,False,10,81,10,0,0,12,False,False,False,False,1,0,1,1,0,1,7,6,6,5,4,4,4,4,5,6,6,7,0.0,0.0,2,10
7455,obliteration,"California, United States",#InsaneLimits #plugin enabled  @'[XL] #1 Obliteration - xl-games.ru' using 8 limits,obliterate,False,12,83,5,2,10,12,False,False,True,True,0,0,1,2,2,0,8,8,8,7,5,3,4,4,5,7,9,9,0.0,0.0,0,12
7460,obliteration,,Does Renovation Mean Obliteration? http://t.co/nntkiy7AXV #entrepreneur #management #leadership #smallbiz #startup #business,obliterate,False,11,124,7,1,10,12,True,True,True,False,0,2,0,0,0,1,11,11,9,9,9,9,0,2,2,2,2,3,0.6875,-0.3125,0,11
7462,obliteration,Harlem New York,'I must not fear/Fear is the mindkiller/Fear is the little-death that brings total obliteration/I will face my fear' #Dune #BlacklivesMatter,obliterate,False,20,140,7,0,8,19,False,False,True,False,3,4,3,1,0,0,16,13,9,6,5,5,7,11,14,15,15,15,0.75,0.0,8,18
7464,obliteration,"Port Townsend, WA",@bradohearne Admin is the little death that brings total obliteration.,obliterate,False,10,70,1,0,1,10,False,False,False,False,1,1,3,2,0,0,9,8,7,4,2,2,2,3,6,8,8,8,0.625,-0.09375,3,10
7466,obliteration,,Why did God order obliteration of ancient Canaanites? - http://t.co/yFN5yWkeye http://t.co/ozX5PmnQ6K,obliterate,False,11,101,10,3,9,13,True,True,False,False,3,0,1,0,1,0,9,6,6,5,5,4,5,5,6,6,7,7,0.0,0.0,2,11
7468,obliteration,West,"@bcwilliams92 We do need to overturn SCOTUS ruling that Congress can't mess with
POTUS. Obliteration of Constitution Will Continue.",obliterate,False,18,131,17,2,3,19,False,False,False,True,0,4,1,2,0,2,14,14,10,9,7,7,4,8,9,11,11,13,0.175,-0.175,5,18
7469,obliteration,Wisconsin,"????
Why did God order obliteration of ancient Canaanites? http://t.co/piUO0azRoQ",obliterate,False,9,81,7,1,5,14,True,True,False,False,2,0,1,0,1,1,8,6,6,5,5,4,3,3,4,4,5,6,0.0,0.0,2,9
7471,obliteration,U.S.A. ,[Chaos dancing in the streets | Why did God order obliteration of ancient Canaanites?] http://t.co/P7DLX1wFmC via @Michael_0000,obliterate,False,17,127,11,6,9,18,True,True,False,False,5,0,1,1,3,0,14,9,9,8,7,4,8,8,9,10,13,13,0.0,0.0,4,17
7472,obliteration,New Delhi,"Short story about indifference oppression hatred anger hope inspiration revolution retaliation and obliteration.  

'Fuck Them'",obliterate,False,16,127,3,0,4,16,False,False,False,False,1,1,5,1,1,0,15,14,13,8,7,6,2,3,8,9,10,10,0.3666666666666667,-0.3666666666666667,2,16
7483,obliteration,KNOXVILLE TN USA,Why did God order obliteration of ancient Canaanites? http://t.co/8GqceARCaI via @worldnetdaily,obliterate,False,11,95,8,1,5,12,True,True,False,False,4,0,1,0,1,0,10,6,6,5,5,4,5,5,6,6,7,7,0.0,0.0,2,11
7484,obliteration,United States,Why did God order obliteration of ancient Canaanites? http://t.co/3JdlEhxZ2V via @worldnetdaily,obliterate,False,11,95,7,2,5,12,True,True,False,False,4,0,1,0,1,0,10,6,6,5,5,4,5,5,6,6,7,7,0.0,0.0,2,11
7485,obliteration,Virginia (USA),@KDonhoops Sure! Meek Mill accused Drake of not writing his own raps. Drake responds w/ obliteration of Meek's career. #OldFolkExplainStuff,obliterate,False,20,139,12,0,4,22,False,False,True,False,3,2,4,1,3,1,17,14,12,8,7,4,6,8,12,13,16,17,0.9444444444444444,0.6125,5,18
7486,obliteration,The World,"AMAZING ANCIENT TEXT RENDERINGS!
-------
Carl Gallups Dr. Michael Brown and Mark Biltz weigh in on this... http://t.co/sifF4ITJZ0",obliterate,False,16,129,40,2,13,21,False,True,False,True,2,2,3,0,5,0,14,12,10,7,7,2,4,6,9,9,14,14,0.9,0.7500000000000001,4,16
7487,obliteration,,@Jethro_Harrup How many Hangarback Walkers does your opponent need to have before you board in Infinite Obliteration?,obliterate,False,17,117,7,0,2,17,True,False,False,False,2,5,1,1,1,2,15,13,8,7,6,5,4,9,10,11,12,14,0.5,0.5,7,17
7489,obliteration,,Here we are 70 years after the nuclear obliteration of Hiroshima and Nagasaki and IÛªm wondering iÛ_ http://t.co/fvkekft4Rs,obliterate,False,18,125,5,3,10,18,False,True,False,False,4,2,3,0,1,1,15,11,9,6,6,5,7,9,12,12,13,14,0.0,0.0,7,17
7492,obliteration,Utopia ,This beautifully rapturous facade that we've poured life into has itself given birth to a deplorable fate our total obliteration.,obliterate,False,20,129,1,0,1,20,False,False,False,False,2,5,4,3,0,0,18,16,11,7,4,4,4,9,13,16,16,16,0.8833333333333333,0.08333333333333333,8,20
7495,oil spill,,Refugio oil spill may have been costlier bigger than projected: A Plains All American PipelineÛ_ http://t.co/sryaFqj9gZ #globetrottingwino,oil spill,True,17,139,8,1,9,17,False,True,True,False,3,3,1,2,1,2,16,13,10,9,7,6,4,7,8,10,11,13,0.25,0.0,3,17
7499,oil spill,,Refugio oil spill may have been costlier bigger than projected - http://t.co/6aUOT9vaIS  http://t.co/j2SyewbHE2,oil spill,True,14,111,9,4,9,15,False,True,False,False,2,3,1,1,1,1,12,10,7,6,5,4,4,7,8,9,10,11,0.5,0.0,3,14
7500,oil spill,"Los Angeles, CA",#breaking #LA Refugio oil spill may have been costlier bigger than projected http://t.co/5ueCmcv2Pk,oil spill,True,13,99,5,2,6,13,False,True,True,True,3,3,1,1,1,1,13,10,7,6,5,4,3,6,7,8,9,10,0.5,0.0,3,13
7506,oil spill,,National Briefing | West: California: Spring Oil Spill Estimate Grows: Documents released on Wednesday disclos... http://t.co/PsYWDxCCmj,oil spill,True,16,136,17,0,8,19,False,True,False,False,1,0,2,2,0,4,14,13,13,11,9,9,3,3,5,7,7,11,0.0,0.0,1,16
7508,oil spill,,Got the gas and the splash like an oil spill.,oil spill,True,10,45,1,0,0,10,False,False,False,False,6,1,0,2,0,0,9,3,2,2,0,0,7,8,8,10,10,10,0.0,0.0,4,9
7509,oil spill,,PODCAST: Oil spill anniversary http://t.co/wVdAVXTDaq,oil spill,True,5,53,14,0,5,5,False,True,False,True,1,0,1,0,0,1,5,4,4,3,3,3,1,1,2,2,2,3,0.0,0.0,0,5
7511,oil spill,Houston,'California: Spring Oil Spill Estimate Grows ' by THE ASSOCIATED PRESS via NYT http://t.co/gPKkHhBRIy,oil spill,True,14,101,33,0,7,14,False,True,False,True,4,0,3,1,0,1,12,8,8,5,4,4,6,6,9,10,10,11,0.0,0.0,1,14
7516,oil spill,Somewhere Out There,Refugio oil spill may have been costlier bigger than projected: A Plains All American Pipeline oil spill... http://t.co/lCQFI3LMAf #MLB,oil spill,True,19,135,16,1,6,22,False,True,True,True,4,4,1,2,1,4,18,14,10,9,7,6,5,9,10,12,13,17,0.25,0.0,3,18
7524,oil spill,"Arlington
",When the Government couldn't figure out how to plug the Gulf oil spill so Chuck Norris plugged it...with his fist.,oil spill,True,20,114,5,0,1,23,False,False,False,False,6,3,3,2,1,1,18,12,9,6,4,3,8,11,14,16,17,18,0.0,0.0,9,19
7538,oil spill,Australia,"NSW - BANKSTOWN Stacey St at Wattle St
HAZARD Oil spill
Started today 11:38am last checked today 11:54am
Impact:... http://t.co/5ze5Z6BjLi",oil spill,True,17,138,28,11,11,20,False,True,False,True,2,1,2,2,2,0,14,12,11,9,7,5,5,6,8,10,12,12,0.06666666666666667,0.0,1,16
7539,oil spill,Los Angeles,Refugio oil spill may have been costlier bigger than projected http://t.co/d7FdCLU404,oil spill,True,11,85,5,4,4,11,False,True,False,False,2,3,1,1,1,1,11,9,6,5,4,3,2,5,6,7,8,9,0.5,0.0,3,11
7541,oil spill,Dallas,'California: Spring Oil Spill Estimate Grows ' by THE ASSOCIATED PRESS via NYT http://t.co/kUiecEtK2z,oil spill,True,14,101,30,1,7,14,False,True,False,True,4,0,3,1,0,1,12,8,8,5,4,4,6,6,9,10,10,11,0.0,0.0,1,14
7546,outbreak,,Families to sue over Legionnaires - More than 40 families affected by the fatal outbreak of Legionnaires' disease ... http://t.co/urbl692Syj,outbreak,True,20,140,5,5,6,23,False,True,False,False,3,3,1,0,1,4,15,12,9,8,8,7,8,11,12,12,13,17,0.5,0.5,6,20
7549,outbreak,Nigeria,Families to sue over Legionnaires: More than 40 families affected by the fatal outbreak of Legionnaires' disea... http://t.co/yfsD4xS7lc,outbreak,True,18,136,6,4,6,21,False,True,False,False,2,3,1,0,0,5,14,12,9,8,8,8,6,9,10,10,10,15,0.5,0.5,6,18
7562,outbreak,,Families to sue over Legionnaires: More than 40 families affected by the fatal outbreak of Legionnaires' disea... http://t.co/z16jNX3LQe,outbreak,True,18,136,8,5,6,21,False,True,False,False,2,3,1,0,0,5,14,12,9,8,8,8,6,9,10,10,10,15,0.5,0.5,6,18
7564,outbreak,"Dunwoody, GA",Legionnaires' Disease: What's Being Done to Stop Deadly Outbreak http://t.co/Ud96b7ThsV,outbreak,True,10,87,11,3,7,10,False,True,False,False,0,2,1,2,0,2,9,9,7,6,4,4,1,3,4,6,6,8,0.4,-0.2,1,10
7567,outbreak,"FCT, Abuja ",Mumps outbreak at University of Illinois grows http://t.co/7xYkuJylX0 #SEBEE,outbreak,True,9,76,11,2,5,9,False,True,True,True,0,0,2,1,0,2,7,7,7,5,4,4,2,2,4,5,5,7,0.0,0.0,2,9
7572,outbreak,,Families to sue over Legionnaires: More than 40 families affected by the fatal outbreak of Legionnaires' disea... http://t.co/A6xRnI8XHg,outbreak,True,18,136,9,4,6,21,False,True,False,False,2,3,1,0,0,5,14,12,9,8,8,8,6,9,10,10,10,15,0.5,0.5,6,18
7574,outbreak,"Nashville, Tennessee",Families to sue over Legionnaires: More than 40 families affected by the fatal outbreak of Legionnaires' disea... http://t.co/RJEN6iMWPI,outbreak,True,18,136,12,3,6,21,False,True,False,False,2,3,1,0,0,5,14,12,9,8,8,8,6,9,10,10,10,15,0.5,0.5,6,18
7575,outbreak,Dubai,Families to sue over Legionnaires: More than 40 families affected by the fatal outbreak of Legionnaires' disea... http://t.co/boZfh1M3wb,outbreak,True,18,136,6,4,6,21,False,True,False,False,2,3,1,0,0,5,14,12,9,8,8,8,6,9,10,10,10,15,0.5,0.5,6,18
7586,outbreak,,Families to sue over Legionnaires: More than 40 families affected by the fatal outbreak of Legionnaires' disea... http://t.co/6oPYSf87K2,outbreak,True,18,136,8,6,6,21,False,True,False,False,2,3,1,0,0,5,14,12,9,8,8,8,6,9,10,10,10,15,0.5,0.5,6,18
7592,outbreak,,More than 40 families affected by the fatal outbreak of Legionnaires' disease in Edinburgh areÛ_ http://t.co/XpvKqME5Ls,outbreak,True,16,120,8,3,8,16,False,True,False,False,1,2,1,1,1,3,12,11,9,8,7,6,5,7,8,9,10,13,0.5,0.5,5,16
7596,pandemonium,"Lagos,nigeria",Pandemonium In Aba As Woman Delivers Baby Without Face (Photos) http://t.co/s9fJTsGbmd,pandemonium,True,11,86,13,1,6,11,False,True,False,False,1,2,1,0,1,2,9,8,6,5,5,4,3,5,6,6,7,9,0.0,0.0,0,11
7597,pandemonium,LND Greatest City In the World,What scenes at Trent Bridge England could win the #Ashes today at this rate! #Pandemonium,pandemonium,True,15,89,6,0,2,15,False,False,True,False,2,2,4,3,1,0,13,11,9,5,2,1,4,6,10,13,14,14,0.4,1.0,4,14
7599,pandemonium,London,@misslyndaleigh The Original Lust  Angel her self Miss Leigh swooping down to cause mayhem &amp; pandemonium x http://t.co/BAnve2Xw4n,pandemonium,True,19,133,9,2,7,19,False,True,False,False,2,4,4,1,0,2,16,14,10,6,5,5,5,9,13,14,14,16,0.5194444444444445,0.10972222222222221,3,19
7606,pandemonium,"Loreto College, Mullingar",This time next week there will be absolute pandemonium in several homes around Westmeath with some carefully... http://t.co/nwfNxs4rIE,pandemonium,True,18,134,5,1,4,21,False,True,False,False,0,7,2,1,1,1,16,16,9,7,6,5,2,9,11,12,13,14,0.475,0.025,6,18
7615,pandemonium,Nigeria,Pandemonium In Aba As Woman Delivers Baby Without FaceåÊ(Photos) http://t.co/BUKDVKuRTw,pandemonium,True,10,87,18,0,8,10,False,True,False,False,1,1,1,0,1,1,8,7,6,5,5,4,3,4,5,5,6,7,0.0,0.0,0,10
7618,pandemonium,Nigeria,Welcome to http://t.co/4XsCjtvmmM: Pandemonium In Aba As Woman Delivers Baby  Without... http://t.co/2tTsTvbgIx,pandemonium,True,13,111,15,2,9,17,False,True,False,False,1,1,1,0,1,1,9,8,7,6,6,5,5,6,7,7,8,9,0.9,0.8,1,13
7620,pandemonium,"Toronto, Canada",On the Christie Hillside: Game 4 - Pandemonium at the Pits http://t.co/sRCKaWAndm @IBLMapleLeafs @IBL1919 http://t.co/dtImtSQu7z,pandemonium,True,15,128,22,6,12,16,False,True,False,True,2,2,0,0,0,2,11,9,7,7,7,7,6,8,8,8,8,10,0.4,-0.4,3,14
7624,pandemonium,lagos,: Pandemonium In Aba As Woman Delivers Baby Without Face (Photos) - http://t.co/mA7cbwuCpd',pandemonium,True,13,91,12,1,9,13,False,True,False,False,1,2,1,0,1,2,9,8,6,5,5,4,5,7,8,8,9,11,0.0,0.0,0,13
7625,pandemonium,Los Angeles,Pandemonium In Aba As Woman Delivers Baby Without Face (Photos) - http://t.co/69rJXT5Y5t,pandemonium,True,12,88,14,4,7,12,False,True,False,False,1,2,1,0,1,2,9,8,6,5,5,4,4,6,7,7,8,10,0.0,0.0,0,12
7629,pandemonium,Jabalpur,Bihar Assembly fails to transact business due to pandemonium http://t.co/stp2Rsm3Af http://t.co/Dx8zBWAr4k,pandemonium,True,11,106,8,4,8,12,False,True,False,False,1,0,2,0,0,3,9,8,8,6,6,6,3,3,5,5,5,8,0.3375,-0.3125,2,10
7632,pandemonium,,I'll be at SFA very soon....#Pandemonium http://t.co/LC1cMx1mPb,pandemonium,True,7,63,9,2,6,11,False,True,True,True,1,2,0,0,0,0,5,4,2,2,2,2,3,5,5,5,5,5,0.3,0.2,3,7
7636,pandemonium,"Durham, NC",The move Saturday --&gt; #Mirage! 400 N. West st. Raleigh NC 21+ http://t.co/bXdaTWjNHS Tickets at: http://t.co/7hAnPcr5rK,pandemonium,False,16,122,18,7,15,20,False,True,True,False,5,2,0,1,2,2,14,9,7,7,6,4,7,9,9,10,12,14,0.0,0.0,1,16
7637,pandemonium,Nigeria|| Lagos,Pandemonium In Aba As Woman Delivers Baby Without Face (Photos): According to eye witnesses in Ogbor Hill in A... http://t.co/lJYIG8RBOQ,pandemonium,True,20,136,22,1,7,23,False,True,False,True,2,4,2,0,1,1,15,13,9,7,7,6,7,11,13,13,14,15,0.0,0.0,3,19
7646,panic,sad,Panic - Sublime with Rome,panicking,False,5,25,3,0,1,4,False,False,False,False,0,2,1,0,1,0,4,4,2,1,1,0,1,3,4,4,5,5,0.0,0.0,1,5
7655,panic,St. Louie,@Kayhow21 I may have a panic attack during this coinflip,panicking,False,10,56,2,2,1,9,False,False,False,False,1,2,1,2,0,1,8,7,5,4,2,2,3,5,6,8,8,9,0.0,0.0,4,10
7658,panic,,@SixSecondCov he sounds more like panic at the disco ??,panicking,False,10,55,3,0,1,11,True,False,False,False,1,2,2,1,0,0,7,6,4,2,1,1,4,6,8,9,9,9,0.5,0.5,4,10
7660,panic,Louisiana the real La,"Tried 2 4get
Feelings of death
Invading panic spawns
Can't concentrate
No 1 relates
Stealing all the light
Spreading thin a soul in sections",panicking,False,18,140,7,3,7,17,False,False,False,False,2,2,2,0,0,1,13,11,9,7,7,7,7,9,11,11,11,12,0.775,0.0,5,18
7664,panic,"Corpus Christi, Texas","Don't blame the messenger. Food panic in Venezuela. 1 minute video.Thanks SHTFPlan!
https://t.co/QBSTQXA6QX",panicking,False,12,107,18,2,6,16,False,True,False,False,1,1,3,1,0,0,10,9,8,5,4,4,3,4,7,8,8,8,0.0,0.0,2,12
7665,panic,they/them or she/her,@puzzledtriangle please inform me of that date because that song very accurately reflects the panic of the week before,panicking,False,19,118,0,0,1,18,False,False,False,False,2,6,1,3,1,1,16,14,8,7,4,3,5,11,12,15,16,17,0.8233333333333335,0.5200000000000001,10,16
7666,panic,Narnia,I added a video to a @YouTube playlist http://t.co/hLeON4klNR Panic! At The Disco: I Write Sins Not Tragedies [OFFICIAL VIDEO],panicking,False,20,126,30,1,8,21,False,True,False,True,2,1,3,3,0,2,14,12,11,8,5,5,8,9,12,15,15,17,0.0,0.0,3,18
7667,panic,,Panic attacks are always lovely,panicking,False,5,31,1,0,0,4,False,False,False,False,1,0,1,2,1,0,5,4,4,3,1,0,1,1,2,4,5,5,0.75,0.5,1,5
7673,panic,"North Devon, UK ",Now playing : Roppongi Panic [22PM] by @candydulfer #listen at http://t.co/ozoD1fdgas - Buy it http://t.co/8IZn6fw2qe http://t.co/uhgHpUiivf,panicking,False,16,140,11,6,18,18,False,True,True,True,2,0,1,1,2,1,11,9,9,8,7,5,7,7,8,9,11,12,0.0,0.0,3,16
7676,panic,,Confession 8 I smoked a whole bowl of the holy meca and had a panic attack,panicking,False,16,74,2,1,0,15,False,False,False,False,3,3,2,2,0,0,11,8,5,3,1,1,8,11,13,15,15,15,0.4,0.2,6,15
7682,panic,,someone hold my hand and tell me ITS OKAY because I am having a panic attack for no reason,panicking,False,19,90,8,0,0,18,False,False,False,True,3,4,1,3,2,0,13,10,6,5,2,0,9,13,14,17,19,19,0.5,0.5,9,19
7684,panic,,Sending your kid to college? Don't panic! Check out coping tips from a rabbi/social worker: http://t.co/7HEaFOGkOU http://t.co/6bj2yf7pC7,panicking,False,17,137,11,5,11,20,True,True,False,False,2,3,2,2,2,1,15,13,10,8,6,4,4,7,9,11,13,14,0.0,0.0,5,17
7690,panic,Narnia,I added a video to a @YouTube playlist http://t.co/DzHDBiajS5 Panic! At The Disco: The Ballad Of Mona Lisa [OFFICIAL VIDEO],panicking,False,20,123,30,1,8,21,False,True,False,True,2,2,2,4,0,2,14,12,10,8,4,4,8,10,12,16,16,18,0.0,0.0,3,18
7697,panicking,leicester,@underrrtow molly send help im panicking over 6th form clothes what do i do,panicking,True,14,75,0,1,1,13,False,False,False,False,1,5,1,0,1,0,10,9,4,3,3,2,5,10,11,11,12,12,0.0,0.0,5,13
7700,panicking,,@bexrayandvav if it makes you feel better we have started panicking about how close freshers is and how unprepared we are :l,panicking,True,22,124,0,0,2,21,False,False,False,False,5,2,3,1,1,1,16,11,9,6,5,4,11,13,16,17,18,19,0.5,0.5,12,20
7704,panicking,,Highlight of my summer???? panicking  on Estrella TV ????,panicking,True,10,57,4,0,0,17,True,False,False,False,0,1,0,0,0,1,5,5,4,4,4,4,5,6,6,6,6,7,0.0,0.0,3,10
7705,panicking,,Need stop panicking when I'm driving and people are behind me who I know ???? always stall ??,panicking,True,18,93,3,0,1,23,True,False,False,False,4,5,1,3,1,0,15,11,6,5,2,1,7,12,13,16,17,17,0.7,-0.4,5,18
7706,panicking,"Brooklyn, NY",BizInsider: People are finally panicking about cable TV - Traditional TV is continuing to have trouble competing w... http://t.co/X0Xnpc1y3t,panicking,True,19,140,10,3,6,22,False,True,False,False,1,2,2,1,2,0,14,13,11,9,8,6,6,8,10,11,13,13,0.65,-0.06666666666666667,5,18
7708,panicking,,@snapharmony : People are finally panicking about cable TV http://t.co/boUa80Z5Wf,panicking,True,10,81,6,3,6,10,False,True,False,False,1,0,2,1,1,0,8,7,7,5,4,3,3,3,5,6,7,7,1.0,0.0,2,10
7709,panicking,Italia,#Business People are finally panicking about cable TV http://t.co/FcfSSlxMy2 http://t.co/9xFzkpdmQz,panicking,True,10,99,10,2,9,11,False,True,True,False,1,0,2,1,1,0,9,8,8,6,5,4,2,2,4,5,6,6,1.0,0.0,2,10
7710,panicking,"Philadelphia, PA",I deserve a goddamn medal for dealing with this basement flood without panicking,panicking,True,13,80,1,0,0,12,False,False,False,False,1,2,2,0,4,1,11,10,8,6,6,2,3,5,7,7,11,12,0.0,0.0,4,13
7713,panicking,omaha neblastya,I'm panicking like crazy and I need you,panicking,True,8,39,2,0,1,7,False,False,False,False,3,2,1,0,0,0,7,4,2,1,1,1,4,6,7,7,7,7,0.9,-0.6,2,8
7716,panicking,Home is wherever I am ,@ScarFacedCully Really cause you're spending more time panicking when you could be there,panicking,True,13,88,4,0,2,12,False,False,False,False,1,3,3,2,0,1,12,11,8,5,3,3,2,5,8,10,10,11,0.35,0.35,6,13
7726,panicking,9.25.14?8.5.15?10.6.15 | gen?,this is from my show last night and im still panicking over the fact i saw sweaty ashton with my own two eyes http://t.co/yyJ76WBC9y,panicking,True,24,132,4,3,4,24,False,True,False,False,5,8,2,2,0,0,19,14,6,4,2,2,10,18,20,22,22,22,0.5333333333333333,0.3,11,23
7729,panicking,,@Sawyer_DAA @GuerrillaDawg worst feel in DS when u panicking during  boss fight and you chug two estus and the boss kills you while u drink,panicking,True,26,139,8,0,3,25,False,False,False,False,6,5,6,1,0,0,21,15,10,4,3,3,11,16,22,23,23,23,1.0,-1.0,9,22
7730,panicking,,@RudyHavenstein @zerohedge isn't it just zerohedge readers who are panicking? For everyone else it's summer time trade.,panicking,True,17,119,3,0,4,18,True,False,False,False,3,4,1,2,1,1,16,13,9,8,6,5,4,8,9,11,12,13,0.0,0.0,6,17
7732,panicking,,My day isn't going the way I planned so I'm low key panicking. GIMME BACK MY AIR!!!,panicking,True,17,83,17,0,2,20,False,False,False,True,6,1,3,1,1,0,13,7,6,3,2,1,10,11,14,15,16,16,0.43333333333333335,0.0,3,17
7734,panicking,Bedford,@milefromhome ??.. Don't.. I'm panicking..,panicking,True,5,42,2,0,3,12,True,False,False,False,1,1,0,0,1,0,5,4,3,3,3,2,1,2,2,2,3,3,0.0,0.0,0,5
7740,panicking,,People are finally panicking about cable TV http://t.co/P49OCqkUTJ,panicking,True,8,66,9,2,4,8,False,True,False,False,1,0,2,1,1,0,7,6,6,4,3,2,2,2,4,5,6,6,1.0,0.0,2,8
7741,panicking,,"Sitc 

Make sure everyone can enjoy themselves without panicking and having bad anxiety due to bad organisation skills and shocking security",panicking,True,21,140,2,0,2,20,False,False,False,False,6,2,1,3,2,3,20,14,12,11,8,6,7,9,10,13,15,18,0.6828703703703702,-0.27083333333333326,6,19
7745,police,,Police arrest suspect in killing of Mexican journalist and 4 women http://t.co/uvxLZhIG4R,police,True,12,89,7,2,4,12,False,True,False,False,1,0,1,2,3,0,9,8,8,7,5,2,4,4,5,7,10,10,0.0,-0.025,3,12
7757,police,Wolverhampton ,A man tried to steal my phone I saw ye police near me and punched him and started shouting for them. I ran after him for two miles....,police,True,28,134,3,0,0,32,False,False,False,False,10,1,5,1,2,1,21,11,10,5,4,2,17,18,23,24,26,27,0.4,0.1,11,24
7762,police,"Gresham, OR",FOLLOW-UP at 4700 BLOCK OF SW 11TH ST GRESHAM OR [Gresham Police #PG15000044153] 17:00 #pdx911,police,True,15,94,34,24,6,14,False,False,True,True,0,2,2,1,2,1,10,10,8,6,5,3,5,7,9,10,12,13,0.0,0.0,1,15
7770,police,,"Stockton Shooting Kills One Officers Investigating: STOCKTON ÛÓ
Stockton police are investigating a shooting t... http://t.co/7vnrB5kurU",police,True,15,137,17,2,9,18,False,True,False,True,2,1,1,1,0,5,14,12,11,10,9,9,3,4,5,6,6,11,0.0,0.0,3,15
7776,police,,EFF and MuckRock run census to find out how local police track your biometrics http://t.co/vA9PvpS9Dj,police,True,15,101,9,2,4,15,False,True,False,True,5,2,2,2,0,1,14,9,7,5,3,3,6,8,10,12,12,13,0.0,0.0,5,15
7777,police,"Portland, Oregon",Acting Public Information Officer (PIO) Until Monday August 10 http://t.co/FEBu2dH9Hs http://t.co/DsxV9p4eBz,police,False,11,108,18,6,10,12,False,True,False,True,0,0,2,4,1,0,10,10,10,8,4,3,1,1,3,7,8,8,0.03333333333333333,0.0,0,11
7778,police,Philadelphia & Worldwide,Police: Tennessee theater shooting suspect was 29 http://t.co/CthoDZpLW3 #Philadelphia #News,police,True,10,92,9,3,7,10,False,True,True,False,1,0,1,0,3,1,9,8,8,7,7,4,2,2,3,3,6,7,0.0,0.0,1,10
7779,police,Uganda l Africa l Worldwide. ,#Np love police @PhilCollinsFeed On #LateNiteMix Uganda Broadcasting Corporation. UBC 98FM #Radio/ #Uganda / #MbbLive,police,True,15,117,20,2,8,15,False,False,True,True,2,2,0,2,2,1,13,11,9,9,7,5,4,6,6,8,10,11,0.6,0.5,0,15
7782,police,"Pennsylvania, USA",@tcbinaflash77 honestly I can't understand why @chanelwestcoast is blaming the police when she wasn't cuffed buy them. #1oak,police,True,18,124,1,3,5,18,False,False,True,False,4,1,3,3,1,1,16,12,11,8,5,4,6,7,10,13,14,15,0.9,0.6,7,18
7786,police,Nigeria,Now Trending in Nigeria: Police charge traditional ruler others with informantÛªs  murder http://t.co/DQhpm4A5qY,police,True,14,113,8,2,8,14,False,True,False,False,1,1,1,4,0,2,12,11,10,9,5,5,3,4,5,9,9,11,0.75,0.0,2,14
7791,police,"Portland, OR",ASSIST - CITIZEN OR AGENCY at NE LLOYD BLVD / NE OREGON ST [Portland Police #PP15000266835] 17:11 #pdx911,police,True,18,105,46,18,7,17,False,False,True,True,0,1,2,4,2,0,11,11,10,8,4,2,7,8,10,14,16,16,0.0,0.0,1,17
7792,police,"Colorado, The Mile High City",@longshipdriver the police here in the U.S. need to stop killing people,police,True,12,71,2,0,1,13,False,False,False,True,2,4,0,2,1,0,10,8,4,4,2,1,4,8,8,10,11,11,0.0,0.0,5,11
7794,police,,?? #Police Gents Dart #Watch Stainless Steel Bracelet and White Dial + Gift Box http://t.co/jM85C2uXQY http://t.co/SRogObPiiv,police,True,16,125,20,3,11,19,True,True,True,False,2,3,3,1,1,1,14,12,9,6,5,4,4,7,10,11,12,13,0.1,0.1,1,16
7795,quarantine,mumbai,chickmt123: #letsFootball #atk WIRED : Reddit will now quarantine offensive content http://t.co/wvn6GrIyPq (httpÛ_ http://t.co/pgIHchdURJ,quarantine,True,14,138,15,4,16,15,False,True,True,True,1,2,1,1,1,1,13,12,10,9,8,7,2,4,5,6,7,8,0.0,0.0,2,14
7796,quarantine,,#callofduty #advancedwarfare COD Advanced Warfare Reckoning DLC 4 Quarantine Gameplay http://t.co/huNMYHyAHp,quarantine,True,11,108,17,1,6,11,False,True,True,True,2,0,0,0,1,2,10,8,8,8,8,7,3,3,3,3,4,6,0.6,0.4,0,11
7798,quarantine,"Philadelphia, PA USA",Reddit Will Now Quarantine Offensive Content via #Wired http://t.co/g8EF8dU9Cy,quarantine,True,9,78,11,3,5,9,False,True,True,False,2,1,0,2,1,0,9,7,6,6,4,3,2,3,3,5,6,6,0.0,0.0,0,9
7805,quarantine,,@astolfialessio Reddit Will Now Quarantine Offensive Content http://t.co/XQkcD0qV3c,quarantine,True,8,83,10,2,5,8,False,True,False,False,1,1,0,1,1,0,8,7,6,6,5,4,1,2,2,3,4,4,0.0,0.0,0,8
7806,quarantine,,@kirillzubovsky your Tweet was quoted by @WIRED  http://t.co/E90J3vJOLc,quarantine,False,9,71,11,3,6,9,False,True,False,True,1,1,1,2,0,0,7,6,5,4,2,2,3,4,5,7,7,7,0.0,0.0,3,9
7808,quarantine,,Changelessly handle dominant quarantine folders toward yours solemnity: hjt http://t.co/ccTt1mY7FA,quarantine,True,10,98,5,2,5,10,False,True,False,False,1,0,1,2,1,1,10,9,9,8,6,5,1,1,2,4,5,6,0.15000000000000002,-0.05,1,10
7811,quarantine,Italy,New post: 'Reddit Will Now Quarantine Offensive Content' http://t.co/ZuyTIBdIRk,quarantine,True,9,79,13,0,7,9,False,True,False,False,2,1,1,0,1,1,9,7,6,5,5,4,2,3,4,4,5,6,0.45454545454545453,0.13636363636363635,0,9
7814,quarantine,San Jose,Reddit Will Now Quarantine Offensive Content &gt;&gt; http://t.co/WcIzstXk4f,quarantine,True,8,76,9,1,8,8,False,True,False,False,1,1,0,1,1,1,8,7,6,6,5,4,1,2,2,3,4,5,0.0,0.0,0,8
7819,quarantine,"New Jersey, USA",Reddit Will Now Quarantine Offensive Content http://t.co/KDc97PrQcc,quarantine,True,7,67,10,2,4,7,False,True,False,False,1,1,0,1,1,0,7,6,5,5,4,3,1,2,2,3,4,4,0.0,0.0,0,7
7820,quarantine,2014.02.14~ing,'Quarantine.' Enforced isolation to prevent contamination that could lead to disease or in some cases death.,quarantine,True,16,108,2,0,2,17,False,False,False,False,0,3,2,1,2,1,12,12,9,7,6,4,4,7,9,10,12,13,0.0,0.0,6,15
7825,quarantine,Milano,Reddit Will Now Quarantine Offensive Content: Reddit co-founder and CEO Steve Huffman has unveiled more specif... http://t.co/EkZmMxU9GN,quarantine,True,17,136,18,1,6,20,False,True,False,True,4,2,1,2,1,2,17,13,11,10,8,7,4,6,7,9,10,12,0.5,0.5,3,16
7829,quarantine,"Johnson County, Kansas",Metal detectors protect public places from guns. Why not mental illness detectors to stop crazy shooters? And quarantine weirdos w/weapons..,quarantine,True,20,140,3,0,1,23,True,False,False,False,3,2,3,3,3,0,19,16,14,11,8,5,4,6,9,12,15,15,0.3888888888888889,-0.18333333333333332,3,19
7834,quarantine,#Bitcoinland,? http://t.co/jGRA7oOISN #Reddit Will Now Quarantine Offensive Content #wired #tech http://t.co/0lTJzyrdS3 ? http://t.co/GvKDAQ4vkh,quarantine,True,13,131,21,4,15,17,True,True,True,False,1,1,1,1,2,0,11,10,9,8,7,5,3,4,5,6,8,8,0.0,0.0,0,12
7836,quarantine,"Mumbai , India",Reddit Will Now Quarantine Offensive Content: Reddit co-founder and CEO Steve Huffman has unveiled more specif... http://t.co/Epd8pLtrWP,quarantine,True,17,136,16,1,6,20,False,True,False,True,4,2,1,2,1,2,17,13,11,10,8,7,4,6,7,9,10,12,0.5,0.5,3,16
7838,quarantine,Maryland,Reddit Is Planning to 'Quarantine' Its Most Toxic Communities http://t.co/KlVxYN2EJK #mcgtech,quarantine,True,11,93,15,1,7,11,False,True,True,False,1,1,1,1,0,2,9,8,7,6,5,5,3,4,5,6,6,8,0.5,0.5,1,11
7841,quarantine,New York,Reddit updates content policy promises to quarantine Û÷extremely offensiveÛª communities http://t.co/GJKCALiUHk,quarantine,True,11,113,9,0,10,11,False,True,False,False,0,0,0,2,2,1,10,10,10,10,8,6,1,1,1,3,5,6,0.0,0.0,1,11
7845,quarantined,"ÌÏT: 41.106046,-80.657836",Ebola Outbreak: Alabama Man Tested Negative For Virus 6 Firefighters 2 Family Members Quarantined - https://t.co/lCpR20USYL,quarantine,True,16,123,18,4,6,16,False,True,False,False,2,0,2,2,2,1,13,11,11,9,7,5,5,5,7,9,11,12,0.4,-0.3,0,16
7846,quarantined,"darwins, au ",Reddit's new content policy goes into effect many horrible subreddits banned or quarantined http://t.co/aXqgUKn8Yz http://t.co/P1USSSv5Wa,quarantine,True,15,137,11,3,9,16,False,True,False,False,1,3,0,3,1,2,14,13,10,10,7,6,2,5,5,8,9,11,0.6515151515151515,-0.12121212121212122,2,15
7853,quarantined,"Springfield, MO",Reddit's new content policy goes into effect many horrible subreddits banned or quarantined http://t.co/VdvLatelsJ http://t.co/OK2SFDN1I8,quarantine,True,15,137,11,3,9,16,False,True,False,False,1,3,0,3,1,2,14,13,10,10,7,6,2,5,5,8,9,11,0.6515151515151515,-0.12121212121212122,2,15
7856,quarantined,"brisbane, australia",#hot  Reddit's new content policy goes into effect many horrible subreddits banned or quarantined http://t.co/sqHDrl7uKG #prebreak #best,quarantine,True,18,136,5,1,8,18,False,True,True,False,1,4,1,3,1,2,16,15,11,10,7,6,3,7,8,11,12,14,0.6209090909090909,0.17727272727272728,2,18
7858,quarantined,china,Top link: Reddit's new content policy goes into effect many horrible subreddits banned or quarantined http://t.co/HyCmg4ZKY1,quarantine,True,16,124,7,2,6,16,False,True,False,False,2,3,1,3,1,2,15,13,10,9,6,5,3,6,7,10,11,13,0.6136363636363636,0.03409090909090906,2,16
7859,quarantined,,Alabama Home Quarantined Over Possible EbolaåÊCase http://t.co/cGKy5rw9cw,quarantine,True,7,73,9,2,6,7,False,True,False,False,0,2,0,0,1,1,7,7,5,5,5,4,0,2,2,2,3,4,1.0,0.0,0,7
7866,quarantined,Reddit,[Serious]Now the Admins have banned certain volatile subreddits which ones are you surprised haven't been removed/quarantined yet? Û_,quarantine,True,18,134,3,0,7,18,True,False,False,True,4,4,1,2,2,1,18,14,10,9,7,5,4,8,9,11,13,14,0.7357142857142858,0.15714285714285714,7,18
7875,quarantined,Venezuela,Officials: Alabama home quarantined over possible Ebola case http://t.co/juW5wtOqB0,quarantine,True,9,83,6,2,5,9,False,True,False,False,0,3,1,0,1,1,9,9,6,5,5,4,0,3,4,4,5,6,1.0,0.0,1,9
7879,quarantined,,http://t.co/AyLATPE073 Reddit's new content policy goes into effect many horrible subreddits banned or quarantined http://t.co/lNJD4Ey40J,quarantine,True,15,137,12,6,9,16,False,True,False,False,1,3,0,3,1,2,14,13,10,10,7,6,2,5,5,8,9,11,0.6515151515151515,-0.12121212121212122,2,15
7884,quarantined,someplace safe,@famoushorse they haven't applied bans consistently. The Jew hating sub is only 'quarantined',quarantine,True,13,93,2,0,4,13,False,False,False,False,3,3,0,1,2,0,12,9,6,6,5,3,4,7,7,8,10,10,0.625,0.125,4,13
7886,quarantined,"Bronx, New York",Alabama home quarantined over possible EbolaåÊcase https://t.co/jr4k7IiSbu,quarantine,True,7,74,4,2,6,7,False,True,False,False,0,2,0,0,1,1,7,7,5,5,5,4,0,2,2,2,3,4,1.0,0.0,1,7
7890,quarantined,"Chattanooga, TN",@freeagent1717 @ChaseIngram @amandagiroux28 lol I saw something like that last cops was quarantined taking him out the house etc,quarantine,True,19,128,3,6,3,18,False,False,False,False,7,4,1,1,0,0,18,11,7,6,5,5,8,12,13,14,14,14,0.3833333333333333,0.4,5,19
7892,quarantined,,Top link: Reddit's new content policy goes into effect many horrible subreddits banned or quarantined http://t.co/FEpjk1wEjD,quarantine,True,16,124,6,1,6,16,False,True,False,False,2,3,1,3,1,2,15,13,10,9,6,5,3,6,7,10,11,13,0.6136363636363636,0.03409090909090906,2,16
7896,radiation emergency,"Pretoria, South Africa",You knew that Israel is a world leader in lifesaving emergency services. And now looking far beyond Haiti and... http://t.co/49N6YzAjvd,radiation emergency,False,20,135,7,3,4,24,False,True,False,False,4,2,2,4,1,0,17,13,11,9,5,4,7,9,11,15,16,16,1.0,0.1,6,20
7899,radiation emergency,?x??p = ?/2,Japan NRA proposes raising maximum radiation dose to 250 mSv for nuclear plant workers in emergency situations. http://t.co/Iqb8YH6hHT,radiation emergency,False,18,134,10,5,4,19,False,True,False,True,4,1,2,0,4,1,16,12,11,9,9,5,6,7,9,9,13,14,0.0,0.0,3,18
7900,radiation emergency,"Kuala Lumpur, Malaysia",Jerry Brown declares state of emergency over wildfires drought street gangs radiation dead fish LGBT mania air pollution unemployment,radiation emergency,False,19,133,6,0,0,18,False,False,False,True,1,4,5,1,1,1,18,17,13,8,7,6,2,6,11,12,13,14,0.4,-0.2,2,19
7901,radiation emergency,Morganton GA,On 7/30/2015 Radiation council of Japanese government admitted the reform bill to raise the dose limit from 100... http://t.co/6bTeSV9CdM,radiation emergency,False,19,137,8,12,6,22,False,True,False,False,2,3,2,2,1,2,16,14,11,9,7,6,5,8,10,12,13,15,0.0,0.0,5,18
7904,radiation emergency,"Salem, OR",SB228 [Passed] Relating to sources of radiation; and declaring an emergency. http://t.co/D1xlFKNJsM,radiation emergency,False,12,99,10,4,7,13,False,True,False,True,1,0,1,0,1,2,9,8,8,7,7,6,4,4,5,5,6,8,0.0,0.0,4,12
7911,rainstorm,nipple squad makes me happy,DOES ANYONE REMEMBER WHEN 5SOS CAME W 1D ON THE TMH TOUR WE HAD A GIANT RAINSTORM AND LAST NIGHT WE HAD ONE ALSO. @5SOS STOP BRINING RAIN,rainstorm,True,28,137,105,3,1,28,False,False,False,True,6,8,4,1,1,1,22,16,8,4,3,2,12,20,24,25,26,27,0.5333333333333333,0.0,0,26
7917,rainstorm,,Another fun night. My daughter gets a flat tire on her car. Calls and doesn't know how to change it. Worst rainstorm all year. Now she knows,rainstorm,True,27,140,5,0,1,30,False,False,False,False,8,5,4,2,2,1,23,15,10,6,4,2,12,17,21,23,25,26,0.44166666666666665,-0.2416666666666667,10,27
7919,rainstorm,"Secane, PA",Approaching rainstorm http://t.co/3YREo3SpNU,rainstorm,True,3,44,7,2,4,3,False,True,False,False,0,0,0,0,0,0,3,3,3,3,3,3,0,0,0,0,0,0,0.0,0.0,0,3
7920,rainstorm,,Severe rainstorm in Italian Alps causes landslide killing three near ski resort http://t.co/DzKOKka1Eh,rainstorm,True,13,102,8,1,4,13,False,True,False,False,1,2,1,3,2,0,12,11,9,8,5,3,2,4,5,8,10,10,0.2,0.05,1,13
7921,rainstorm,Keffi,Landslide in Italian Alps kills three: ROME (Reuters) - Three people were killed when a severe rainstorm in th... http://t.co/2pZ9t2FnSz,rainstorm,True,20,136,12,3,8,23,False,True,False,True,0,4,3,4,1,0,16,16,12,9,5,4,4,8,11,15,16,16,0.0,-0.1,5,19
7922,rainstorm,,@Robot_Rainstorm I'm interested.  Is it through Yahoo?,rainstorm,True,8,54,5,0,3,9,True,False,False,False,1,0,0,1,1,0,5,4,4,4,3,2,4,4,4,5,6,6,0.5,0.25,2,8
7925,rainstorm,,Landslide in Italian Alps kills three - ROME (Reuters) - Three people were killed when a severe rainstorm in the I... http://t.co/i1i1Qp5VrO,rainstorm,True,22,140,13,3,8,25,False,True,False,True,1,5,3,3,1,0,17,16,11,8,5,4,6,11,14,17,18,18,0.0,-0.1,6,20
7927,rainstorm,,Photo: Rainstorm On The Way To Brooks NearåÊDinosaur Provincial Park Alberta July 11 2015. http://t.co/Mp9EccqvLt,rainstorm,True,15,113,16,7,7,16,False,True,False,False,2,2,1,2,1,0,12,10,8,7,5,4,5,7,8,10,11,11,0.0,0.0,0,15
7928,rainstorm,"Kent, United Kingdom",Landslide in Italian Alps kills three: ROME (Reuters) - Three people were killed when a severe rainstorm in th... http://t.co/GX1UXeY57B,rainstorm,True,20,136,15,3,8,23,False,True,False,True,0,4,3,4,1,0,16,16,12,9,5,4,4,8,11,15,16,16,0.0,-0.1,5,19
7931,rainstorm,"Memphis, TN",driving home after a fairly large rainstorm makes me wonder how some of y'all manage to drive when it's dry out,rainstorm,True,21,111,0,0,2,20,False,False,False,False,3,4,5,3,1,0,17,14,10,5,2,1,7,11,16,19,20,20,0.5142857142857142,0.07380952380952381,10,21
7942,rainstorm,WorldWide,'I shut my eyes and the music broke over me like a rainstorm.' - Sylvia Plath (via petrichour) http://t.co/ULS9OEkX8M,rainstorm,True,19,117,10,2,9,20,False,True,False,False,2,5,3,1,0,0,14,12,7,4,3,3,7,12,15,16,16,16,0.0,0.0,6,19
7946,rainstorm,"Phoenix, AZ",Landslide in Italian Alps kills three: ROME (Reuters) - Three people were killed when a severe rainstorm in th... http://t.co/mBPWr0fUvJ,rainstorm,True,20,136,14,1,8,23,False,True,False,True,0,4,3,4,1,0,16,16,12,9,5,4,4,8,11,15,16,16,0.0,-0.1,5,19
7947,rainstorm,"Calgary, Alberta",@WerdEmUp It's already been messed up thanks to an earlier rainstorm. Needs to go in for maintenance anyway.,rainstorm,True,18,108,5,0,2,19,False,False,False,False,1,2,1,2,3,0,12,11,9,8,6,3,7,9,10,12,15,15,0.35,0.1,7,17
7948,rainstorm,"Banner Elk, NC",Welcome to Avery County! Just your everyday rainstorm. https://t.co/0Lw6GyeAgB,rainstorm,True,9,78,8,2,4,11,False,True,False,False,0,2,1,0,2,1,8,8,6,5,5,3,1,3,4,4,6,7,0.75,0.4,2,9
7951,rainstorm,,rainstorm??,rainstorm,True,1,11,0,0,0,2,True,False,False,False,0,0,0,0,0,0,1,1,1,1,1,1,0,0,0,0,0,0,0.0,0.0,0,1
7956,rainstorm,South East Florida,@SavanahResnik @CBS12 I would hide out at the Coldstone at monterrey and us 1. Great place to wait out a rainstorm.,rainstorm,True,21,115,8,3,2,22,False,False,False,True,4,2,3,1,0,0,14,10,8,5,4,4,11,13,16,17,17,17,0.75,0.8,8,19
7961,razed,Harare,#CecilTheLion The Latest: More Homes Razed by Northern California Wildfire - New York Times: ... http://t.co/Vi05Yq85Ly #Harare #263chat,razed,True,18,136,18,7,10,21,False,True,True,False,3,2,2,1,2,3,16,13,11,9,8,6,5,7,9,10,12,15,0.6181818181818182,0.37878787878787873,1,18
7964,razed,Kaneville,'The Latest: More Homes Razed by Northern California Wildfire' by THE ASSOCIATED PRESS via NYT http://t.co/rDF0ZuW7lZ,razed,True,16,117,34,2,7,16,False,True,False,True,3,2,3,0,1,1,14,11,9,6,6,5,5,7,10,10,11,12,0.7,0.5,2,15
7966,razed,,#?? #?? #??? #??? The Latest: More Homes Razed by Northern California Wildfire - New York Times  http://t.co/IPnHSIyorc-,razed,True,19,120,16,0,11,29,True,True,True,False,4,4,3,0,1,2,16,12,8,5,5,4,7,11,14,14,15,17,0.6181818181818182,0.37878787878787873,1,17
7967,razed,San Francisco,? Razed In Black - Whipped ? http://t.co/oAE9LgtCtI #nowplaying,razed,True,9,63,9,1,6,11,True,True,True,False,0,0,2,0,1,0,5,5,5,3,3,2,4,4,6,6,7,7,0.43333333333333335,-0.16666666666666666,0,8
7974,razed,Abuja,The Latest: More Homes Razed by Northern California Wildfire - ABC News http://t.co/55IdFT20A2 http://t.co/2VSX1yO5hT,razed,True,14,117,21,8,10,15,False,True,False,True,2,2,2,0,1,2,12,10,8,6,6,5,4,6,8,8,9,11,0.7,0.5,1,14
7975,razed,Try looking at the map?,@RazeD_ yea in this photo,razed,True,5,25,2,0,2,4,False,False,False,False,1,1,1,0,1,0,4,3,2,1,1,0,2,3,4,4,5,5,0.0,0.0,2,5
7979,razed,,The Latest: More Homes Razed by Northern California Wildfire - ABC News http://t.co/ATokCD74bA,razed,True,13,94,17,2,6,13,False,True,False,True,2,2,2,0,1,2,11,9,7,5,5,4,4,6,8,8,9,11,0.7,0.5,1,13
7985,razed,California,ABC News The Latest: More Homes Razed by Northern California Wildfire ABC News The latest onÛ_ http://t.co/RruNs5rDz5,razed,True,17,118,20,2,8,17,False,True,False,True,4,3,3,1,1,2,16,12,9,6,5,4,5,8,11,12,13,15,0.7666666666666666,0.5,1,14
7986,razed,Digitosphere,World News&gt;&gt; 'The Latest: More homes razed by Northern California wildfire - http://t.co/M6OK4EH3ob' http://t.co/VGa0OhB6XF,razed,True,14,129,18,5,16,15,False,True,False,False,0,2,3,0,1,2,12,12,10,7,7,6,2,4,7,7,8,10,0.7,0.5,1,14
7993,razed,University of Alabama,From the Archive: National Poetry Month: Anterior of a Razed Room http://t.co/7ARN4OBiyC,razed,True,12,88,14,2,6,12,False,True,False,False,1,2,1,2,0,3,10,9,7,6,4,4,3,5,6,8,8,11,0.0,0.0,3,12
7995,razed,,The Latest: More homes razed by Northern California wildfire - SFGate http://t.co/65hunplHYB,razed,True,12,92,11,2,6,12,False,True,False,False,1,1,2,1,1,2,10,9,8,6,5,4,3,4,6,7,8,10,0.7,0.5,1,12
7997,razed,"New York, USA",Guess who's got a hilarious new piece on @RazedOnIt? @honeystaysuper! 51 Things You Should Never Say to a Mother Ever http://t.co/ikRHIb9x0a,razed,True,21,140,14,4,7,23,True,True,False,False,4,1,4,3,0,0,16,12,11,7,4,4,9,10,14,17,17,17,0.7272727272727273,0.3352272727272727,5,20
7998,razed,,The Latest: More Homes Razed by Northern California Wildfire - ABC News http://t.co/ORdoKfUIBm,razed,True,13,94,18,0,6,13,False,True,False,True,2,2,2,0,1,2,11,9,7,5,5,4,4,6,8,8,9,11,0.7,0.5,1,13
8004,razed,,The Latest: More Homes Razed by Northern California Wildfire - ABC News http://t.co/lj4J54vxq3,razed,True,13,94,13,4,6,13,False,True,False,True,2,2,2,0,1,2,11,9,7,5,5,4,4,6,8,8,9,11,0.7,0.5,1,13
8007,razed,,The Latest: More Homes Razed by Northern California Wildfire - ABC News http://t.co/VP6wbXMZmj,razed,True,13,94,17,1,6,13,False,True,False,True,2,2,2,0,1,2,11,9,7,5,5,4,4,6,8,8,9,11,0.7,0.5,1,13
8011,refugees,Kansas  KS,'imagine an entire aisle dedicated to making people look like serbian refugees.' - director of whole foods clothing section,refugees,True,19,123,0,0,3,19,False,False,False,False,0,2,3,3,2,3,15,15,13,10,7,5,4,6,9,12,14,17,0.5125,0.1,3,19
8014,refugees,Nigeria,12000 Nigerian refugees repatriated from Cameroon http://t.co/LeLYa0vDOg read /////,refugees,True,9,83,7,6,9,9,False,True,False,False,0,2,2,0,0,3,9,9,7,5,5,5,0,2,4,4,4,7,0.0,0.0,1,9
8022,refugees,Toulouse Haute-Garonne France,Top story: @ViralSpell: 'Couple spend wedding day feeding 4000 Syrian refugeesÛ_ http://t.co/QAYayzh0fL see more http://t.co/oTqbHd2akn,refugees,True,15,136,11,6,15,16,False,True,False,False,3,2,1,2,3,0,15,12,10,9,7,4,3,5,6,8,11,11,0.5,0.5,1,15
8027,refugees,,Wow! Some powerful thoughts on the language we use to talk about groups of people on the move:  https://t.co/KRbpf4Tp4I,refugees,False,20,119,6,2,5,21,False,True,False,False,3,3,2,2,0,3,14,11,8,6,4,4,9,12,14,16,16,19,1.0,0.2125,8,18
8033,refugees,,wowo--=== 12000 Nigerian refugees repatriated from Cameroon,refugees,True,7,59,2,5,5,6,False,False,False,False,0,1,1,0,0,3,7,7,6,5,5,5,0,1,2,2,2,5,0.0,0.0,1,7
8041,refugees,Hannover,Top story: @ViralSpell: 'Couple spend wedding day feeding 4000 Syrian refugeesÛ_ http://t.co/5lMo710D5f see more http://t.co/G9LREAlToJ,refugees,True,15,136,14,10,15,16,False,True,False,False,3,2,1,2,3,0,15,12,10,9,7,4,3,5,6,8,11,11,0.5,0.5,1,15
8042,refugees,,./.....hmm 12000 Nigerian refugees repatriated from Cameroon http://t.co/FVTj8qwJZW /(,refugees,True,9,86,8,6,7,15,False,True,False,False,0,1,1,0,0,3,8,8,7,6,6,6,1,2,3,3,3,6,0.0,0.0,1,9
8046,refugees,"Shellharbour, Wollongong",.@PeterDutton_MP Maintaining the integrity of our borders while not maintaining human rights of our refugees. Nice trade off.,refugees,True,18,125,6,0,2,20,False,False,False,False,4,2,3,1,1,0,16,12,10,7,6,5,6,8,11,12,13,13,0.55,0.3,8,16
8048,refugees,,Newlyweds feed Syrian refugees at their wedding http://t.co/DGjBuGxH9E #changetheworld #SyrianRefugees,refugees,True,10,102,10,1,6,10,False,True,True,False,0,1,1,1,1,1,9,9,8,7,6,5,1,2,3,4,5,6,0.0,0.0,2,10
8050,refugees,,...//..// whao.. 12000 Nigerian refugees repatriated from Cameroon http://t.co/aVwE1LBvhn,refugees,True,9,89,6,6,8,16,False,True,False,False,0,1,1,1,0,3,9,9,8,7,6,6,0,1,2,3,3,6,0.0,0.0,1,9
8051,refugees,,Refugees as citizens - The Hindu http://t.co/GJSaAf3U6K,refugees,True,7,55,9,2,5,7,False,True,False,False,1,0,1,0,0,2,5,4,4,3,3,3,3,3,4,4,4,6,0.0,0.0,1,7
8052,refugees,lbtidronegirlshell ,Still wonder why they will do anything to have a life anywhere. Wars u support CAUSE refugees open boarders. #auspol https://t.co/3MjtE74AiW,refugees,True,21,140,11,3,5,23,False,True,True,True,1,6,2,1,2,2,17,16,10,8,7,5,5,11,13,14,16,18,0.5,0.0,7,21
8053,refugees,,reaad/ plsss 12000 Nigerian refugees repatriated from Cameroon,refugees,True,8,62,2,5,1,7,False,False,False,False,0,1,2,1,0,3,8,8,7,5,4,4,0,1,3,4,4,7,0.0,0.0,1,8
8054,refugees,Europa,"More dirtylying dishonest #refugees for the #UK. 
http://t.co/3m7amh1E33

#WhiteGenocide #gays  #Britain #British http://t.co/FzOv8WcbYI",refugees,True,13,136,13,6,17,15,False,True,True,True,2,2,1,0,0,2,12,10,8,7,7,7,3,5,6,6,6,8,0.3333333333333333,0.06666666666666667,2,13
8059,rescue,,@bcook28 @zacktiller30 bring in the rescue squad ??,rescue,True,8,51,0,4,2,9,True,False,False,False,1,0,2,1,0,1,6,5,5,3,2,2,3,3,5,6,6,7,0.0,0.0,2,8
8063,rescue,Chicagoland and the world!,Florida Firefighters Rescue Scared Meowing Kitten from Vent Shaft http://t.co/RVKffcxbvC #fire #firefighter,rescue,True,12,107,12,0,6,12,False,True,True,False,0,2,2,3,2,0,12,12,10,8,5,3,0,2,4,7,9,9,0.0,0.0,1,12
8072,rescue,,@X_Man_Kitty @WolvenBeauty @_NickWilson__ //Shit...alright time to launch a black ops mission to rescue my alpha,rescue,True,15,112,8,0,10,17,False,False,False,False,1,1,2,2,1,0,11,10,9,7,5,4,5,6,8,10,11,11,0.43333333333333335,-0.16666666666666666,4,14
8075,rescue,U.S.A.   FEMA Region 5,Last Chance Animal Rescue has 3 new posts. http://t.co/qtEqA5kvpy #animalrescue | https://t.co/ec46LyQQc6,rescue,True,12,105,9,5,10,14,False,True,True,False,2,1,0,4,0,0,10,8,7,7,3,3,4,5,5,9,9,9,0.2606060606060606,0.06818181818181818,1,12
8076,rescue,,@wcvh01 @1233newcastle @aaronkearneyaus @LesMcKeownUK  PS I notice you are a vet?? I rescue kitties ?? .thank you for your service ??????????,rescue,True,22,141,9,6,4,36,True,False,False,False,4,1,1,3,3,0,16,12,11,10,7,4,10,11,12,15,18,18,0.0,0.0,6,20
8077,rescue,,Officials rescue 367 migrants off Libya; 25 bodies found - Fox News http://t.co/9CAignPR6S #NoAgenda #MvDint,rescue,True,15,108,13,7,8,15,False,True,True,False,3,1,1,3,1,1,13,10,9,8,5,4,5,6,7,10,11,12,0.0,0.0,1,15
8078,rescue,"Chillicothe, OH",kayaking about killed us so mom and grandma came to the rescue.,rescue,True,12,63,0,0,0,12,False,False,False,False,3,1,1,1,2,1,9,6,5,4,3,1,6,7,8,9,11,12,0.0,-0.2,5,12
8080,rescue,,8' MTech Assisted Open RESCUE Pocket Knife - NEW BLUE MT-A801BL zix http://t.co/51n2rZEBis http://t.co/P4lNbjDo0x,rescue,True,14,113,30,9,11,15,False,True,False,True,2,2,2,2,0,1,12,10,8,6,4,4,4,6,8,10,10,11,0.35151515151515156,0.04545454545454545,0,14
8082,rescue,USA,Beauty Deals : http://t.co/eUd317Eptp #4552 Lot of 50Mixed Colors 7.5' Scissors FirstAid Princess Care Rescue TrÛ_ http://t.co/mAHkV79SmW,rescue,True,17,138,19,13,14,19,False,True,True,False,1,2,3,3,1,3,15,14,12,9,6,5,3,5,8,11,12,15,0.0,0.0,1,17
8086,rescue,"Lexington, KY","If a picture is worth a thousand words what would this one say??

How a Lexington veterinarian's passion for... http://t.co/Y8dY39OhAL",rescue,False,19,134,8,3,7,24,True,True,False,False,1,2,3,1,2,1,14,13,11,8,7,5,6,8,11,12,14,15,0.1,0.3,7,17
8090,rescue,,"Revel8ion Media recently went out to support the 'Rocky Fire' rescue efforts. This is what we filmed.
#RockyFire  http://t.co/Haxz4XLs8d",rescue,True,19,136,10,3,8,21,False,True,True,False,2,3,2,2,1,2,15,13,10,8,6,5,6,9,11,13,14,16,0.25,0.0,6,19
8092,rescued, Kaijo High School,I donÛªt want to be rescued either #bot,rescue,True,8,40,1,0,4,7,False,False,True,False,0,2,0,1,2,0,5,5,3,3,2,0,3,5,5,6,8,8,0.0,0.0,2,8
8093,rescued,,Val rescued the sister but alone died. In the end she wasn't selfish. It was beautiful but very sad #emmerdale,rescue,True,20,110,3,0,2,21,False,False,True,False,9,1,2,2,1,1,18,9,8,6,4,3,11,12,14,16,17,18,1.0,-0.10000000000000002,8,18
8099,rescued,Summerside,Worker rescued from top of Central Street water tower in Summerside http://t.co/MkMlCTYmee,rescue,True,12,90,9,0,4,12,False,True,False,False,1,1,2,2,2,0,10,9,8,6,4,2,3,4,6,8,10,10,0.375,0.25,3,12
8104,rescued,Canada,10-Month-Old Baby Girl was Rescued by Coastguard after She Floated HALF A MILE Out to Sea! http://t.co/kJUzJC6iGD,rescue,True,17,113,25,3,6,18,False,True,False,True,3,5,1,0,2,0,14,11,6,5,5,3,6,11,12,12,14,14,0.16666666666666666,-0.20833333333333331,4,17
8107,rescued,"London, UK",So @edsheeran just rescued this year's #FusionFestival http://t.co/I6ldEtwB6h http://t.co/XUnS3zHIxa,rescue,True,9,100,11,3,11,10,False,True,True,False,0,2,0,1,1,0,8,8,6,6,5,4,1,3,3,4,5,5,0.0,0.0,2,9
8108,rescued,,I just rescued you in MGS Ground Zeroes @HIDEO_KOJIMA_EN  haha. Amazing...Sept 1st cant come soon enough :),rescue,True,18,107,21,1,5,21,False,False,False,True,3,4,1,3,1,0,14,11,7,6,3,2,7,11,12,15,16,16,0.6,0.2333333333333333,3,18
8114,rescued,"Hollywood, CA",Stewart bought a new property earlier this year w/ the intention of providing a sanctuary for rescued farm animals. https://t.co/ExXtboah8h,rescue,True,20,139,3,1,5,21,False,True,False,False,3,3,0,1,3,2,16,13,10,10,9,6,7,10,10,11,14,16,0.4772727272727273,0.06818181818181818,6,19
8115,rescued,Niger State,Three suspects in police net for kidnapping &amp; trafficking a 4month old Baby from Kontagora to Aba# Baby rescued alive.,rescue,True,20,122,5,1,3,20,False,False,True,False,3,4,2,3,1,1,17,14,10,8,5,4,6,10,12,15,16,17,0.20000000000000004,0.06666666666666667,5,19
8117,rescued,"Burnley, Lancashire",British trekkers rescued amid flash floods in Himalayas - BBC News,rescue,True,11,66,6,0,1,10,False,False,False,True,1,2,1,1,2,1,9,8,6,5,4,2,3,5,6,7,9,10,0.0,0.0,1,11
8123,rescued,"Pembroke Dock, Wales",SkyNews: Migrant Boat Tragedy Survivors Arrive In Italy - Migrants rescued http://t.co/FORBy6MmKp,rescue,True,12,97,16,1,6,12,False,True,False,False,0,1,1,1,3,2,10,10,9,8,7,4,2,3,4,5,8,10,0.0,0.0,0,12
8124,rescued,,nigeriantribune: 4 kidnapped ladies rescued by police in Enugu | Nigerian Tribune http://t.co/7hmHpl1Z4y,rescue,True,13,104,5,4,6,13,False,True,False,False,0,0,1,2,2,1,9,9,9,8,6,4,4,4,5,7,9,10,0.0,0.0,2,13
8127,rescued,,NAIROBI Kenya (AP) ÛÓ Two people died and 25 others were rescued after a passenger boat with about two dozen passengers collided with a,rescue,True,24,136,11,2,5,23,False,False,False,True,4,6,4,2,2,1,21,17,11,7,5,3,7,13,17,19,21,22,0.0,0.0,8,22
8132,rescued,Patra-Greece.,Incheon Prosecutors Office: Drop the charges against Nami Kim who rescued two puppies from 'Dog Hangi... https://t.co/vWzX2P6Dnk via @Change,rescue,True,19,140,13,2,7,22,False,True,False,False,5,4,0,0,7,1,19,14,10,10,10,3,5,9,9,9,16,17,0.0,0.0,4,19
8134,rescued,Hyderabad Telangana INDIA,Britons rescued amid Himalaya floods http://t.co/8f2YBus2Vk,rescue,True,6,59,5,3,4,6,False,True,False,False,0,1,0,1,2,1,6,6,5,5,4,2,0,1,1,2,4,5,0.0,0.0,0,6
8139,rescued,"Bath, England",New-born piglet running down a national speed limit road is rescued #oink #Dorset http://t.co/dOMvOx2Oui http://t.co/iEVdj6KBU2,rescue,True,15,127,11,3,11,16,False,True,True,False,0,2,3,1,3,2,13,13,11,8,7,4,2,4,7,8,11,13,0.2888888888888889,-0.15555555555555559,3,15
8145,rescuers,"ÌÏT: 50.953278,-113.978785",Rescuers recover body of 37-year-old Calgary man from lake near Vulcan http://t.co/araUSJvsy9 http://t.co/U7ZWlk8THX,rescue,True,13,116,12,5,10,14,False,True,False,False,1,4,0,1,2,1,12,11,7,7,6,4,2,6,6,7,9,10,0.4,0.1,2,13
8148,rescuers,"Rome, IT",#italy Hundreds of Migrants Rescued After Boat Capsizes Off Libya: Rescuers saved 400 people though 25 died w... http://t.co/e48syD5N1E,rescue,True,19,135,12,9,6,22,False,True,True,False,2,3,2,4,1,4,17,15,12,10,6,5,4,7,9,13,14,18,0.0,0.0,1,19
8151,rescuers,Worldwide,VIDEO: 'We're picking up bodies from water': Rescuers are searching for hundreds of migrants in the Mediterran... http://t.co/WvMHX5tiel,rescue,True,18,136,12,1,9,21,False,True,False,True,3,1,0,3,2,3,15,12,11,11,8,6,6,7,7,10,12,15,0.0,0.0,7,18
8152,rescuers,,Rescuers are searching for hundreds of migrants in the Mediterranean after a boat carrying as many as 600 peopleÛ_,rescue,True,19,115,2,3,3,18,False,False,False,False,4,2,1,0,0,4,14,10,8,7,7,7,9,11,12,12,12,16,0.5,0.5,9,18
8153,rescuers,"Los Angeles, CA 90045",Bay Whale Worries Rescuers http://t.co/nfKTvVLWHm,rescue,True,5,49,10,0,4,5,False,True,False,False,1,0,1,0,1,1,5,4,4,3,3,2,1,1,2,2,3,4,0.0,0.0,0,5
8157,rescuers,"Orange County, California ",The Rescuers and The Rescuers Down Under are on NetflixÛ_ YouÛªre welcome.,rescue,True,12,76,8,0,6,12,False,False,False,False,4,1,1,0,0,4,11,7,6,5,5,5,5,6,7,7,7,11,0.5944444444444444,0.32222222222222224,3,10
8160,rescuers,,Fears over missing migrants in Med: Rescuers search for survivors after a boat carrying as many as 600 migrantsÛ_ http://t.co/UUHNC8ZkOW,rescue,True,20,137,11,4,8,20,False,True,False,False,2,4,2,1,1,3,16,14,10,8,7,6,6,10,12,13,14,17,0.275,0.15,7,19
8166,rescuers,,VIDEO: 'We're picking up bodies from water': Rescuers are searching for hundreds of migrants in the Mediterranean after a boat carryi...,rescue,True,21,136,8,0,5,23,False,False,False,True,3,2,1,3,2,3,17,14,12,11,8,6,7,9,10,13,15,18,0.0,0.0,9,21
8167,rescuers,9 Benua Ltd.,VIDEO: 'We're picking up bodies from water': Rescuers are searching for hundreds of migrants in the Mediterran... http://t.co/xJm6Snk1G0,rescue,True,18,136,11,3,9,21,False,True,False,True,3,1,0,3,2,3,15,12,11,11,8,6,6,7,7,10,12,15,0.0,0.0,7,18
8173,rescuers,"Paradise, NV",WomanÛªs GPS app guides rescuers to injured biker in Marin County http://t.co/hKv8XKtU2k,rescue,True,12,89,10,2,7,12,False,True,False,True,2,0,2,2,1,1,10,8,8,6,4,3,4,4,6,8,9,10,0.0,0.0,2,12
8174,rescuers,"ÌÏT: 7.384559,3.8793718",VIDEO: 'We're picking up bodies from water': Rescuers are searching for hundreds of migrants in the Mediterran... http://t.co/biiiYi7DaE,rescue,True,18,136,11,1,9,21,False,True,False,True,3,1,0,3,2,3,15,12,11,11,8,6,6,7,7,10,12,15,0.0,0.0,7,18
8178,rescuers,,News Break Nigeria Rescuers search for survivors after a boat carrying as many as 600 migrants capsizes in the... http://t.co/lNiTVT7B53,rescue,True,20,136,9,6,4,23,False,True,False,False,2,3,2,2,1,4,16,14,11,9,7,6,6,9,11,13,14,18,0.5,0.5,7,19
8179,rescuers,,Photo: theonion: Rescuers Heroically Help Beached Garbage Back Into OceanåÊ http://t.co/YcSmt7ovoc,rescue,True,11,98,11,1,8,11,False,True,False,False,0,3,0,1,3,1,11,11,8,8,7,4,0,3,3,4,7,8,0.0,0.0,0,11
8185,rescuers,Florida,When Rescuers Found Him He ... http://t.co/sTDCdHQxJX,rescue,True,7,53,12,0,4,10,False,True,False,False,2,1,1,0,0,1,6,4,3,2,2,2,3,4,5,5,5,6,0.0,0.0,0,7
8186,rescuers,"Manado,Sulawesi Utara",VIDEO: 'We're picking up bodies from water': Rescuers are searching for hundreds of migrants in the Mediterran... http://t.co/XfS3pJhFh9,rescue,True,18,136,12,2,9,21,False,True,False,True,3,1,0,3,2,3,15,12,11,11,8,6,6,7,7,10,12,15,0.0,0.0,7,18
8192,riot,"Portland, OR",@CHold ironically RSL call their stadium the Riot,rioting,False,8,49,6,0,1,7,False,False,False,True,2,2,1,1,1,0,8,6,4,3,2,1,2,4,5,6,7,7,0.0,0.0,2,8
8193,riot,"Wakefield, England",If John Bateman scores we riot... https://t.co/zuPz8ZlO2X,rioting,False,7,57,7,2,4,10,False,True,False,False,0,1,0,1,2,0,5,5,4,4,3,1,2,3,3,4,6,6,0.0,0.0,1,7
8194,riot,"Las Vegas, NV",@CazorlaPlay Fran. Hey check out the Secret on how to get 325.000 Riot Points LoL Check it on my Bio Profile,rioting,False,21,108,12,6,1,22,False,False,False,False,7,1,3,2,2,0,16,9,8,5,3,1,12,13,16,18,20,20,0.7,0.2,8,20
8197,riot,,"@AlexandBondarev Discovered by @NickCannon 
 Listen/Buy @realmandyrain #RIOT on @iTunesMusic @iTunes https://t.co/dehMym5lpk Û_ #BlowMandyUp",rioting,False,14,141,18,1,16,14,False,True,True,True,1,0,1,0,1,0,11,10,10,9,9,8,4,4,5,5,6,6,0.0,0.0,2,14
8198,riot,,Stuart Broad Takes Eight Before Joe Root Runs Riot Against Aussies: Stuart Broad took career-best figures of 8... http://t.co/2UmwMG7lvN,rioting,False,19,136,17,3,6,22,False,True,False,False,1,5,4,3,2,1,18,17,12,8,5,3,2,7,11,14,16,17,0.3125,0.0625,1,17
8199,riot,,"@hawk_nancy Discovered by @NickCannon 
 Listen/Buy @realmandyrain #RIOT on @iTunesMusic @iTunes https://t.co/dehMym5lpk Û_ #BlowMandyUp",rioting,False,14,136,16,1,17,14,False,True,True,True,1,0,1,0,1,0,11,10,10,9,9,8,4,4,5,5,6,6,0.0,0.0,2,14
8200,riot,,To All The Meat-Loving Feminists Of The World Riot... http://t.co/tNI5SCpBMA #followme | https://t.co/OFtj2sXYPf http://t.co/lVYemK99uV,rioting,False,14,135,26,4,15,19,False,True,True,False,3,0,1,0,1,0,11,8,8,7,7,6,6,6,7,7,8,8,0.0,0.0,0,13
8206,riot,,To All The Meat-Loving Feminists Of The World Riot Grill Has Arrived http://t.co/7TMBbGxSK8 @OwenHarris82,rioting,False,14,105,21,4,6,14,False,True,False,False,4,1,2,0,1,0,12,8,7,5,5,4,6,7,9,9,10,10,0.0,0.0,0,13
8207,riot,California,To All The Meat-Loving Feminists Of The World Riot Grill Has Arrived http://t.co/MK9ZIp2ro7,rioting,False,13,91,17,3,5,13,False,True,False,False,4,1,2,0,1,0,11,7,6,4,4,3,6,7,9,9,10,10,0.0,0.0,0,12
8220,riot,San Francisco,@Riot_Sweet @jfwong @MtgoDoc @JoshLeeKwai wait.. what dates?? ill be at MSG and PAX =(,rioting,False,14,86,13,0,7,17,True,False,False,True,4,1,0,1,2,1,11,7,6,6,5,3,7,8,8,9,11,12,1.0,-0.625,4,14
8222,riot,,#ModiMinistry Stuart Broad Takes Eight Before Joe Root Runs Riot Against Aussies http://t.co/rc22r1xlIs,rioting,False,13,103,14,3,5,13,False,True,True,False,1,3,3,2,2,0,13,12,9,6,4,2,1,4,7,9,11,11,0.3125,0.0625,0,13
8227,riot,#sundaunited,I'm Role Play of Ulzzang Park Hyung Seok. 92 Liners. Be bleased with me. I'll do the same.,rioting,False,18,90,10,2,2,21,False,False,False,False,3,5,3,0,3,0,14,11,6,3,3,0,7,12,15,15,18,18,0.125,0.0,6,18
8228,riot,,To All The Meat-Loving Feminists Of The World Riot Grill Has Arrived: Pop quiz! Which do you prefer: feminist... http://t.co/MoGytSxvOa,rioting,False,20,135,19,0,7,24,False,True,False,False,6,1,4,0,1,1,17,11,10,6,6,5,9,10,14,14,15,16,0.0,0.0,2,19
8229,riot,NYC,Matt Baume Digs Into the the Controversial Û÷StonewallÛª Trailer and Who the Real Heroes of the Riot Were: VIDEO http://t.co/HRoxD1qpua #gay,rioting,False,21,142,20,1,12,21,False,True,True,True,6,6,3,1,1,0,20,14,8,5,4,3,7,13,16,17,18,18,0.6111111111111112,0.3888888888888889,6,18
8230,riot,U.K.,Riot police intervene after Southampton and Vitesse Arnhem supporters clash: Û¢ Fans clash in buildup to second legÛ_ http://t.co/I8GX67wbGv,rioting,False,19,142,9,3,11,19,False,True,False,True,2,2,2,5,2,0,17,15,13,11,6,4,4,6,8,13,15,15,0.0,0.0,4,19
8233,riot,Global,Riot police intervene after Southampton and Vitesse Arnhem supporters clash: Û¢ Fans clash in buildup to second... http://t.co/OBBcoMKAWf,rioting,False,18,138,12,0,8,21,False,True,False,True,2,2,2,3,2,0,16,14,12,10,7,5,4,6,8,11,13,13,0.0,0.0,4,18
8248,rioting,GO Bucks!,"we shootn each other over video games................wow ghee  sad
but I still don't see no rioting no walks no... http://t.co/O423U56yPh",rioting,True,20,137,4,5,6,39,False,True,False,False,1,3,6,1,2,0,15,14,11,5,4,2,6,9,15,16,18,18,0.6875,-0.3125,9,19
8249,rioting,,#BHRAMABULL Watch Run The Jewels Use Facts to Defend Rioting in Ferguson: The socially minded duo takes on the... http://t.co/9iP2vqHFWi,rioting,True,20,136,24,2,6,23,False,True,True,True,5,0,3,4,1,1,17,12,12,9,5,4,8,8,11,15,16,17,0.06666666666666667,0.03333333333333333,4,19
8255,rioting,Cali,Swear to god if they make faker play kog I'm rioting,rioting,True,11,52,2,0,1,10,False,False,False,False,3,3,2,0,1,0,9,6,3,1,1,0,5,8,10,10,11,11,0.0,0.0,3,11
8260,rioting,Tri-State,#BHRAMABULL Watch Run The Jewels Use Facts to Defend Rioting in Ferguson: The socially minded duo takes on the... http://t.co/y9eTXHCvjr,rioting,True,20,136,24,1,6,23,False,True,True,True,5,0,3,4,1,1,17,12,12,9,5,4,8,8,11,15,16,17,0.06666666666666667,0.03333333333333333,4,19
8263,rioting,Azeroth,@amiestager there's better alternatives than rioting and if we don't kill them they'll kill us...,rioting,True,15,97,0,0,4,17,False,False,False,False,1,4,2,1,3,0,13,12,8,6,5,2,3,7,9,10,13,13,0.5,0.5,8,14
8265,rioting,#DCjacobin,I have stopped trying to figure out if THIS will be the misogyny/racism/religion-fueled shooting that will incite rioting.,rioting,True,18,122,5,0,3,18,False,False,False,True,2,5,0,3,1,2,14,12,7,7,4,3,6,11,11,14,15,17,0.0,0.0,9,17
8268,rioting,,'Dont use \Allahuakbar\'' and start rioting. Do you guys even listen to yourselves? #SHAME''',rioting,True,14,93,8,0,9,15,True,False,True,True,3,2,2,1,0,1,12,9,7,5,4,4,5,7,9,10,10,11,0.0,0.0,4,14
8269,rioting,Davis,@abbydphillip @dahboo7 Shh...it's only OK for the puny 13% black population to get mad.  The gov can't control the majority rioting.,rioting,True,22,132,4,3,5,26,False,False,False,False,7,3,2,0,1,3,19,12,9,7,7,6,10,13,15,15,16,19,0.7333333333333334,-0.07291666666666666,6,21
8272,rioting,,@foxandfriends where is protest looting and rioting that is for ignorant people,rioting,True,12,79,0,0,1,11,False,False,False,False,2,1,1,1,3,1,10,8,7,6,5,2,4,5,6,7,10,11,0.0,0.0,6,11
8273,rioting,å©hicago,@brownblaze on tumblr the day/night of it was all over. The first I heard anything about it anywhere elsewere simply reports of rioting.,rioting,True,23,136,2,0,2,24,False,False,False,False,4,0,4,2,1,4,17,13,13,9,7,6,10,10,14,16,17,21,0.34523809523809523,0.125,10,21
8275,rioting,"Manhattan, NY",Why are we not rioting in the streets for change/a future? We outnumber lobbyists! #WakeUpAmerica #CleanPowerPlan http://t.co/sONJy4HK46,rioting,True,17,136,13,3,7,19,True,True,True,False,5,0,0,0,3,1,14,9,9,9,9,6,8,8,8,8,11,12,0.125,0.0,6,17
8277,rioting,Portland,#DebateQuestionsWeWantToHear Are these thugs or boys being boys? https://t.co/T0aZ5d9BHK,rioting,False,9,88,12,3,5,10,True,True,True,False,1,1,4,0,0,0,8,7,6,2,2,2,2,3,7,7,7,7,0.0,0.0,3,9
8281,rioting,"Dublin, Ireland",.@runjewels appear in a new video by @BBC defending the riots in Ferguson: http://t.co/veh1seVDKO http://t.co/h2GziEfJXt,rioting,False,15,120,12,2,11,17,False,True,False,True,2,1,2,1,0,0,11,9,8,6,5,5,6,7,9,10,10,10,0.45454545454545453,0.13636363636363635,5,14
8282,rioting,Liverpool,Half of Australia is currently rioting because they think 'Extras' is an aboriginal cricketer stealing their sport.,rioting,True,17,115,3,0,2,17,False,False,False,False,0,2,2,1,2,2,13,13,11,9,8,6,4,6,8,9,11,13,0.2833333333333333,-0.08333333333333333,7,16
8290,rioting,,http://t.co/DYKYpy3vA5  Cindy Noonan@CindyNoonan-Heartbreak in #Baltimore #Rioting #YAHIstorical #UndergroundRailraod,rioting,True,9,117,18,2,10,9,False,True,True,False,0,0,1,0,0,1,7,7,7,6,6,6,2,2,3,3,3,4,0.0,0.0,1,9
8293,rubble,London,Outrage as dog found buried alive in rubble http://t.co/vrNRrpoHm8,rubble,True,9,66,4,1,4,9,False,True,False,False,1,0,2,2,1,0,7,6,6,4,2,1,3,3,5,7,8,8,0.4,0.1,2,9
8299,rubble,USA,home loan: JPMorgan builds up apartment-loan leader from WaMu rubble    By David Henry  NEW ... http://t.co/IT6wXiCorl #badcredit #loans,rubble,True,22,136,15,1,8,25,False,True,True,True,2,3,3,4,0,1,16,14,11,8,4,4,8,11,14,18,18,19,0.45454545454545453,0.13636363636363635,2,19
8302,rubble,Worldwide,#360WiseNews : China's Stock Market Crash: Are There Gems In The Rubble? http://t.co/QDwRjmmk89,rubble,True,13,95,15,5,8,14,True,True,True,False,2,1,2,2,2,0,11,9,8,6,4,2,4,5,7,9,11,11,0.0,0.0,0,13
8303,rubble,UberlÌ¢ndia - MG - Brasil,China's Stock Market Crash: Are There Gems In The Rubble? http://t.co/7R7ADdVbsX,rubble,True,11,80,15,2,6,12,True,True,False,False,2,1,2,2,2,0,10,8,7,5,3,1,3,4,6,8,10,10,0.0,0.0,0,11
8305,rubble,Diantara Temlen Laksani,RT PemantauJKT48: China's Stock Market Crash: Are There Gems In The Rubble? http://t.co/g0En3ELVCL via melodyJKTÛ_ http://t.co/KHrish3BP0,rubble,True,16,138,29,6,14,18,True,True,False,False,3,1,2,2,2,0,14,11,10,8,6,4,5,6,8,10,12,12,0.0,0.0,0,16
8306,rubble,,I don't think we'll get anywhere as a ppl until we heal. like we trying to build on top of ruins without clearing the rubble,rubble,True,25,124,1,0,2,25,False,False,False,False,4,1,7,2,1,2,17,13,12,5,3,2,12,13,20,22,23,25,0.35,0.175,11,24
8307,rubble,,China's Stock Market Crash: Are There Gems In The Rubble?: ChinaÛªs stock market crash this summer has sparked ... http://t.co/OajW6rTFNc,rubble,True,20,138,16,1,10,24,True,True,False,False,4,2,4,4,2,1,19,15,13,9,5,3,5,7,11,15,17,18,0.0,0.0,2,20
8308,rubble,ON,China's Stock Market Crash: Are There Gems In The Rubble? http://t.co/EpNju0pZjM #forbes,rubble,True,12,88,14,1,7,13,True,True,True,False,2,1,2,2,3,0,11,9,8,6,4,1,3,4,6,8,11,11,0.0,0.0,0,12
8313,rubble,Los Angeles,ChinaÛªs e-commerce firms Alibaba (BABA) Tencent http://t.co/7VcChEIC5g (JD) are still growing revenue at 40% http://t.co/GQgE7weM3W,rubble,False,15,133,19,6,17,16,False,True,False,True,2,1,2,1,4,0,14,12,11,9,8,4,3,4,6,7,11,11,0.0,0.0,2,15
8316,rubble,HUSTON TEXAS 1-844-360-WISE,#360WiseNews : China's Stock Market Crash: Are There Gems In The Rubble? http://t.co/vTJ1EoslrU,rubble,True,13,95,16,4,8,14,True,True,True,False,2,1,2,2,2,0,11,9,8,6,4,2,4,5,7,9,11,11,0.0,0.0,0,13
8319,rubble,,In the long run every program becomes rococo and then rubble. ? Alan Perlis,rubble,True,14,75,3,0,0,15,True,False,False,False,3,3,1,2,3,0,12,9,6,5,3,0,5,8,9,11,14,14,0.4,-0.05,3,14
8322,rubble,Toronto,'Hiroshima never recovered and all the evidence was smothered under a thick cloud of rubble..' #jayElectronica,rubble,True,16,110,2,0,3,17,False,False,True,False,4,0,4,0,0,1,14,10,10,6,6,6,6,6,10,10,10,11,0.475,-0.30000000000000004,7,16
8323,rubble,West Coast,"@KurtSchlichter Grandpa fought his way across Western Eurpoe mustered out in Guam on his way to the Home Islands.

Bounce the rubble.",rubble,True,21,133,9,0,3,22,False,False,False,False,7,2,0,3,3,1,18,11,9,9,6,3,10,12,12,15,18,19,0.0,0.0,8,18
8325,rubble,,just collecting the rubble,rubble,True,4,26,0,0,0,3,False,False,False,False,1,1,0,1,0,0,4,3,2,2,1,1,1,2,2,3,3,3,0.0,0.0,2,4
8326,rubble,,"#Nickelodeon paw patrol-- rubble #action pack pup &amp; #badge  LINK:
http://t.co/N7tG7RoAmU http://t.co/U12hHyu1dc",rubble,True,12,115,12,5,17,13,False,True,True,False,2,1,1,2,1,1,11,9,8,7,5,4,3,4,5,7,8,9,0.1,0.1,0,12
8327,rubble,,#Poetry #friendship Lifes Giants - Is life throwing rubble at you ? Are there giants in your mind ? http://t.co/G4wipbG0jx ~LyricalEyes,rubble,True,21,135,9,2,8,23,True,True,True,False,2,3,2,3,1,1,15,13,10,8,5,4,8,11,13,16,17,18,0.0,0.0,5,20
8328,rubble,MANAGEMENT MULTIMEDIA,@accionempresa ChinaÛªs stock market crash this summer has sparked interest from bargain hunt... http://t.co/6ygPwJkr4T @gerenciatodos å¨,rubble,False,16,138,4,2,11,19,False,True,False,False,1,2,2,2,3,1,15,14,12,10,8,5,2,4,6,8,11,12,0.0,0.0,3,16
8331,rubble,New York,China's Stock Market Crash: Are There Gems In The Rubble? http://t.co/qEn1Z5uOeH,rubble,True,11,80,14,2,6,12,True,True,False,False,2,1,2,2,2,0,10,8,7,5,3,1,3,4,6,8,10,10,0.0,0.0,0,11
8333,rubble,CANADA ,While the world screams terrorism Assad buries civilians under the rubble of their homes. #Aleppo 05-08-2015 #Syria http://t.co/7GcPtCdx7o,rubble,True,18,138,7,10,8,19,False,True,True,False,2,0,5,4,2,0,17,15,15,10,6,4,3,3,8,12,14,14,0.0,0.0,5,17
8336,rubble,California,China's Stock Market Crash: Are There Gems In The Rubble? http://t.co/eKO50hD5Gz #market,rubble,True,12,88,14,3,7,13,True,True,True,False,2,1,2,2,3,0,11,9,8,6,4,1,3,4,6,8,11,11,0.0,0.0,0,12
8338,rubble,Globally 1-844-360-WISE,#360WiseNews : China's Stock Market Crash: Are There Gems In The Rubble? http://t.co/r0FLXJx5vX,rubble,True,13,95,17,5,8,14,True,True,True,False,2,1,2,2,2,0,11,9,8,6,4,2,4,5,7,9,11,11,0.0,0.0,0,13
8340,rubble,55 Wall Street,China's Stock Market Crash: Are There Gems In The Rubble?: ChinaÛªs stock market crash this summer has sparked ... http://t.co/vZDqQ9yPN1,rubble,True,20,138,16,2,10,24,True,True,False,False,4,2,4,4,2,1,19,15,13,9,5,3,5,7,11,15,17,18,0.0,0.0,2,20
8342,ruin,,@OrianaArzola does he not have any manners or something? Jfc. You have all the rights to be mad! But hey try not to let this ruin your day,ruin,True,28,138,5,0,1,30,True,False,False,False,11,8,0,1,1,0,23,12,4,4,3,2,16,24,24,25,26,26,1.0,-0.78125,15,25
8343,ruin,"Las Vegas, NV","so in my rant about how i dont allow peens near my face i realized why I'm still single.

sex is going to ruin me. or lack thereof anyway.",ruin,True,28,138,1,0,3,30,False,False,False,False,4,6,5,0,2,1,19,15,9,4,4,2,13,19,24,24,26,27,0.30714285714285716,0.01428571428571429,13,26
8353,ruin,teen top ? jongsuk ? exo ? bts,fUCK I CANT WAIT TO RUIN AUBREY'S WHOLE FIC AND MAKE IT SO BAD,ruin,True,14,62,47,0,1,13,False,False,False,True,3,5,1,0,0,1,10,7,2,1,1,1,7,12,13,13,13,14,0.5555555555555555,-0.3,0,14
8354,ruin,,They like raunchy trash then make it real and ruin lives and the potential of phenomenally I assume self raised good Christian human beings,ruin,True,24,139,3,0,0,23,False,False,False,False,3,8,3,3,1,0,21,18,10,7,4,3,6,14,17,20,21,21,0.5,0.12857142857142856,6,23
8357,ruin,Planet Earth,Any man who tries to be good all the time is bound to come to ruin among the great number who are not good.,ruin,True,24,107,1,0,0,24,False,False,False,False,9,4,5,1,0,0,19,10,6,1,0,0,14,18,23,24,24,24,0.5875,0.26249999999999996,12,20
8358,ruin,,My sister really always has to ruin my life.,ruin,True,9,44,1,0,0,9,False,False,False,False,1,1,1,3,0,0,6,5,4,3,0,0,4,5,6,9,9,9,0.2,0.2,3,9
8359,ruin,"Washington, DC",FUCK MY LIFE THESE BOYS ARE GONNA RUIN MY LIFE FORREAL http://t.co/mf9nGfphbN,ruin,True,12,77,46,1,4,12,False,True,False,True,1,5,2,0,1,0,10,9,4,2,2,1,3,8,10,10,11,11,0.6,-0.4,0,10
8373,ruin,In ma daddy nd mummy's. Hart..,Reality continues to ruin my life.,ruin,True,6,34,1,0,0,6,False,False,False,False,0,1,1,0,1,0,4,4,3,2,2,1,2,3,4,4,5,5,0.0,0.0,2,6
8376,ruin,,He said he's 'gonna put a ring in my Harvey's burger since i love it so much it's the perfect metaphor'.. NOOO you can't ruin my burger wtf,ruin,True,28,139,6,0,6,29,False,False,False,True,4,8,2,3,1,1,20,16,8,6,3,2,12,20,22,25,26,27,0.7,0.3,11,26
8379,ruin,Albequerque,This fly is a major problem for us: It will ruin our batch and we need to destroy it and every trace of it so we can cook.,ruin,True,28,122,2,0,1,28,False,False,False,False,7,4,5,0,2,0,18,11,7,2,2,0,17,21,26,26,28,28,0.4666666666666666,0.22083333333333335,15,25
8380,ruin,,Plans always ruin.,ruin,True,3,18,1,0,0,3,False,False,False,False,0,0,2,1,0,0,3,3,3,1,0,0,0,0,2,3,3,3,0.0,0.0,0,3
8381,ruin,"Monroe, OH",Don't ruin a good today by thinking about a bad yesterday ????,ruin,True,12,62,1,0,1,15,True,False,False,False,1,3,3,0,0,1,9,8,5,2,2,2,4,7,10,10,10,11,0.6333333333333333,5.551115123125783e-17,4,11
8384,ruin,,To respect those who wait to watch #UltimaLucha  any tweets will be spoiler free and not ruin the result. #LuchaUnderground,ruin,True,21,123,5,0,2,21,False,False,True,False,5,4,2,1,3,0,17,12,8,6,5,2,9,13,15,16,19,19,0.8,0.4,9,21
8395,sandstorm,USA,Watch This Airport Get Swallowed Up By A Sandstorm In Under A Minute http://t.co/OFhjcn36o1,sandstorm,True,14,91,15,3,4,14,False,True,False,False,1,1,2,1,1,0,9,8,7,5,4,3,6,7,9,10,11,11,0.0,0.0,0,13
8398,sandstorm,,Watch This Airport Get Swallowed Up By A Sandstorm In Under A Minute http://t.co/nvSjHdGDGZ,sandstorm,True,14,91,19,0,4,14,False,True,False,False,1,1,2,1,1,0,9,8,7,5,4,3,6,7,9,10,11,11,0.0,0.0,0,13
8403,sandstorm,bang bang bang,Gonna throw a huge party and play nothing but Sandstorm.,sandstorm,True,10,56,2,0,0,10,False,False,False,False,2,2,3,0,1,0,9,7,5,2,2,1,3,5,8,8,9,9,0.9,0.4000000000000001,3,10
8407,sandstorm,USA,Watch This Airport Get Swallowed Up By A Sandstorm In Under A Minute http://t.co/YSrSKuyaSw,sandstorm,True,14,91,18,0,4,14,False,True,False,False,1,1,2,1,1,0,9,8,7,5,4,3,6,7,9,10,11,11,0.0,0.0,0,13
8413,sandstorm,USA,Watch This Airport Get Swallowed Up By A Sandstorm In Under A Minute http://t.co/ELDcP3vO7C,sandstorm,True,14,91,19,2,4,14,False,True,False,False,1,1,2,1,1,0,9,8,7,5,4,3,6,7,9,10,11,11,0.0,0.0,0,13
8417,sandstorm,USA,Watch This Airport Get Swallowed Up By A Sandstorm In Under A Minute http://t.co/1oemJTO9Dp,sandstorm,True,14,91,17,2,4,14,False,True,False,False,1,1,2,1,1,0,9,8,7,5,4,3,6,7,9,10,11,11,0.0,0.0,0,13
8420,sandstorm,USA,Watch This Airport Get Swallowed Up By A Sandstorm In Under A Minute http://t.co/jqTMweDw33,sandstorm,True,14,91,16,2,4,14,False,True,False,False,1,1,2,1,1,0,9,8,7,5,4,3,6,7,9,10,11,11,0.0,0.0,0,13
8421,sandstorm,"West Midlands, England",I liked a @YouTube video from @centralupload http://t.co/EwLHrTREEP Oh oh!,sandstorm,False,10,74,12,0,6,11,False,True,False,False,1,1,2,0,0,1,7,6,5,3,3,3,4,5,7,7,7,8,0.8,0.75,2,10
8424,sandstorm,USA,Watch This Airport Get Swallowed Up By A Sandstorm In Under A Minute http://t.co/Tr8YcHEFGQ,sandstorm,True,14,91,20,1,4,14,False,True,False,False,1,1,2,1,1,0,9,8,7,5,4,3,6,7,9,10,11,11,0.0,0.0,0,13
8426,sandstorm,United States,Watch This Airport Get Swallowed Up By A Sandstorm In Under A Minute http://t.co/1ZdRKTgogD,sandstorm,True,14,91,18,1,4,14,False,True,False,False,1,1,2,1,1,0,9,8,7,5,4,3,6,7,9,10,11,11,0.0,0.0,0,13
8427,sandstorm,USA,Watch This Airport Get Swallowed Up By A Sandstorm In Under A Minute http://t.co/TLcWeZPuKW,sandstorm,True,14,91,20,0,4,14,False,True,False,False,1,1,2,1,1,0,9,8,7,5,4,3,6,7,9,10,11,11,0.0,0.0,0,13
8438,sandstorm,USA,Watch This Airport Get Swallowed Up By A Sandstorm In Under A Minute http://t.co/Fkb7iUAuL8,sandstorm,True,14,91,17,2,4,14,False,True,False,False,1,1,2,1,1,0,9,8,7,5,4,3,6,7,9,10,11,11,0.0,0.0,0,13
8439,sandstorm,WARNING: I TWEET NSFW AND NSFL,I just replied to somebody's comment to me saying'darude sandstorm' negatively and now I feel bad for doing it.,sandstorm,True,19,111,2,0,3,19,False,False,False,False,5,2,1,0,2,0,14,9,7,6,6,4,10,12,13,13,15,15,0.5333333333333333,-0.4999999999999999,9,17
8442,screamed,,I screamed when @g_montani @jessemontani were running to John for 1st place! I'm so happy I love you guys ?? #AmazingRaceCanada,screamed,True,21,127,7,1,5,23,True,False,True,False,4,5,1,1,1,1,16,12,7,6,5,4,9,14,15,16,17,18,0.8,0.65,6,20
8449,screamed,quantico,Oh my god Rosie OÛªDonnell is on The Fosters and I screamed her name in a fit of shock and awe,screamed,True,21,95,7,0,3,20,False,False,False,False,7,1,2,0,1,1,13,6,5,3,3,2,15,16,18,18,19,20,0.4,0.4,9,20
8456,screamed,,I'm having a meltdown because of Game of Thrones ?? literally cried screamed and threw my computer #WHYYYY #redwedding,screamed,True,19,118,9,0,3,20,True,False,True,True,2,1,2,1,3,3,14,12,11,9,8,5,7,8,10,11,14,17,0.4,-0.4,7,18
8460,screamed,"Holland,MI",I just screamed when I saw Jordan come out the door behind Donnie on #Wahlburgers  ??,screamed,True,17,85,5,0,1,18,True,False,True,False,3,4,0,3,0,1,12,9,5,5,2,2,8,12,12,15,15,16,0.7,-0.4,5,16
8462,screamed,,@joshshatsays I JUST SCREAMED TO MYSELF BECAUSE YEAH,screamed,True,8,52,32,0,1,7,False,False,False,True,0,2,0,1,1,1,6,6,4,4,3,2,2,4,4,5,6,7,0.0,0.0,0,8
8465,screamed,,OH MY GOSH IM AT MY AUNTS HOUSE AND THIS POST IT WAS ON HER COUNTER AND I SCREAMED BC I THOUGHT IT SAID CHRIS KELLER http://t.co/DNofWtAkAt,screamed,True,27,139,96,0,4,27,False,True,False,True,4,4,3,1,2,1,16,12,8,5,4,2,15,19,22,23,25,26,0.0,0.0,0,23
8466,screamed,fairly local,@theboysftvines oh my god i SCREAMED WHEN I SAW THIS YESSSS,screamed,True,11,59,26,0,1,10,False,False,False,True,2,2,0,1,0,1,7,5,3,3,2,2,6,8,8,9,9,10,0.0,0.0,2,11
8467,screamed,earth,' #OTRAMETLIFE ' I SWEAR TO GOD I DIDNT EVEN READ IT PROPERLY AND I THOUGH IT SAID 'OMLETTE LIFE' AND SCREAMED. I NEED TO SLEEP OMFG. BYE.,screamed,True,28,138,103,0,5,30,False,False,True,True,3,5,5,1,0,2,18,15,10,5,4,4,13,18,23,24,24,26,0.1,0.0,0,21
8469,screamed,started acc 1.9.15 2:25 pm,ÛÏ@beachboyIrh: AT GMA THE SECURITY GUY SAID 'THIS IS A FAMILY SHOW' AND EVERYONE SCREAMED 'OOORRRR IS IT'Û I love this fandom,screamed,True,22,129,72,0,12,21,False,False,False,True,4,3,2,3,0,4,17,13,10,8,5,5,9,12,14,17,17,21,0.6,0.5,1,21
8470,screamed,,YE SBUJDJSJS YES YES I XUSKAK I SCREAMED PROTECT MY OTHER SON PROTECT UR BOYFRIEND YES  https://t.co/kDqtqGK5pI,screamed,True,18,111,75,1,4,18,False,True,False,True,4,0,1,1,2,1,12,8,8,7,6,4,10,10,11,12,14,15,0.375,-0.125,0,14
8474,screamed,she/her Û¢ 19 Û¢ poland,@frailnerves I SCREAMED,screamed,True,3,23,9,0,1,2,False,False,False,True,0,0,0,0,0,1,2,2,2,2,2,2,1,1,1,1,1,2,0.0,0.0,0,3
8479,screamed,,I have never screamed nor cried so much at one concert,screamed,True,11,54,1,0,0,10,False,False,False,False,2,2,2,0,1,1,8,6,4,2,2,1,5,7,9,9,10,11,0.2,0.2,4,11
8481,screamed,,@mo_ganwilson Verrry mad. like I just screamed I'm so pissed,screamed,True,10,60,3,0,3,10,False,False,False,False,1,3,0,2,0,1,8,7,4,4,2,2,3,6,6,8,8,9,1.0,-0.625,2,10
8482,screamed,"Rice Lake, WI/Toronto, ON",@TopherBreezy it was my fav too!!! Amazing! Michael and I screamed the whole time ??,screamed,True,15,84,5,0,1,20,True,False,False,False,4,1,1,1,1,2,11,7,6,5,4,3,8,9,10,11,12,14,0.65,0.4750000000000001,6,15
8485,screamed,trust none..,@CokeBoys__ yo best I screamed when I watched your snap chat of you smoking with that big ass cast ????,screamed,True,20,103,4,0,3,23,True,False,False,False,3,9,0,0,2,1,16,13,4,4,4,2,7,16,16,16,18,19,0.2,0.5,6,19
8488,screamed,"Atlanta, GA (kind of)",@TroyLWiggins I screamed,screamed,True,3,24,4,0,1,2,False,False,False,False,0,0,0,0,0,1,2,2,2,2,2,2,1,1,1,1,1,2,0.0,0.0,0,3
8492,screaming,,@camilacabello97 screaming internally and externally,screamed,False,5,52,0,2,1,4,False,False,False,False,1,0,0,0,0,0,5,4,4,4,4,4,1,1,1,1,1,1,0.05,0.0,1,5
8493,screaming,United States,"SCREAMING BECAUSE 5SOS IS IN TX
@5SOS",screamed,False,6,37,28,2,2,5,False,False,False,True,0,1,0,0,1,1,4,4,3,3,3,2,2,3,3,3,4,5,0.0,0.0,0,6
8495,screaming,IRELAND ,@camilacabello97 now  I'm the one screaming internally and externally,screamed,False,10,69,1,2,2,9,False,False,False,False,5,0,0,0,0,0,9,4,4,4,4,4,6,6,6,6,6,6,0.05,0.0,3,10
8499,screaming,,I WAS WATCHING SHAWN ON YOUTUBE AND MY MUM WAS JUST LIKE 'HE'S QUITE HOT ISN'T HE' I AM SCREAMING AKFNEJF,screamed,False,21,105,81,0,4,20,False,False,False,True,6,2,4,0,2,1,16,10,8,4,4,2,11,13,17,17,19,20,0.8500000000000001,0.25,0,19
8501,screaming,with my music and air heads,It ain't nothin cut that bitch off more like cut that lying screaming gotdamn son of a bitch red head.,screamed,False,20,102,1,0,1,20,False,False,False,False,5,4,5,1,1,0,17,12,8,3,2,1,8,12,17,18,19,19,0.25,0.25,6,17
8519,screaming,Honeymoon Tour 03.26.15?,@justinbieber @ArianaGrande IMA SCREAMING HSBFUCKJSJ,screamed,False,5,52,24,0,2,4,False,False,False,True,1,0,0,0,0,0,5,4,4,4,4,4,1,1,1,1,1,1,0.0,0.0,0,5
8521,screaming,HYPE RESSHA HYPE RESSHA,i'm fucking screaming http://t.co/H3MrqRrGfe,screamed,False,4,44,4,1,5,4,False,True,False,False,1,0,0,0,1,0,4,3,3,3,3,2,1,1,1,1,2,2,0.8,-0.6,1,4
8525,screaming,Emirates,Can't stand when ppl BeyoncÌ©'fy certain tunes nd u lot will b screaming 'yaaasss' low it I'm not tryna hear a xfactor rendition of burna boy,screamed,False,26,141,3,0,7,25,False,False,False,False,6,3,5,0,2,0,20,14,11,6,6,4,12,15,20,20,22,22,0.4357142857142857,0.10714285714285714,6,26
8527,screaming,Trapin',IM SCREAMING ?????????????????????????????????????????? OMG WTF???????? https://t.co/bfEhX84lrj,screamed,False,6,95,19,2,4,56,True,True,False,True,1,0,0,0,0,0,5,4,4,4,4,4,2,2,2,2,2,2,1.0,-0.5,0,6
8529,screaming,moon ,IMM SCREAMING ARI IS HOLDING THE SIGN,screamed,False,7,37,31,0,0,6,False,False,False,True,3,1,0,0,1,0,6,3,2,2,2,1,4,5,5,5,6,6,0.0,0.0,0,7
8532,screaming,,*screaming internally with the cover of prodigy graphic novel because June and Day*,screamed,False,13,83,2,0,2,12,False,False,False,False,2,3,2,0,3,0,12,10,7,5,5,2,3,6,8,8,11,11,0.2,0.0,5,13
8534,screaming,,@GabrielleAplin you are literally my favorite person ever I'm screaming,screamed,False,10,71,3,0,2,9,False,False,False,False,3,1,0,1,0,1,9,6,5,5,4,4,4,5,5,6,6,7,1.0,0.5,3,10
8535,screaming,Texas,"@LordMinion777 *screaming* i can't go!!!
:(",screamed,False,5,43,2,3,7,7,False,False,False,False,0,0,1,0,0,1,4,4,4,3,3,3,1,1,2,2,2,3,1.0,-0.75,1,5
8537,screaming,Indiana,@MeganRestivo I am literally screaming for you!! Congratulations!,screamed,False,8,65,4,0,1,10,False,False,False,False,1,0,1,0,0,0,6,5,5,4,4,4,3,3,4,4,4,4,0.0,0.0,3,8
8544,screams,,"-mom screams from kitchen- 
'WHERES MY AVOCADO!?'

-waits patiently for mom to beat the avocado off my head- :)))))) http://t.co/LUUaY2JSJn",screamed,False,19,139,22,1,20,21,True,True,False,True,4,3,1,0,3,2,16,12,9,8,8,5,7,10,11,11,14,16,1.0,0.5,6,19
8548,screams,,one of my fav lydia screams is in 4x11 when she shows up at derek's loft,screamed,False,16,72,0,3,1,15,False,False,False,False,3,3,2,0,2,0,10,7,4,2,2,0,9,12,14,14,16,16,0.0,0.0,8,16
8549,screams,,*screams internally*,screamed,False,2,20,0,0,2,1,False,False,False,False,0,0,0,0,0,1,2,2,2,2,2,2,0,0,0,0,0,1,0.0,0.0,0,2
8552,screams,,@McKenzieBlackw1 love you! Sorry for my screams,screamed,False,7,47,4,1,1,7,False,False,False,False,1,2,1,0,1,0,6,5,3,2,2,1,2,4,5,5,6,6,0.8,0.0625,3,7
8554,screams,,screams into void? https://t.co/XRlzvFeiLH,screamed,False,4,42,5,0,4,5,True,True,False,False,0,1,1,0,1,0,4,4,3,2,2,1,0,1,2,2,3,3,0.0,0.0,1,4
8563,screams,texas,@simplyysacred dude like he screams his soul out,screamed,False,8,48,0,0,1,7,False,False,False,False,2,3,0,0,1,0,7,5,2,2,2,1,3,6,6,6,7,7,0.0,0.0,3,8
8564,screams,,@sugayiffer SCREAMS UR SUCH A CUTE HANAYO,screamed,False,7,41,24,0,1,6,False,False,False,True,0,2,0,1,1,0,5,5,3,3,2,1,2,4,4,5,6,6,0.75,0.25,0,7
8565,screams,,@ShojoShit /SCREAMS,screamed,False,2,19,9,0,2,1,False,False,False,True,0,0,0,0,0,1,2,2,2,2,2,2,0,0,0,0,0,1,0.0,0.0,0,2
8566,screams,Kenya,Curvaceous LADY screams like a mad dog in a Nairobi Club See what happened (VIDEO) - #KOT Join Mature... http://t.co/1szi9X22cr,screamed,False,20,127,19,4,8,23,False,True,True,True,3,6,0,0,3,1,16,13,7,7,7,4,7,13,13,13,16,17,0.55,-0.2625,4,19
8568,screams,#ALLblacklivesmatter,*aggressively screams* https://t.co/8bHaejsUUt,screamed,False,3,46,3,1,6,3,False,True,False,False,0,0,0,0,0,1,3,3,3,3,3,3,0,0,0,0,0,1,0.0,0.0,0,3
8569,screams,"North Druid Hills, GA",Oh no!  @ATPWorldTour is letting one of their players scream!  Turning @CitiOpen off. Can't listen to the screams,screamed,False,20,113,10,0,3,22,False,False,False,False,3,1,2,1,5,0,14,11,10,8,7,2,9,10,12,13,18,18,0.0,0.0,7,19
8573,screams,,@melodores @Hozier *SCREAMS*,screamed,False,3,28,8,0,4,2,False,False,False,True,0,0,0,0,1,0,3,3,3,3,3,2,0,0,0,0,1,1,0.0,0.0,0,3
8583,screams,stars/pens/caps/hawks,SCREAMS I LOVE THIS VINE https://t.co/PKnBZLHOSc,screamed,False,6,48,28,0,4,6,False,True,False,True,0,3,0,0,1,0,5,5,2,2,2,1,1,4,4,4,5,5,0.6,0.5,0,6
8588,screams,In A Multi-Fandom,OMGGGG SCREAMS I'M THINKING I'LL SEE ACTUAL DICKS,screamed,False,8,49,40,0,2,7,False,False,False,True,2,1,1,2,1,1,8,6,5,4,2,1,2,3,4,6,7,8,0.1,0.0,0,8
8590,screams,New York,The screams when Niall touches his dick yes http://t.co/U5Iu6pfNh6,screamed,False,9,66,5,3,4,9,False,True,False,False,3,2,1,0,2,0,9,6,4,3,3,1,3,5,6,6,8,8,0.0,0.0,2,9
8592,seismic,,@elephino_ @Thrusta1 no but it's a convenient and seismic shift in 6 months from trying to bury the event and now allegedly 'enhance it',seismic,True,24,136,1,2,6,23,False,False,False,False,6,3,2,2,1,1,19,13,10,8,6,5,11,14,16,18,19,20,0.1,-0.1,12,23
8593,seismic,,SEISMIC AUDIO SA-15T SA15T Padded Black Speaker COVERS (2) - Qty of 1 = 1 Pair! http://t.co/6OVxU5cy35 http://t.co/fAobg3I1zm,seismic,True,18,125,34,13,13,20,False,True,False,True,2,0,4,3,2,0,13,11,11,7,4,2,7,7,11,14,16,16,0.43333333333333335,-0.20833333333333331,1,17
8594,seismic,Singapore,A subcontractor working for French seismic survey group CGG has been kidnapped in Cairo and is held by Islamic State the company said on WÛ_,seismic,True,25,141,9,0,3,24,False,False,False,True,5,4,3,2,4,0,20,15,11,8,6,2,10,14,17,19,23,23,0.0,0.0,9,25
8597,seismic,,Creating updating and delivering content in channel sales is not an easy task. @Seismicsoftware helps break it down: http://t.co/q4FLTG7tzT,seismic,True,19,139,7,2,6,20,False,True,False,False,2,1,5,0,2,2,15,13,12,7,7,5,6,7,12,12,14,16,0.5611111111111111,0.1388888888888889,7,19
8600,seismic,USA,#Gabon : Oil and Gas Exploration Takes Seismic Shift in Gabon to Somalia http://t.co/SY8nqTLMD3 ^FJ http://t.co/yjDHoDdjox,seismic,True,16,122,20,2,11,17,False,True,True,True,4,0,3,1,2,0,13,9,9,6,5,3,7,7,10,11,13,13,0.0,0.0,3,16
8601,seismic,Malta; Gozo,The time for small steps has long been over. We need a seismic shift in thinking to address #migration in a holistic human &amp; humane way.,seismic,True,26,140,2,0,3,27,False,False,True,False,3,5,6,1,2,2,20,17,12,6,5,3,9,14,20,21,23,25,0.3,-0.09999999999999999,9,24
8602,seismic,Florida,@kc8ysl Is it wrong to pray for seismic activity along the San Andreas fault? #smh,seismic,True,15,82,3,1,2,15,True,False,True,False,3,2,2,1,3,1,12,9,7,5,4,1,6,8,10,11,14,15,0.9,-0.5,4,15
8603,seismic,London ,"Anti-fracking group seeks review over #Lancashire seismic monitoring:
 
http://t.co/ZzbqmGNUsl #fracking http://t.co/Y23Xzl3fZv",seismic,True,11,127,9,3,14,12,False,True,True,False,0,1,2,1,1,0,11,11,10,8,7,6,0,1,3,4,5,5,0.0,0.0,1,11
8604,seismic,"Calgary, Canada",AxWave enables a fast and accurate simulation of 2D and 3D seismic surveys in an acoustic medium #seismic #GPU #CPU http://t.co/OMX1NXAqpz,seismic,True,21,138,16,3,7,21,False,True,True,True,2,3,0,2,3,3,15,13,10,10,8,5,8,11,11,13,16,19,0.6166666666666667,0.30000000000000004,6,20
8605,seismic,"Kanto, Japan",[10:45:27JST Aug06:First Alert] M4.1 at 'E off Chiba pref.' under 10km (35.8140.8). Estimated max seismic# is 3,seismic,True,17,111,10,20,10,21,False,False,True,True,2,2,2,2,0,1,13,11,9,7,5,5,6,8,10,12,12,13,0.0,0.0,4,17
8611,seismic,,My brain feels like it's vibrating inside my skull. The MRI is going to look like a seismic readout of a faultline during earthquake season.,seismic,True,25,140,5,0,1,26,False,False,False,True,2,4,3,3,3,0,18,16,12,9,6,3,9,13,16,19,22,22,0.0,0.0,8,23
8614,seismic,Worldwide,TBI early brain aging and a seismic analogy http://t.co/xs1QHfjAG4 @deetelecare #TBI #braininjury,seismic,True,12,97,10,2,7,12,False,True,True,True,2,1,3,0,2,0,11,9,8,5,5,3,3,4,7,7,9,9,0.3,0.1,2,12
8616,seismic,United Kingdom,Exploration takes seismic shift in Gabon to Somalia ÛÒ WorldOilåÊ(subscription) http://t.co/Hs6OhRFsA9,seismic,True,11,103,10,2,11,11,False,True,False,True,1,0,3,0,2,0,9,8,8,5,5,3,3,3,6,6,8,8,0.0,0.0,2,11
8617,seismic,,#Fukushima still is not controlled &amp; #seismic retrofitting for other #reactors is a BIG issue @fukushima_actu http://t.co/lCDkTEOukj,seismic,True,17,136,9,0,11,17,False,True,True,True,3,0,4,0,0,1,14,11,11,7,7,7,6,6,10,10,10,11,0.2375,-0.0625,6,16
8619,seismic,,#Sismo DETECTADO #JapÌ_n [Report 6] 01:02:42 Okinawa Island region M3.8 Depth 10km Maximum seismic intensity 3 JST #??,seismic,True,18,118,20,12,9,20,True,False,True,True,2,2,1,3,5,1,16,14,12,11,8,3,4,6,7,10,15,16,0.0,0.0,0,18
8626,seismic,"Calgary, Alberta","Nuclear-Powered Brassiere Explodes During Seismic Survey http://t.co/76mKIdOOLh
 #Calgary #Edmonton #oilandgas #Vancouver #Toronto",seismic,True,12,130,16,2,11,12,False,True,True,False,0,0,0,2,1,3,12,12,12,12,10,9,0,0,0,2,3,6,0.0,0.0,0,12
8629,seismic,,The Art World's Seismic Shift Back to the Oddball - Observer http://t.co/AOWVFAbl0a,seismic,True,12,83,14,1,6,12,False,True,False,False,3,1,1,0,3,1,10,7,6,5,5,2,5,6,7,7,10,11,0.0,0.0,2,12
8630,seismic,,On Thursday at 03:27 we updated our #kml of 2D and 3D #seismic exploration vessels. #offshore #oil http://t.co/btdjGWeKqx,seismic,True,18,121,7,6,9,19,False,True,True,False,2,2,1,0,1,3,12,10,8,7,7,6,8,10,11,11,12,15,0.0,0.0,5,18
8632,seismic,,Here we go....one more Toss with the Seismic boys! With a stellar undercard all killer no filler keep an eye... http://t.co/Xs6aa2c6Jb,seismic,True,21,134,6,3,4,29,False,True,False,False,2,6,1,3,2,0,17,15,9,8,5,3,6,12,13,16,18,18,0.375,0.4375,8,21
8634,seismic,,Exploration takes seismic shift in Gabon to Somalia http://t.co/dmVR2H2fKM,seismic,True,9,74,8,2,4,9,False,True,False,False,0,0,3,0,2,0,7,7,7,4,4,2,2,2,5,5,7,7,0.0,0.0,2,9
8641,seismic,Worldwide,@Statoilasa &amp; @TOTAL make significant discovery in the North Sea: Visualise the full potential on our seismic     #g http://t.co/ve2eBqm21B,seismic,True,23,143,11,3,10,23,False,True,True,True,3,3,2,1,1,0,16,13,10,8,7,6,10,13,15,16,17,17,0.79375,0.18125,5,19
8645,sinkhole,Arizona,http://t.co/OK9EBHurfl If your neighborhood school falls into a sinkhole State Sen. Steve Yarbrough may be close by...,sinkhole,True,17,118,10,1,4,21,False,True,False,False,1,3,5,1,0,1,14,13,10,5,4,4,4,7,12,13,13,14,0.0,0.0,5,17
8649,sinkhole,"Evansville, IN",Some Evansville residents told to limit water usage due to sinkhole construction http://t.co/Lw6NeQJRoT,sinkhole,True,13,103,8,1,4,13,False,True,False,False,1,2,3,0,0,1,11,10,8,5,5,5,3,5,8,8,8,9,0.375,-0.125,2,12
8652,sinkhole,Europe,Latest: USA: Huge sinkhole swallows up Brooklyn intersection http://t.co/vspKHg3nZy,sinkhole,True,9,83,9,1,6,9,False,True,False,True,0,2,0,0,1,3,8,8,6,6,6,5,1,3,3,3,4,7,0.9,0.45000000000000007,1,9
8666,sinkhole,NYC,A Sinkhole caved in a Brooklyn Street today on 5th Ave &amp; 64th Street. http://t.co/eUKhLKgGdO,sinkhole,True,15,96,12,3,6,16,False,True,False,False,2,1,3,1,1,2,11,9,8,5,4,3,6,7,10,11,12,14,0.0,0.0,3,15
8671,sinkhole,mombasa,"Sinkhole Selfies: You Wont Believe What's In The Brooklyn Sinkhole!: 
        Sinkhole Selfies: You Wont Belie... http://t.co/OFEbaKatNh",sinkhole,True,24,136,20,0,9,28,False,True,False,False,3,2,0,1,1,6,15,12,10,10,9,8,12,14,14,15,16,22,0.0,0.0,0,14
8672,sinkhole,,Large sinkhole swallows entire pond in Lowndes County Georgia http://t.co/20Gi4Gyud5,sinkhole,True,10,84,6,4,4,10,False,True,False,False,0,1,1,2,2,2,9,9,8,7,5,3,1,2,3,5,7,9,0.5267857142857143,0.10714285714285714,1,10
8675,sinkhole,"Boston, MA",A sinkhole grows ... in Brooklyn? http://t.co/UiqKDdVwKz http://t.co/aa8FwtOHyJ,sinkhole,True,8,79,11,1,8,13,True,True,False,False,1,0,1,0,0,1,6,5,5,4,4,4,3,3,4,4,4,5,0.0,0.0,1,8
8678,sinkhole,"Texas, USA",Giant Sinkhole Swallows NYC Intersection http://t.co/ozIZdsDWP4 via @NewsBeatSocial,sinkhole,True,8,83,15,1,5,8,False,True,False,True,2,0,1,0,0,2,8,6,6,5,5,5,2,2,3,3,3,5,1.0,0.0,0,8
8679,sinkhole,,A sinkhole grows in Brooklyn: six-meter crater swallows street http://t.co/LTLh53aRN4,sinkhole,True,10,85,7,3,6,10,False,True,False,False,0,0,1,2,0,2,8,8,8,7,5,5,2,2,3,5,5,7,0.0,0.0,1,10
8682,sinkhole,"New York, New York",The sinkhole that ate Brooklyn http://t.co/28r2IgxmIE,sinkhole,True,6,53,5,3,4,6,False,True,False,False,2,1,0,0,0,2,6,4,3,3,3,3,2,3,3,3,3,5,0.0,0.0,1,6
8687,sinkhole,,Watch This Giant Sinkhole Form on New York City Street http://t.co/BEnWu5IARa,sinkhole,True,11,77,15,1,4,11,False,True,False,False,1,4,2,1,0,1,10,9,5,3,2,2,2,6,8,9,9,10,0.7272727272727273,0.06818181818181818,1,11
8701,sinking,,Sinking a little slower everyday ?? @ Muh Pond https://t.co/KuA48GdREL,sinking,True,10,70,9,2,5,12,True,True,False,False,1,1,0,2,1,1,7,6,5,5,3,2,4,5,5,7,8,9,0.55,-0.19375,1,10
8703,sinking,University of Oklahoma,"If you're lost and alone
Or you're sinking like a stone.
Carry on
May your past be the sound
Of your feet upon the ground",sinking,True,21,121,5,0,6,21,False,False,False,False,3,7,0,4,1,2,18,15,8,8,4,3,6,13,13,17,18,20,0.325,0.07500000000000001,10,18
8707,sinking,Georgia/Florida  ,@andreajmarkley @edjschenk @SenTedCruz If you call forward sinking into a cesspool you might be right,sinking,True,15,101,4,0,3,14,False,False,False,False,2,2,2,0,2,1,12,10,8,6,6,4,5,7,9,9,11,12,0.5357142857142857,0.2857142857142857,5,14
8713,sinking,Liverpool,Do you feel like you are sinking in unhappiness? Take the quiz: http://t.co/LNzz0ZFrom http://t.co/TGKpnqAbHh,sinking,True,14,109,11,1,9,16,True,True,False,False,4,3,1,0,1,0,12,8,5,4,4,3,6,9,10,10,11,11,0.0,0.0,5,13
8716,sinking,London / Herts,Don't think I can be more blunt lol yet the message still isn't sinking in ??????,sinking,True,16,81,2,0,2,21,True,False,False,False,4,1,5,1,2,0,13,9,8,3,2,0,7,8,13,14,16,16,0.6,0.65,6,16
8719,sinking,,HELP ME I'M SINKING,sinking,True,4,19,15,0,1,3,False,False,False,True,1,1,0,0,1,0,3,2,1,1,1,0,2,3,3,3,4,4,0.0,0.0,0,4
8725,sinking,Kano,that horrible sinking feeling when youÛªve been at home on your phone for a while and you realise its been on 3G this whole time',sinking,True,25,130,1,1,4,24,False,False,False,False,4,7,4,0,3,2,20,16,9,5,5,2,9,16,20,20,23,25,0.7,-0.4,15,23
8730,sinking,"Washington, DC","Sinking. {part 2}
??????
#buildingmuseum #TheBEACHDC #VSCOcam #acreativedc #dc #dctography #vscodcÛ_ https://t.co/SsD9ign6HO",sinking,True,10,125,17,3,18,17,True,True,True,False,1,0,1,0,0,2,10,9,9,8,8,8,1,1,2,2,2,4,0.0,0.0,0,10
8731,sinking,Maryland/Myrtle Beach CCU'19,heart sinking like a sunset?? https://t.co/3cXPRDJFfe,sinking,True,6,53,6,1,4,8,True,True,False,False,0,1,1,0,1,1,5,5,4,3,3,2,1,2,3,3,4,5,0.0,0.0,1,6
8748,siren,"Los Angeles, California",@kundalini121 @manyvids thank you again... ir truly wonderful,siren,False,8,61,0,3,2,10,False,False,False,False,1,0,2,0,0,1,7,6,6,4,4,4,2,2,4,4,4,5,1.0,1.0,2,8
8749,siren,London,@ryan_defreitas for me it's Revs Per Minute but the opening tune on Siren Song is UNREAL,siren,True,16,88,11,0,3,15,False,False,False,True,4,4,1,2,1,0,13,9,5,4,2,1,7,11,12,14,15,15,0.0,0.0,7,16
8756,siren,Jupiter,"@Siren_Six @B30wu1f2 
Well then we see things differently.",siren,True,8,58,4,4,4,8,False,False,False,False,1,1,1,1,0,0,7,6,5,4,3,3,2,3,4,5,5,5,0.6,0.0,2,8
8764,siren,Lagos,@Foxy__Siren best wishes boo????????,siren,True,4,36,2,0,3,11,True,False,False,False,0,1,0,1,0,0,4,4,3,3,2,2,0,1,1,2,2,2,0.3,1.0,0,4
8765,siren,New York,WHELEN MODEL 295SS-100 SIREN AMPLIFIER POLICE EMERGENCY VEHICLE - Full read by eBay http://t.co/Q3yYQi4A27 http://t.co/whEreofYAx,siren,True,15,129,58,10,10,16,False,True,False,True,0,3,2,2,1,0,13,13,10,8,6,5,2,5,7,9,10,10,0.55,0.35,1,15
8769,siren,,@Kronykal @B30wu1f2 I see no point in countering skewed statements. Dumb statement is dumb.,siren,False,14,91,4,4,2,15,False,False,False,False,1,1,2,1,0,0,10,9,8,6,5,5,5,6,8,9,9,9,0.5,-0.375,3,14
8771,siren,New York,WHELEN MODEL 295SS-100 SIREN AMPLIFIER POLICE EMERGENCY VEHICLE - Full read by eBay http://t.co/UGR6REFZpT http://t.co/eYyUqX4Tbt,siren,True,15,129,63,8,10,16,False,True,False,True,0,3,2,2,1,0,13,13,10,8,6,5,2,5,7,9,10,10,0.55,0.35,1,15
8772,siren,#TeamHKNgang ,I love dat lady '@Crhedrys: ???? you nko?'@Foxy__Siren: Oh finally Jennifer Aniston got married??????... I'm so happy for her ??????'',siren,True,20,134,8,0,11,39,True,False,False,False,6,3,1,0,2,2,17,11,8,7,7,5,9,12,13,13,15,17,0.7125,0.3875,4,20
8773,siren,,Police siren sound effect 1 via Play Tube Fre http://t.co/BLWnTMyQmQ,siren,True,10,68,11,1,4,10,False,True,False,False,2,2,2,2,0,0,9,7,5,3,1,1,3,5,7,9,9,9,0.4,0.4,0,10
8779,siren,,Ebay Snipe RT? http://t.co/tRw1OmykQz Whelen Sa-314  Siren Pa Speaker Mount Bracket Universal  With Screws ?Please Favorite &amp; Share,siren,True,20,135,20,4,7,22,True,True,False,True,1,2,5,3,3,1,17,16,14,9,6,3,4,6,11,14,17,18,0.5,0.25,0,19
8792,sirens,,"Check out what I found on Google images!
Something to live by!  ?? http://t.co/WjOzlQBiE0",siren,False,14,89,9,1,5,18,True,True,False,False,2,2,2,1,0,0,9,7,5,3,2,2,7,9,11,12,12,12,0.5,0.17045454545454544,5,14
8794,sirens,,That new sirens and sailors ???? #workout #album,siren,True,8,48,1,0,2,11,True,False,True,False,2,2,0,2,1,1,8,6,4,4,2,1,2,4,4,6,7,8,0.45454545454545453,0.13636363636363635,1,8
8796,sirens,"Chandler, AZ",@HusnaaVhora I hope they dust off the air raid sirens! You can quote me on that lol,siren,True,17,83,4,0,1,17,False,False,False,False,6,5,1,0,1,0,14,8,3,2,2,1,9,14,15,15,16,16,0.7,0.8,7,17
8798,sirens,palm spraangs,@BobbyCakes50 so far miss may I sleeping with sirens August burns red Memphis May Fire Attila &amp; all were so good ??,siren,True,22,119,8,2,3,23,True,False,False,False,5,5,2,3,1,1,18,13,8,6,3,2,9,14,16,19,20,21,0.5333333333333333,0.26666666666666666,5,21
8803,sirens,,want a new season of The League and Sirens on Netflix.,siren,True,11,54,4,0,0,11,False,False,False,False,3,1,0,3,0,1,8,5,4,4,1,1,6,7,7,10,10,11,0.45454545454545453,0.13636363636363635,4,11
8807,sirens,they/them ,and my dad is high I have a dysfunctional family,siren,False,10,48,1,0,0,9,False,False,False,False,2,2,0,1,0,0,6,4,2,2,1,1,6,8,8,9,9,9,0.5399999999999999,0.16,5,10
8809,sirens,hell,SOMEBODY TELL ME HOW TO MEET PIERCE THE VEIL OR SLEEPING WITH SIRENS PLEASE I BEG YOU,siren,True,17,85,69,0,0,16,False,False,False,True,4,4,0,3,0,2,13,9,5,5,2,2,8,12,12,15,15,17,0.0,0.0,0,17
8811,sirens,"Berisso, Argentina",pos nose que hago escuchando Sleeping With Sirens - Iris (Goo Goo Dolls Cover) KE PEDO ._.,siren,True,17,90,14,0,4,18,False,False,False,True,4,6,1,2,0,1,15,11,5,4,2,2,6,12,13,15,15,16,0.0,0.0,0,17
8813,sirens,"Texas, United States",Sleeping With Sirens - Iris (Goo Goo Dolls Cover) http://t.co/KaeWtkJ06o,siren,True,10,72,11,2,7,10,False,True,False,False,1,3,1,2,0,1,9,8,5,4,2,2,2,5,6,8,8,9,0.0,0.0,0,10
8814,sirens,62,I'm falling to pieces and I won't be whole until you let me in ? Heroine by Sleeping With Sirens ÛÓ https://t.co/tQxLQUKq7z,siren,True,22,124,11,1,9,23,True,True,False,True,5,1,3,2,2,1,15,10,9,6,4,2,12,13,16,18,20,21,0.4,0.2,8,22
8818,sirens,,I was walking past the fire house today &amp; as soon as I walk by the doors they get call and flip the sirens on. I've never ran so fast.,siren,True,30,138,3,0,3,31,False,False,False,False,8,8,6,1,1,0,24,16,8,2,1,0,14,22,28,29,30,30,0.425,-0.024999999999999994,11,26
8819,sirens,new jersey,why is this reminding me of dan's collab with tyler when he complained about the sirens and they stopped i'm trash,siren,True,21,114,0,0,2,20,False,False,False,False,4,4,4,2,1,0,17,13,9,5,3,2,8,12,16,18,19,19,0.2,-0.3,13,21
8820,sirens,,There was also a calm. Something was going to happen. Suddenly a crash of lightning came through the sky and with it the wails of sirens. --,siren,True,27,140,3,0,2,29,False,False,False,False,6,3,5,0,3,1,20,14,11,6,6,3,13,16,21,21,24,25,0.625,0.15000000000000002,13,23
8821,sirens,Atrapada en el mundo.,Sleeping With Sirens - 2 Chord,siren,True,6,30,4,1,1,5,False,False,False,False,0,1,1,1,0,1,4,4,3,2,1,1,2,3,4,5,5,6,0.0,0.0,0,6
8822,sirens,probably bargos,@jassy_curtis wait I'm fckng obsessed with your song sirens,siren,True,9,59,1,0,3,8,False,False,False,False,1,4,1,1,0,1,9,8,4,3,2,2,1,5,6,7,7,8,1.0,-0.5,2,9
8824,sirens,,@spookyerica sleeping with sirens?,siren,True,4,34,0,0,1,4,True,False,False,False,0,1,0,0,1,1,4,4,3,3,3,2,0,1,1,1,2,3,0.0,0.0,1,4
8826,sirens,Bristol,sleeping with sirens are so irrelevant,siren,True,6,38,0,0,0,5,False,False,False,False,1,1,0,1,0,1,5,4,3,3,2,2,2,3,3,4,4,5,1.0,-0.5,3,6
8827,sirens,Moreno City - Buenos Aires,Hear the Sirens ?,siren,True,4,17,2,0,0,4,True,False,False,False,1,1,0,1,0,0,3,2,1,1,0,0,2,3,3,4,4,4,0.0,0.0,1,4
8828,sirens,"Salem, Oregon",@salem_police ok so no sirens but a speaker system for chip music for a food cart should be fine with underskirt lighting?,siren,True,22,122,0,0,2,22,True,False,False,False,3,5,1,3,1,0,16,13,8,7,4,3,9,14,15,18,19,19,0.5,0.45833333333333337,10,20
8833,sirens,,Fire truck sirens for the past ten minutes straight coming and going. Must be huge. Maybe it's taco bell and they'll build a Sonic instead.,siren,True,25,139,4,0,2,27,False,False,False,False,5,6,5,3,2,2,23,18,12,7,4,2,7,13,18,21,23,25,0.3875,0.08750000000000002,8,24
8834,sirens,,Sleeping With Sirens - Postcards and Polaroids.,siren,True,7,47,5,0,1,7,False,False,False,False,1,1,0,1,0,1,6,5,4,4,3,3,2,3,3,4,4,5,0.0,0.0,1,7
8845,smoke,Franklinton - BR - Houston,Smoke sumn,smoke,True,2,10,1,0,0,1,False,False,False,False,0,1,1,0,0,0,2,2,1,0,0,0,0,1,2,2,2,2,0.0,0.0,0,2
8847,smoke,,just trying to smoke and get Taco Bell,smoke,True,8,38,2,0,0,7,False,False,False,False,2,3,1,1,0,0,7,5,2,1,0,0,3,6,7,8,8,8,0.0,0.0,3,8
8849,smoke,Roseland,@wizkhalifa smoke ??so much you don't gotta do shit but light?? one of his locks on fire  ...that's like a whole tre five right there.,smoke,True,26,134,0,0,3,33,True,False,False,False,5,6,6,1,1,0,21,16,10,4,3,2,10,16,22,23,24,24,0.5271428571428571,0.17714285714285716,11,26
8861,smoke,Barnsley,misocapnist: One who hates the smell of tobacco smoke #UnusualWords http://t.co/jMcFFA3TOQ,smoke,True,11,90,10,1,6,11,False,True,True,False,3,0,3,0,1,0,10,7,7,4,4,3,4,4,7,7,8,8,0.0,0.0,3,11
8867,smoke,IL?MI,I need a smoke ??,smoke,True,5,17,1,0,0,6,True,False,False,False,0,1,1,0,0,0,2,2,1,0,0,0,3,4,5,5,5,5,0.0,0.0,1,5
8868,smoke,,[55433] 1954 LIONEL TRAINS SMOKE LOCOMOTIVES WITH MAGNE-TRACTION INSTRUCTIONS http://t.co/2W2EtbTGdr http://t.co/MWS8130h8n,smoke,True,11,123,64,16,11,12,False,True,False,True,0,2,1,2,1,0,11,11,9,8,6,5,0,2,3,5,6,6,0.0,0.0,0,11
8870,smoke,your mom,would definitely have way more money if i didnt smoke on the dl,smoke,True,13,63,0,0,0,12,False,False,False,False,2,2,4,0,0,0,9,7,5,1,1,1,6,8,12,12,12,12,0.5,0.25,6,13
8873,smoke,,Waiting for Joel so we can go smoke ????,smoke,True,9,40,2,0,0,12,True,False,False,False,2,2,1,0,1,0,6,4,2,1,1,0,5,7,8,8,9,9,0.0,0.0,4,9
8874,smoke,,To treat his childhood asthma Teddy Roosevelt's parents made him drink black coffee and smoke cigars. http://t.co/CtaC2xZ8dY,smoke,True,17,124,7,2,5,18,False,True,False,False,3,1,5,2,2,0,16,13,12,7,5,3,4,5,10,12,14,14,0.43333333333333335,-0.16666666666666666,3,17
8876,smoke, ,I'm not asking no fee to smoke sumn if we ain't smoking out a ounce that's disrespectful,smoke,True,17,88,1,0,3,16,False,False,False,False,4,1,3,2,1,0,12,8,7,4,2,1,9,10,13,15,16,16,0.0,0.0,8,17
8877,smoke,bliss,Send me flying off a cliff straight through the smoke of my spliff,smoke,True,13,66,1,0,0,12,False,False,False,False,2,1,2,2,1,1,9,7,6,4,2,1,6,7,9,11,12,13,0.4,0.2,7,13
8879,smoke,,[55432] 1950 LIONEL TRAINS SMOKE LOCOMOTIVES WITH MAGNE-TRACTION INSTRUCTIONS http://t.co/8s2GxMhiSJ http://t.co/GAwvhG5aSb,smoke,True,11,123,65,12,11,12,False,True,False,True,0,2,1,2,1,0,11,11,9,8,6,5,0,2,3,5,6,6,0.0,0.0,0,11
8882,smoke,@rejxctedmgc is my Harry?,Do you guys remember my life goal to smoke a blunt with zouis? Well it's still a goal,smoke,True,18,85,2,0,1,18,True,False,False,False,1,7,3,1,0,1,13,12,5,2,1,1,6,13,16,17,17,18,0.0,0.0,7,16
8884,smoke,kentucky,"*anti cigarette smoking commercial comes on*
me *goes outside and smokes*
thanks for reminding me to go smoke lol",smoke,True,17,113,0,0,6,16,False,False,False,False,3,0,4,1,2,0,14,11,11,7,6,4,6,6,10,11,13,13,0.2375,0.25,5,17
8889,smoke,ig: j.nessaa,smoke me out,smoke,True,3,12,0,0,0,2,False,False,False,False,1,0,1,0,0,0,2,1,1,0,0,0,2,2,3,3,3,3,0.0,0.0,2,3
8891,smoke,,Just want someone to smoke a blunt &amp; talk about life with ??,smoke,True,13,64,1,0,2,14,True,False,False,False,0,5,4,0,1,0,10,10,5,1,1,0,3,8,12,12,13,13,0.0,0.0,4,13
8894,snowstorm,,How does a snowstorm happen? Find the answers here: http://t.co/m75fCLUtF2 #snowstorm,snowstorm,True,11,85,6,3,6,12,True,True,True,False,2,2,1,0,2,0,10,8,6,5,5,3,3,5,6,6,8,8,0.0,0.0,4,11
8895,snowstorm,madrid,you're my snowstorm baby ??,snowstorm,True,5,27,0,0,1,6,True,False,False,False,0,1,0,1,0,0,3,3,2,2,1,1,2,3,3,4,4,4,0.0,0.0,2,5
8897,snowstorm,"NJ, USA",Tess was almost born in a snowstorm. I was 39 years ago. Here's her birth story. http://t.co/UnyuRR8baw #VBAC #NaturalBirth,snowstorm,True,19,123,12,3,7,22,False,True,True,True,3,3,3,3,0,0,15,12,9,6,3,3,7,10,13,16,16,16,0.0,0.0,5,18
8898,snowstorm,The Land of Make Believe,She rose to her lofty position after being transported by accident to Oz in a hot air balloon during a snowstorm.,snowstorm,True,21,113,2,0,0,21,False,False,False,False,4,1,3,1,1,2,14,10,9,6,5,4,11,12,15,16,17,19,0.9,0.425,10,19
8901,snowstorm,"Massachusetts, USA",@Lily_Bell82 ya...summer is too short. Open toed shoes arent snowstorm friendly.,snowstorm,True,11,80,3,2,2,15,False,False,False,False,1,2,2,1,0,0,10,9,7,5,4,4,2,4,6,7,7,7,0.43333333333333335,0.125,2,11
8904,snowstorm,"Philadelphia, PA",It's creepy seeing 676 closed. It was closed during a snowstorm and my balcony overlooked the 676/76 overpass. Very eerie,snowstorm,True,20,121,3,8,2,21,False,False,False,False,4,2,1,5,2,0,17,13,11,10,5,3,7,9,10,15,17,17,0.55,-0.3375,6,20
8909,snowstorm,"Alberta, Canada",Had a dream that @woodelijah was driving me through a snowstorm.  We went to a restaurant and I left my journal behind.  #writerslife,snowstorm,True,25,133,3,0,2,26,False,False,True,False,3,3,1,0,4,0,15,12,9,8,8,4,13,16,17,17,21,21,0.35,-0.2,10,22
8910,snowstorm,Mountains,RT RTphotographyUK: New #photo Oak in a snowstorm http://t.co/gWOKZELq5Q taken in #winter on the #SouthDowns #Hampshire #photography #artÛ_,snowstorm,True,18,140,18,1,14,18,False,True,True,False,3,0,1,1,2,0,13,10,10,9,8,6,8,8,9,10,12,12,0.45454545454545453,0.13636363636363635,5,17
8911,snowstorm,"Mesa, AZ",That organic freestyle with Casey veggies is cold as an ice cream cone in a Iceland snowstorm,snowstorm,True,17,93,3,0,0,16,False,False,False,False,1,4,2,0,3,0,12,11,7,5,5,2,6,10,12,12,15,15,1.0,-0.6,6,17
8915,snowstorm,Los Angeles,@BigBang_CBS ...wow...ok...um...that was like ice water blizzard snowstorm to the face.,snowstorm,True,11,87,5,0,2,23,False,False,False,False,3,1,2,0,0,1,10,7,6,4,4,4,4,5,7,7,7,8,0.0,0.0,4,11
8917,snowstorm,"Saint John, N.B, Canada ",@erincandy Hr/15 mins for me in that place. During a snowstormI was pissed lol We got oil delivered to them on snowmobiles in the end,snowstorm,True,25,133,4,2,2,25,False,False,False,False,7,3,1,3,0,0,18,11,8,7,4,4,14,17,18,21,21,21,0.7,0.8,11,24
8918,snowstorm,"Huntington, WV",A snowstorm is brewing over my desk &amp; hands are NUMB.. @irishirr - I'm guessing you adjusted thermostat? :/ @WSAZ_Brittany @kellyannwx #WSAZ,snowstorm,True,22,144,15,0,11,24,True,False,True,True,3,2,3,1,1,2,17,14,12,9,8,7,8,10,13,14,15,17,1.0,-0.425,5,22
8919,snowstorm,,Long Island is technically the leftover dirt from a snowstorm and thats a geologic fact. That place is terrible.,snowstorm,True,19,112,3,0,0,20,False,False,False,False,2,4,3,1,0,2,15,13,9,6,5,5,6,10,13,14,14,16,0.5,-0.35000000000000003,7,17
8922,snowstorm,Western New York,#LakeEffect #Snowstorm Twill Denim Jackets   *** ALL MY PROCEEDS FOR ITEMS WITH THIS DESIGN WILL GO TO HELP THE... http://t.co/QmtDXuYktY,snowstorm,True,22,137,61,0,9,25,False,True,True,True,3,4,3,2,1,1,17,14,10,7,5,4,8,12,15,17,18,19,0.0,0.0,0,21
8925,snowstorm,Mountains,New #photo Oak in a snowstorm http://t.co/gWOKZELq5Q taken in #winter on the #SouthDowns #Hampshire #photography #art #tree #treeporn,snowstorm,True,18,133,12,1,12,18,False,True,True,False,3,1,2,1,1,0,14,11,10,8,7,6,7,8,10,11,12,12,0.45454545454545453,0.13636363636363635,5,17
8928,snowstorm,UK,@40URTY @DonOf_NikeTown snowstorm is my fave episode lmao,snowstorm,True,8,57,8,2,3,7,False,False,False,True,0,2,0,0,2,0,6,6,4,4,4,2,2,4,4,4,6,6,1.0,0.6,2,8
8929,snowstorm,Northeast United States ,RT @WhistlerBlckcmb: One more #SnowBackSunday share: Snowstorm on the Glacier July 26 2015! via @momentumcamps http://t.co/JohKyMv9El,snowstorm,True,16,133,15,7,9,17,False,True,True,False,3,2,1,1,1,0,13,10,8,7,6,5,6,8,9,10,11,11,0.5,0.625,3,16
8930,snowstorm,,The sun is shining on this house now but imagine trying to build this summer home during a North East snowstorm!... http://t.co/BtJL9JkvXZ,snowstorm,True,22,138,9,1,4,26,False,True,False,False,4,4,3,3,2,0,18,14,10,7,4,2,8,12,15,18,20,20,0.0,0.0,9,21
8932,snowstorm,Manchester,@asda bought this bargain dress and love it- cut colour pattern. Are you doing more? http://t.co/BnZm8K2AiM,snowstorm,False,16,107,6,2,6,18,True,True,False,False,5,2,4,2,1,1,16,11,9,5,3,2,5,7,11,13,14,15,0.55,0.5,5,16
8937,snowstorm,,This week on dream from last night: my mom drove my car in a snowstorm. She hit another car while parallel parking. Saw my first ex......,snowstorm,True,26,137,3,0,1,33,False,False,False,False,6,4,4,1,1,3,20,14,10,6,5,4,12,16,20,21,22,25,0.13333333333333333,0.08333333333333333,8,23
8940,snowstorm,New England ????,"I feel like the cold homeless orphan gazing into the cozy mansion of the affluent eating a lobster dinner during a snowstorm.

It's fine.",snowstorm,True,23,137,2,0,3,24,False,False,False,False,3,5,1,5,2,2,19,16,11,10,5,3,7,12,13,18,20,22,0.8,0.06666666666666667,8,20
8943,storm,Wales,If you like rock music you should care about 5 Seconds Of Summer. HereÛªs why. paper-storm: I am a fan of Au Û_ http://t.co/eqEeUVpRQQ,storm,True,24,136,13,1,12,26,False,True,False,True,4,4,2,1,2,1,16,12,8,6,5,3,12,16,18,19,21,22,0.0,0.0,8,23
8950,storm,AUSTRALIA,Warcraft 3-Inspired Mode Likely Hitting Heroes of the Storm http://t.co/848CVWWdOt,storm,True,10,82,12,4,5,10,False,True,False,False,1,1,1,2,1,1,9,8,7,6,4,3,2,3,4,6,7,8,1.0,0.0,2,10
8951,storm,,Well this storm hit out of no where! ??,storm,True,9,39,1,0,0,11,True,False,False,False,2,2,1,1,0,0,6,4,2,1,0,0,5,7,8,9,9,9,0.0,0.0,5,9
8954,storm,Mackem in Bolton,"If you've got it flaunt it! 
Unless you've got an awful lot of it...then please don't.",storm,False,16,86,2,0,4,20,False,False,False,False,4,0,1,5,1,0,12,8,8,7,2,1,8,8,9,14,15,15,1.0,-1.0,9,14
8958,storm,"Florence, SC",The Florence Regional Airport Director says no major damage at airport from yesterday's storm. No evacuations and no blown out windows.,storm,True,21,135,6,0,1,22,False,False,False,False,3,2,2,2,2,4,17,14,12,10,8,6,7,9,11,13,15,19,0.5,-0.03125,6,20
8960,storm,"Sunmy Melbourne, England",Want to know how to get the edge and storm Rock Paper Scissors http://t.co/YHzo0L7vtV #GameChanger,storm,True,15,98,10,2,5,15,False,True,True,False,4,4,2,0,0,1,13,9,5,3,3,3,6,10,12,12,12,13,0.0,0.3,5,14
8964,storm,424 N. FAIRFAX AVE. 90036,Storm &amp; Family tonight http://t.co/0aP7MoNtjF,storm,True,5,49,6,2,6,5,False,True,False,False,0,0,2,1,1,0,5,5,5,3,2,1,0,0,2,3,4,4,0.0,0.0,0,5
8975,storm,USA,IGN: A Warcraft 3-inspired mode is likely coming to Heroes of the Storm http://t.co/2qVgImRo0R http://t.co/VTRoCiHSne,storm,True,15,117,17,3,10,16,False,True,False,True,1,2,1,3,0,1,11,10,8,7,4,4,5,7,8,11,11,12,1.0,0.0,4,15
8977,storm,,Another next day #ThrowbackThursday of Kinky Kristy and @KyleSalive rehearsing up a storm! #DoingHashtagsRight http://t.co/UJ9hxUg7QS,storm,True,15,133,15,2,7,16,False,True,True,False,2,1,1,2,1,0,12,10,9,8,6,5,5,6,7,9,10,10,0.0,0.0,4,15
8981,storm,Fairbanks Alaska,Aurora Prediction: Kp: 3.33(11:16) 4.67(14:16) AK (earth 2.00) 75% Status: Low Storm,storm,True,12,84,8,19,12,14,False,False,False,False,3,0,2,2,1,0,11,8,8,6,4,3,4,4,6,8,9,9,0.3,0.0,0,12
8982,storm,Where is my mind?,@DovahSwag @Gray_Greymane DotA 2 &gt; Heroes Of The Storm &gt; League Of Legends,storm,True,13,80,13,1,7,12,False,False,False,False,1,3,1,2,1,0,10,9,6,5,3,2,4,7,8,10,11,11,0.0,0.0,0,11
8984,storm,North Coast of O-H-I-O,Storm rolling into Hilton Head gonna be fun,storm,True,8,43,3,0,0,7,False,False,False,False,1,2,2,1,1,0,7,6,4,2,1,0,2,4,6,7,8,8,0.2,0.3,2,8
8988,storm,Oman ,Man united is not just about playing football like he did back at Spain its about passion courage and endurance to ride the storm.,storm,True,24,130,2,0,0,24,False,False,False,False,6,4,3,2,3,1,20,14,10,7,5,2,10,14,17,19,22,23,0.0,0.0,12,23
8990,storm,,Û÷SexistÛª peer review causes storm online https://t.co/WO2T0K4zXi via @timeshighered,storm,True,9,87,6,3,11,9,False,True,False,False,1,1,1,3,0,0,9,8,7,6,3,3,1,2,3,6,6,6,0.0,0.0,0,9
8991,storm,,"Gets violently ill and it's obvious
Male coworker(unaware of why): don't get everyone else sick!
Sir you cannot catch this #periodstories",storm,False,19,137,3,0,8,19,False,False,True,False,4,4,3,1,0,1,18,14,10,7,6,6,5,9,12,13,13,14,0.6142857142857143,-0.3482142857142857,9,19
8995,stretcher,Florida,Renewing Your Kitchen Cabinets for $100 http://t.co/lYs6p5BmDL http://t.co/ELfzsRGxRo,stretcher,False,8,85,13,5,9,9,False,True,False,False,1,2,0,0,1,2,8,7,5,5,5,4,1,3,3,3,4,6,0.0,0.0,1,8
8997,stretcher,BLF (MP)/ PTA (GP)/ PHB(LIMPS),Yes. He said its dropping soon '@SDotJR_: NO WAYS!!! A video for 'Stretcher'?! @Ofentse_Tsie',stretcher,True,14,93,16,0,9,19,True,False,False,True,2,3,1,0,1,1,11,9,6,5,5,4,5,8,9,9,10,11,0.0,0.0,2,14
9003,stretcher,,? Stretcher in 5 min // Speaker Deck http://t.co/gXgJqQu3hU #pctool,stretcher,True,10,67,7,2,7,11,True,True,True,False,1,1,0,0,2,0,6,5,4,4,4,2,5,6,6,6,8,8,0.0,0.0,1,10
9004,stretcher,"Bedford Stuyvesant, Brooklyn",Jesus!!! How does a niggaeven life his hand to do that and not leave on a stretcher https://t.co/EewIzzryjI,stretcher,True,18,107,5,0,4,21,False,True,False,False,4,4,1,0,0,1,13,9,5,4,4,4,9,13,14,14,14,15,0.0,0.0,10,17
9010,stretcher,SP - Brasil #1,WNBA: Stars coach Dan Hughes taken off court on stretcher after collision with Danielle Robinson (ESPN) http://t.co/Jwm87uvbEf,stretcher,True,17,126,15,2,7,17,False,True,False,True,2,1,6,2,0,2,16,14,13,7,5,5,3,4,10,12,12,14,0.0,0.0,4,17
9011,stretcher,"Seattle, WA",@TheJasonTaylorR *EMS tries to stablize me and put me on a stretcher*,stretcher,True,12,69,7,0,3,11,False,False,False,True,2,1,1,0,0,1,7,5,4,3,3,3,7,8,9,9,9,10,0.4,-0.1,6,11
9013,stretcher,,@Stretcher @Grazed @witter @Rexyy @Towel thanks aiden,stretcher,True,7,53,4,0,5,6,False,False,False,False,0,0,1,3,2,0,7,7,7,6,3,1,0,0,1,4,6,6,0.2,0.2,0,7
9014,stretcher,,Oh no! Dan Hughes seems like he's really hurt after getting knocked down by D Rob. They're bringing a stretcher on the court!,stretcher,True,23,125,6,0,2,25,False,False,False,False,3,5,2,3,3,1,18,15,10,8,5,2,8,13,15,18,21,22,0.24444444444444446,0.002777777777777768,8,23
9015,stretcher,,Mind salivation stretcher beds: KEGm,stretcher,True,5,36,4,0,1,4,False,False,False,False,0,2,1,0,0,0,5,5,3,2,2,2,0,2,3,3,3,3,0.0,0.0,0,5
9017,stretcher,Lakerland,He's about to leave on a stretcher.,stretcher,True,7,35,1,0,1,7,False,False,False,False,0,1,2,0,0,0,4,4,3,1,1,1,3,4,6,6,6,6,0.0,0.0,4,7
9019,stretcher,"Utica , New York (Upstate) ",I was there to see @JimmieJohnson wreck in 2000 in person. My first thought was he's leaving on a stretcher!,stretcher,True,20,108,4,4,2,21,False,False,False,False,3,2,3,0,3,0,13,10,8,5,5,2,10,12,15,15,18,18,0.3333333333333333,0.3125,9,18
9021,stretcher,USA,"Ambulance stretcher simple stretcher emergency medical care http://t.co/hYHoFDdWl7 #0518

$169.50
End Date: WedneÛ_ http://t.co/rMdfx6y0HO",stretcher,True,12,139,12,12,17,14,False,True,True,False,0,1,1,1,1,1,12,12,11,10,9,8,0,1,2,3,4,5,0.17857142857142858,0.0,0,11
9024,stretcher,?????,Stretcher in 5 min https://t.co/DIWLBiaHvP,stretcher,True,5,42,8,1,4,5,False,True,False,False,1,0,0,0,0,0,3,2,2,2,2,2,3,3,3,3,3,3,0.0,0.0,1,5
9032,stretcher,Barbados,lil more i did want a stretcher yc,stretcher,True,8,34,0,0,0,7,False,False,False,False,2,2,0,0,0,0,5,3,1,1,1,1,5,7,7,7,7,7,0.5,0.5,4,8
9035,stretcher,"Washington DC, an airport ",Stars HC Hughes down w/ what looks like lower back injury. Being put on stretcher. 4:46 to play in the 2nd Wash up 25-23,stretcher,True,24,120,6,8,3,25,False,False,False,False,3,7,5,1,1,0,18,15,8,3,2,1,9,16,21,22,23,23,0.09629629629629631,-0.051851851851851864,7,24
9036,stretcher,,georgegallagher: RT WNBA: Stars coach Dan Hughes taken off court on stretcher after collision with Danielle RobinÛ_ http://t.co/wz4xVZYqJd,stretcher,True,18,139,15,1,9,18,False,True,False,True,2,1,6,1,0,2,16,14,13,7,6,6,4,5,11,12,12,14,0.0,0.0,4,18
9037,stretcher,St.Louis,Throat stretcher http://t.co/vkThHbOQjs,stretcher,True,3,39,5,0,4,3,False,True,False,False,0,0,0,1,0,0,3,3,3,3,2,2,0,0,0,1,1,1,0.0,0.0,0,3
9043,structural failure,"Cimahi,West Java,Indonesia",Investigators say a fatal Virgin Galactic spaceship crash last year was caused by structural failure after the... http://t.co/FoxpVpTttA,structural failure,True,18,136,7,0,4,21,False,True,False,False,2,2,3,3,1,1,16,14,12,9,6,5,4,6,9,12,13,14,0.18333333333333332,-0.15833333333333335,5,18
9046,structural failure,,Investigators say a fatal Virgin Galactic spaceship crash last year was caused by structural failure after the co-pilot unlocked a braking,structural failure,True,21,138,3,0,1,20,False,False,False,False,3,2,3,2,2,3,18,15,13,10,8,6,6,8,11,13,15,18,0.18333333333333332,-0.15833333333333335,6,20
9048,structural failure,United States of America,Investigators say a fatal Virgin Galactic spaceship crash last year was caused by structural failure after the... http://t.co/QOs0DE9BKQ,structural failure,True,18,136,10,2,4,21,False,True,False,False,2,2,3,3,1,1,16,14,12,9,6,5,4,6,9,12,13,14,0.18333333333333332,-0.15833333333333335,5,18
9049,structural failure,"Stone Mountain, GA",Investigators rule catastrophic structural failure resulted in 2014 Virgin Galactic crash http://t.co/nLzbHcfXCM,structural failure,True,12,112,8,4,4,12,False,True,False,False,0,2,1,1,1,2,11,11,9,8,7,6,1,3,4,5,6,8,0.3,-0.3166666666666667,1,12
9050,structural failure,United States,NTSB: Virgin Galactic crash caused by structural failure triggered when brakes unlocked early http://t.co/MgIG4uX7DM Û_,structural failure,True,15,120,12,2,8,15,False,True,False,True,1,1,3,3,1,2,14,13,12,9,6,5,2,3,6,9,10,12,0.3,-0.10833333333333335,2,15
9056,structural failure,Asia,Building structural integrity &amp; failure: problems inspections damages defects testing repair | Rightways https://t.co/a1KN4U3YuA,structural failure,False,14,132,7,3,8,14,False,True,False,False,0,0,1,1,3,3,13,13,13,12,11,8,1,1,2,3,6,9,0.3,-0.3166666666666667,0,14
9063,structural failure,London,@paulmyerscough but also a complete failure of imagination when it comes to institutional/structural analysis regardless of politics,structural failure,False,17,132,0,0,2,16,False,False,False,False,1,2,1,0,1,3,12,11,9,8,8,7,6,8,9,9,10,13,0.35,-0.10833333333333335,7,16
9065,structural failure,Ireland,Virgin galactic crash: early unlocking of brakes triggered structural failure http://t.co/3YLSQ1fSEf http://t.co/ABpMLymHNK,structural failure,True,12,123,14,2,9,13,False,True,False,False,0,0,1,3,1,1,11,11,11,10,7,6,1,1,2,5,6,7,0.3,-0.10833333333333335,1,12
9066,structural failure,,Investigators say a fatal Virgin Galactic spaceship crash last year was caused by structural failure after the... http://t.co/SYL7ou7qVW,structural failure,True,18,136,8,2,4,21,False,True,False,False,2,2,3,3,1,1,16,14,12,9,6,5,4,6,9,12,13,14,0.18333333333333332,-0.15833333333333335,5,18
9068,structural failure,,http://t.co/NSA4kfN2RB Coal Industry's imprudent decisions! Like @TonyAbbottMHR FAILURE to recognize structural change! LOOKOUT INVESTORS!,structural failure,False,14,138,37,2,6,17,False,True,False,True,0,2,0,0,3,0,13,13,11,11,11,8,1,3,3,3,6,6,0.3,-0.49479166666666674,1,14
9069,structural failure,"Virginia Beach, VA USA",ÛÏ@NewsHour: Investigators rule catastrophic structural failure resulted in 2014 Virgin Galactic crash http://t.co/M8HRetrO31Û,structural failure,True,13,129,9,7,12,13,False,True,False,False,0,2,1,1,1,2,12,12,10,9,8,7,1,3,4,5,6,8,0.3,-0.3166666666666667,1,13
9070,structural failure,"BurBank, CA",Can You Afford Structural Failure? http://t.co/X3mKNITh7K,structural failure,True,6,57,11,2,4,7,True,True,False,False,2,0,0,1,0,1,6,4,4,4,3,3,2,2,2,3,3,4,0.3,-0.3166666666666667,0,6
9073,structural failure,Fano (Italy),The NTSB reports that last year's crash of a Virgin Galactic spaceship was caused by structural failure after the Û_ http://t.co/vSAPkWJTEA,structural failure,True,21,140,15,0,8,21,False,True,False,True,4,3,2,3,2,1,18,14,11,9,6,4,7,10,12,15,17,18,0.18333333333333332,-0.15833333333333335,7,21
9076,structural failure,USA,#BBCLive Investigators say a fatal Virgin Galactic spaceship crash last year was caused by structural failure ...  http://t.co/u5suyvLfZJ,structural failure,True,19,137,10,1,5,22,False,True,True,False,3,2,2,2,1,2,16,13,11,9,7,6,6,8,10,12,13,15,0.18333333333333332,-0.15833333333333335,3,19
9091,structural failure,"Swaggdad, Irock",@GazelleBundchen different materials etc. Just because a closer building stayed intact doesn't negate a structural failure in building 7.,structural failure,True,19,137,3,1,2,20,False,False,False,False,0,2,0,4,3,2,15,15,13,13,9,6,4,6,6,10,13,15,0.44999999999999996,-0.15833333333333335,5,17
9092,suicide bomb,,International News Û¢åÊ'Nigeria suicide bomb kills at least seven at market ' via @233liveOnline. Full story at http://t.co/MtTdvy6141,suicide bomb,True,18,135,7,7,12,19,False,True,False,False,1,3,4,1,1,0,14,13,10,6,5,4,5,8,12,13,14,14,0.3166666666666667,0.016666666666666663,3,16
9104,suicide bomb,WorldWide,Pic of 16yr old PKK suicide bomber who detonated bomb in Turkey Army trench released http://t.co/VtVXa0Srmw http://t.co/Qq70Gf99ba,suicide bomb,True,17,130,12,7,8,18,False,True,False,True,4,3,0,3,1,1,15,11,8,8,5,4,6,9,9,12,13,14,0.2,0.1,3,17
9105,suicide bomb,,reaad/ plsss Pic of 16yr old PKK suicide bomber who detonated bomb in Turkey Army trench released,suicide bomb,True,17,97,6,2,1,16,False,False,False,True,4,3,1,4,1,1,15,11,8,7,3,2,6,9,10,14,15,16,0.2,0.1,3,17
9108,suicide bomb,,reaad/ plsss Pic of 16yr old PKK suicide bomber who detonated bomb in Turkey Army trench released,suicide bomb,True,17,97,6,2,1,16,False,False,False,True,4,3,1,4,1,1,15,11,8,7,3,2,6,9,10,14,15,16,0.2,0.1,3,17
9111,suicide bomb,Nigeria,#GRupdates Pic of 16yr old PKK suicide bomber who detonated bomb in Turkey Army trench released --&gt;... http://t.co/hUCyI6NRbB,suicide bomb,True,18,128,14,3,9,21,False,True,True,True,4,3,0,3,1,1,16,12,9,9,6,5,6,9,9,12,13,14,0.2,0.1,3,18
9115,suicide bomb,"lagos , Usa",ll//ll= Pic of 16yr old PKK suicide bomber who detonated bomb in Turkey Army trench released http://t.co/8vBgg9IY7i /,suicide bomb,True,18,117,9,5,8,18,False,True,False,True,4,3,0,3,2,1,15,11,8,8,5,3,7,10,10,13,15,16,0.2,0.1,3,18
9117,suicide bomb,,./.....hmm Pic of 16yr old PKK suicide bomber who detonated bomb in Turkey Army trench released http://t.co/5v29w19tFX /(,suicide bomb,True,18,121,8,7,7,24,False,True,False,True,4,3,0,3,1,1,15,11,8,8,5,4,7,10,10,13,14,15,0.2,0.1,3,18
9122,suicide bomb,,wo Pic of 16yr old PKK suicide bomber who detonated bomb in Turkey Army trench released http://t.co/Sj57BoKsiB /'/'//,suicide bomb,True,18,117,10,4,10,18,False,True,False,True,4,3,0,4,1,1,15,11,8,8,4,3,7,10,10,14,15,16,0.2,0.1,3,18
9125,suicide bomb,Seek for LIGHT today!!!,Pic of 16yr old PKK suicide bomber who detonated bomb in Turkey Army trench released: Harun Ìàekdar a member o... http://t.co/v0NTQyZlPK,suicide bomb,True,21,136,13,3,7,24,False,True,False,True,4,4,1,4,2,0,18,14,10,9,5,3,7,11,12,16,18,18,0.2,0.1,5,21
9127,suicide bomb,,International News Û¢åÊ'Nigeria suicide bomb kills at least seven at market ' via @233liveOnline. Full story at http://t.co/MtTdvy6141,suicide bomb,True,18,135,7,7,12,19,False,True,False,False,1,3,4,1,1,0,14,13,10,6,5,4,5,8,12,13,14,14,0.3166666666666667,0.016666666666666663,3,16
9129,suicide bomb,Nigeria,#Bestnaijamade: 16yr old PKK suicide bomber who detonated bomb in ... http://t.co/KSAwlYuX02 bestnaijamade bestnaijamade bestnaijamade beÛ_,suicide bomb,True,16,140,9,4,9,19,False,True,True,True,4,2,1,1,1,0,15,11,9,8,7,6,5,7,8,9,10,10,0.2,0.1,2,14
9133,suicide bomb,Nigeria,#GRupdates Pic of 16yr old PKK suicide bomber who detonated bomb in Turkey Army trench released --&gt;... http://t.co/P5yASKTq0K,suicide bomb,True,18,128,14,4,9,21,False,True,True,True,4,3,0,3,1,1,16,12,9,9,6,5,6,9,9,12,13,14,0.2,0.1,3,18
9136,suicide bomb,London/Lagos,Pic of 16yr old PKK suicide bomber who detonated bomb in Turkey Army trench released http://t.co/I3ceSn7KXI http://t.co/2yCM0dlQ2f,suicide bomb,True,17,130,14,7,8,18,False,True,False,True,4,3,0,3,1,1,15,11,8,8,5,4,6,9,9,12,13,14,0.2,0.1,3,17
9138,suicide bomb,Nigeria,#Bestnaijamade: 16yr old PKK suicide bomber who detonated bomb in ... http://t.co/KSAwlYuX02 bestnaijamade bestnaijamade bestnaijamade beÛ_,suicide bomb,True,16,140,9,4,9,19,False,True,True,True,4,2,1,1,1,0,15,11,9,8,7,6,5,7,8,9,10,10,0.2,0.1,2,14
9140,suicide bomb,YesNaija.com,Pic of 16yr old PKK suicide bomber who detonated bomb in Turkey Army trench released: Harun Ìàekdar a member o... http://t.co/fMoqK26hIm,suicide bomb,True,21,136,10,4,7,24,False,True,False,True,4,4,1,4,2,0,18,14,10,9,5,3,7,11,12,16,18,18,0.2,0.1,5,21
9147,suicide bomber,,#Noticias Suicide bomber kills 15 in Saudi security site mosque  http://t.co/oipt1uBaXo,suicide bomb,True,12,87,5,3,5,12,False,True,True,False,0,1,2,2,1,1,9,9,8,6,4,3,3,4,6,8,9,10,0.0,0.0,1,12
9150,suicide bomber,,Suicide Bomber Kills 13 At Saudi Mosque: Back in May a suicide bomber struck a Shi'ite mosque in eastern Saud.. http://t.co/FlrOvkANC0,suicide bomb,True,21,134,15,3,6,23,False,True,False,False,1,1,2,5,5,0,15,14,13,11,6,1,7,8,10,15,20,20,0.0,0.0,4,19
9152,suicide bomber,Atlanta,Suicide bomber kills 15 in Saudi security site mosque http://t.co/1I62JjK6pT,suicide bomb,True,10,76,6,6,4,10,False,True,False,False,0,1,2,2,1,1,8,8,7,5,3,2,2,3,5,7,8,9,0.0,0.0,1,10
9153,suicide bomber,,"qtSZg mhtw4fnet

Suicide bomber kills 15 in Saudi security site mosque - Reuters",suicide bomb,True,12,80,5,3,3,11,False,False,False,False,0,1,3,2,1,1,9,9,8,5,3,2,3,4,7,9,10,11,0.0,0.0,1,12
9155,suicide bomber,,Suicide bomber kills at least 15 in Saudi mosque: A suicide bomb attack inside a mosque in a local security fo... http://t.co/n6njdG6r9l,suicide bomb,True,22,136,4,5,5,25,False,True,False,False,0,1,5,4,3,1,15,15,14,9,5,2,7,8,13,17,20,21,0.2,-0.15,5,20
9158,suicide bomber,,New post: Suicide Bomber Kills 13 At Saudi Mosque http://t.co/YcuV4KTgrl,suicide bomb,True,10,72,11,3,5,10,False,True,False,False,1,0,3,2,1,0,8,7,7,4,2,1,3,3,6,8,9,9,0.45454545454545453,0.13636363636363635,0,10
9160,suicide bomber,Netherverse,Suicide bomber detonates in Saudi Arabia mosque 17 reportedly killed http://t.co/BNVCvNYXXj,suicide bomb,True,11,91,11,2,4,11,False,True,False,False,0,0,1,4,1,0,9,9,9,8,4,3,2,2,3,7,8,8,0.0,-0.2,1,11
9163,suicide bomber,Maryland,Suicide Bomber Kills 13 At Saudi Mosque http://t.co/VHQeD0gO0n,suicide bomb,True,8,62,11,4,4,8,False,True,False,False,0,0,2,2,1,0,6,6,6,4,2,1,2,2,4,6,7,7,0.0,0.0,0,8
9165,suicide bomber,India,Suicide bomber kills 15 in Saudi Arabia mosque used by the police :IS claims responsible for barbarism http://t.co/Ux5YA1cSG3,suicide bomb,True,18,125,10,5,5,18,False,True,False,True,3,1,2,5,1,0,15,12,11,9,4,3,6,7,9,14,15,15,0.55,0.2,4,18
9167,suicide bomber,Pune,@ZeeNews How come no one asked the obvious QN? Why show a Hindu suicide bomber?  Never heard of one.,suicide bomb,True,20,100,8,0,1,22,True,False,False,True,5,3,4,0,3,1,16,11,8,4,4,1,9,12,16,16,19,20,0.5,0.0,4,20
9168,suicide bomber,"Dubai, United Arab Emirates",More details: Bomber kills at least 13 at #Saudi mosque in Asir - including 10+ members of 'special emergency forces' http://t.co/i1626mnNd9,suicide bomb,False,21,140,5,9,10,21,False,True,True,False,1,2,2,3,2,2,15,14,12,10,7,5,7,9,11,14,16,18,0.4904761904761905,0.18571428571428572,4,20
9170,suicide bomber,"Vienna, Austria, Europe",Suicide bomber kills 15 in Saudi security site mosque - Reuters http://t.co/KCObrZBVDs http://t.co/y62HSFVIAQ,suicide bomb,True,13,109,17,4,9,14,False,True,False,False,0,1,2,2,2,1,10,10,9,7,5,3,3,4,6,8,10,11,0.0,0.0,1,13
9176,suicide bomber,,[The Guardian] Islamic State claims suicide bombing at Saudi Arabian mosque http://t.co/tqvPUSaFJQ,suicide bomb,True,12,98,12,0,6,12,False,True,False,False,0,1,2,2,4,0,11,11,10,8,6,2,1,2,4,6,10,10,0.0,0.0,1,12
9178,suicide bomber,Worldwide,Google News CA: Suicide bomber kills 15 in Saudi security site mosque - Reuters: Wall Street Jou... http://t.co/mawD20REGb #News #Canada,suicide bomb,True,20,136,16,4,9,23,False,True,True,True,1,3,3,5,2,2,17,16,13,10,5,3,4,7,10,15,17,19,0.0,0.0,1,20
9184,suicide bomber,,#?? #?? #??? #??? Suicide bomber kills 15 in Saudi security site mosque - Reuters  http://t.co/ebGGmfxoBy,suicide bomb,True,17,105,6,2,9,27,True,True,True,False,2,3,2,2,2,1,13,11,8,6,4,2,6,9,11,13,15,16,0.0,0.0,1,15
9186,suicide bomber,,Islamic State claims suicide bombing at Saudi Arabian mosque: Ten members of emergency services... http://t.co/0Bznfdg0aR #Kabari #World,suicide bomb,True,17,136,9,2,7,20,False,True,True,False,1,0,2,2,7,0,15,14,14,12,10,3,3,3,5,7,14,14,0.0,0.0,2,17
9188,suicide bomber,World,'Islamic State' group claims Saudi mosque suicide blast: The jihadist group claims it sent a suicide bomber toÛ_ http://t.co/H2CTpG4oyZ #dw,suicide bomb,True,20,140,9,2,11,20,False,True,True,False,2,1,4,6,2,2,18,16,15,11,5,3,4,5,9,15,17,19,0.0,0.0,2,17
9189,suicide bomber,,17 dead as suicide bomber attacks Saudi Arabian mosque http://t.co/d5cUDwuhww | https://t.co/twnsWk0hFJ,suicide bomb,True,12,103,7,4,9,13,False,True,False,False,0,1,1,2,3,0,9,9,8,7,5,2,3,4,5,7,10,10,0.4,-0.2,1,12
9190,suicide bomber,,IS claims suicide bombing against Saudi police: An Islamic State group suicide bomber on Thursday detona... http://t.co/yoXZFbRvzI #news,suicide bomb,True,18,136,12,0,6,21,False,True,True,False,0,0,4,2,6,1,15,15,15,11,9,3,3,3,7,9,15,16,0.0,0.0,2,17
9196,suicide bombing,,Career goals ?? try not to cause a suicide bombing or raise psychos that like blowing shit up!,suicide bomb,True,18,94,1,0,0,20,True,False,False,False,3,3,3,1,4,0,14,11,8,5,4,0,7,10,13,14,18,18,0.8,-0.25,6,18
9198,suicide bombing,"Charlotte, NC",@JRehling @MyyTwoCentss And if your best evidence is the word of a guy who encouraged suicide bombing as a means to get to heaven.....well..,suicide bomb,True,24,140,6,0,2,30,False,False,False,False,5,3,1,0,2,1,16,11,8,7,7,5,13,16,17,17,19,20,0.3,1.0,11,22
9199,suicide bombing,,AFP: #PKK said it carried out suicide bombing against troops in eastern #Turkey as a reprisal for 'bombing of a civilian village',suicide bomb,True,22,129,7,0,5,21,False,False,True,True,2,3,0,1,6,4,16,14,11,11,10,4,8,11,11,12,18,22,0.0,0.0,9,21
9200,suicide bombing,New York City,"ErdoganÛªs Bloody Gambit: 
Max Zirngast in Jacobin:
On July 20 a suicide bombing took the lives of thirty-one... http://t.co/l1vN8zXLGG",suicide bomb,True,18,136,13,4,12,21,False,True,False,False,1,3,1,1,3,1,14,13,10,9,8,5,5,8,9,10,13,14,0.9,-0.8,4,18
9201,suicide bombing,United Kingdom,@samfbiddle If Gawker so badly wants to commit suicide why don't you just volunteer your offices to test the new F35's bombing capabilities.,suicide bomb,False,23,140,3,2,3,23,False,False,False,False,4,3,4,2,3,0,19,15,12,8,6,3,8,11,15,17,20,20,0.2772727272727273,0.16818181818181818,9,22
9202,suicide bombing,United States,#ISIS claims credit for suicide bombing 'with 6 tons of explosives' at the central command of #Syria(n) T4 airbase http://t.co/QOaU2QLJ3B,suicide bomb,True,20,137,13,4,10,20,False,True,True,True,2,1,2,2,5,0,15,13,12,10,8,3,7,8,10,12,17,17,0.25,0.0,5,19
9204,suicide bombing,"England, United Kingdom",IF SUICIDE BOMBING WASTHE SMARTEST THING2 DO FOR ALLAH/GODJESUS/THE HOLY PROPHET MUHAMMAD COULD HAVE KILLEDSOMEBODY? http://t.co/tGfWuVVHxj,suicide bomb,True,16,139,103,1,6,17,True,True,False,True,1,2,1,2,3,2,14,13,11,10,8,5,3,5,6,8,11,13,0.0,0.0,0,16
9205,suicide bombing,,Kurdish Militants Target Turkish Military In Suicide Attack - Huffington Post http://t.co/03bJm4ORoW,suicide bomb,False,12,100,14,3,5,12,False,True,False,False,0,1,0,2,3,1,10,10,9,9,7,4,2,3,3,5,8,9,0.1,-0.1,0,12
9213,suicide bombing,istanbul,@PieroCastellano @nipped suicide bombing civilians in major TR cities yet?,suicide bomb,True,10,74,4,0,2,10,True,False,False,False,0,1,1,1,3,0,8,8,7,6,5,2,2,3,4,5,8,8,0.5,0.0625,1,10
9214,suicide bombing,,Remembering Sgt.-Maj. Roni Ghanem 28 of Maghar murdered by Hamas terrorists in the suicide bombing of Egged bus No. 361 13 years ago today,suicide bomb,True,24,138,9,7,1,26,False,False,False,False,5,1,4,2,2,1,18,13,12,8,6,4,11,12,16,18,20,21,0.0,0.0,5,23
9224,suicide bombing,USA,Turkish troops killed in Kurdish militant 'suicide attack' http://t.co/q1eIXnjjpt,suicide bomb,False,9,81,4,1,6,9,False,True,False,False,0,0,0,2,3,2,8,8,8,8,6,3,1,1,1,3,6,8,0.0,-0.2,1,9
9227,suicide bombing,"philadelphia, pa",@mehdirhasan percentages of young Muslims who believe suicide bombing is justified per pew research: 35% Britain 42% France 29% Spain,suicide bomb,True,20,133,4,6,5,19,False,False,False,False,6,0,2,1,5,0,18,12,12,10,9,4,8,8,10,11,16,16,0.65,0.25,3,20
9228,suicide bombing,,PKK Suicide Bombing Kills 2 Soldiers in Turkey http://t.co/dfanUDwSQ3,suicide bomb,True,9,69,12,2,4,9,False,True,False,True,1,0,1,1,2,1,7,6,6,5,4,2,3,3,4,5,7,8,0.0,0.0,1,9
9229,suicide bombing,,YAOUNDE Cameroon (AP) ÛÓ Authorities have ordered the closure of mosques and Islamic schools following a series of suicide bombing attacks,suicide bomb,True,21,139,12,0,5,20,False,False,False,True,3,2,0,1,9,1,18,15,13,13,12,3,6,8,8,9,18,19,0.1,0.0,6,20
9234,suicide bombing,"Los Angeles, CA",@61_alvin @Craigyb74 @nomar4eva @Shahasda80 @wherepond @trensabby @parallelpond the wall Israel erected has stopped suicide bombing?,suicide bomb,True,15,132,3,7,8,15,True,False,False,False,2,1,0,1,3,1,15,13,12,12,11,8,2,3,3,4,7,8,0.0,0.0,2,15
9236,suicide bombing,,#ISIL has claimed credit for three suicide bombing attacks targeting regime checkpoints on the outskirts of Al-Qaryatayn. #Homs #Syria,suicide bomb,True,19,134,8,0,4,19,False,False,True,True,3,0,3,3,4,0,17,14,14,11,8,4,5,5,8,11,15,15,0.0,0.0,5,19
9241,suicide bombing,Lagos,MUST-SEE: Massive ISIS Suicide Truck Bombing Caught On Tape http://t.co/hMsPYpozLn via @GabbyOgbechie1TPGazette,suicide bomb,False,12,111,27,1,7,12,False,True,False,True,1,2,1,1,3,0,11,10,8,7,6,3,2,4,5,6,9,9,1.0,0.0,0,12
9243,sunk,"Sussex, UK",According to the tabloids Cilla could've been saved. In the sense that Titanic wouldn't have sunk had it avoided the iceberg.,sunk,True,21,125,4,0,2,22,False,False,False,False,4,4,2,1,2,4,18,14,10,8,7,5,7,11,13,14,16,20,0.0,0.0,9,19
9245,sunk,{Daughter of Ares} {Eighteen},Managed to shuffle over to the bed. Butterflies swarmed in the pit of her belly at @VengefulKnave's offer. Her canines sunk into her lower++,sunk,True,24,140,5,0,4,25,False,False,False,False,6,4,1,1,5,0,19,13,9,8,7,2,11,15,16,17,22,22,0.0,0.0,11,21
9256,sunk,Tweets by David ,Today 5/8/1941 Today 1941 British cargo ship Kumasian torpedoed/sunk Atlantic lost 1 of 60 lives Any1 have link? #crewlist #WW2,sunk,True,20,127,8,15,5,20,True,False,True,True,0,6,5,0,1,3,17,17,11,6,6,5,3,9,14,14,15,18,0.0,0.0,2,19
9258,sunk,vine: woah stelena ,@widow_elena @stelena_always The show sunk because of DE. Are you really that blind? Keep trying with me though ??,sunk,True,19,114,5,0,4,22,True,False,False,True,4,5,0,4,1,0,16,12,7,7,3,2,7,12,12,16,17,17,0.43333333333333335,-0.15,6,19
9261,sunk,,the idea of an album that is entirely ZAYN just sunk in to me and im loving it,sunk,True,18,78,4,0,0,17,False,False,False,True,2,5,1,1,0,1,10,8,3,2,1,1,10,15,16,17,17,18,0.7875,0.3,11,18
9274,sunk,  ?becky?chloe?,IT JUST SUNK IN THAT IM NOT SEEING ONE DIRECTION,sunk,True,10,48,39,0,0,9,False,False,False,True,2,3,0,1,0,0,7,5,2,2,1,1,5,8,8,9,9,9,0.0,0.0,0,10
9279,sunk,St. Catharines,"Sweet jeezus. How is this an election issue?
This is how far we've sunk. https://t.co/XJ5BklBxWI",sunk,True,14,96,9,1,6,17,True,True,False,False,3,1,3,0,1,1,11,8,7,4,4,3,6,7,10,10,11,12,0.825,0.22499999999999998,6,13
9282,sunk,sarah's dreads,Think it's actually sunk in that we've left school ??????????,sunk,True,10,61,1,0,2,19,True,False,False,False,0,4,2,1,0,1,9,9,5,3,2,2,1,5,7,8,8,9,0.05,0.0,4,10
9284,sunk,Kearney (area) Nebraska,"Check out my Lightroom collection ÛÏJordyne Sr Photos Lincoln Hay Col SunkÛ:
more of the results from Sunday

http://t.co/KvBEdKGlgw",sunk,True,17,135,15,0,14,17,False,True,False,False,4,1,1,1,2,0,14,10,9,8,7,5,7,8,9,10,12,12,0.5,0.5,6,17
9285,sunk,,@Birdyword Nice piece you wrote on #RBS sale. Think sunk-cost fallacy disposition effect http://t.co/UIvpE74kUi https://t.co/LdPrUf2wuR,sunk,True,15,135,14,3,11,17,False,True,True,True,1,2,4,1,1,0,14,13,11,7,6,5,2,4,8,9,10,10,1.0,0.6,2,15
9291,sunk,,12 was parked in front my house heart sunk Ta my toes... Lol all I was thinkin 'yal bitches ain finna get me dis time',sunk,True,25,118,3,2,2,27,False,False,False,False,7,2,5,1,3,0,18,11,9,4,3,0,14,16,21,22,25,25,0.7,0.8,8,23
9295,survive,???Û¢???Û¢s??Û¢????Û¢????????s,@ASOLIDRIGHTHOOK omg I remember that?? she just didn't give a shit yet somehow she managed to survive Idek how,survive,True,19,110,17,0,2,20,True,False,False,True,5,4,0,2,3,1,16,11,7,7,5,2,8,12,12,14,17,18,0.8,-0.2,8,18
9299,survive,New Zealand,@amyschumer you eat food in order to survive?! Ugh and to think how much I admired you.,survive,True,17,87,2,0,1,19,True,False,False,False,5,3,2,0,1,0,13,8,5,3,3,2,9,12,14,14,15,15,0.2,0.2,7,16
9302,survive,"Portland, OR",Only 3 months to XCOM 2. I can survive that long. Right? Right?,survive,True,13,63,8,2,0,16,True,False,False,True,1,3,1,3,1,0,9,8,5,4,1,0,5,8,9,12,13,13,0.6178571428571428,0.13035714285714284,3,12
9304,survive,,theyre training all the celebrities 2 b  superheroes so wen the apocalypse occurs theyll survive/repopulate earth w/ superior/hot beings,survive,True,20,136,0,1,3,19,False,False,False,False,4,0,1,4,0,1,15,11,11,10,6,6,9,9,10,14,14,15,0.0,0.0,4,19
9305,survive,HELL,"#Rick Grimes: 'We'll survive. I'll show you how.'

#TheWalkingDead
Season 5
#Conquer
29 Mar 2015 http://t.co/PbAFmAlgtb",survive,True,12,119,14,7,17,14,False,True,True,False,2,3,1,1,1,1,12,10,7,6,5,4,2,5,6,7,8,9,0.0,0.0,2,12
9306,survive,,You deserve love but a queen don't need a king to survive??,survive,True,12,59,1,0,1,13,True,False,False,False,2,3,2,0,1,0,9,7,4,2,2,1,5,8,10,10,11,11,0.6,0.5,5,11
9310,survive,,'I mean if the relationship can't survive thezlong term why on earth would it be worth my time and energyqfor the short term?',survive,True,23,126,1,0,3,23,True,False,False,False,4,3,5,1,1,1,17,13,10,5,4,3,10,13,18,19,20,21,0.3625,-0.00416666666666667,9,22
9312,survive,"Lima, Peru",#ScienceDaily Parental experience may help coral offspring survive climate change http://t.co/M2tJoxkCoU,survive,True,11,104,7,1,5,11,False,True,True,False,1,1,1,1,2,1,11,10,9,8,7,5,1,2,3,4,6,7,0.0,0.0,0,11
9316,survive,Toronto,No @Rookiebluetv tonight?? how will I survive?! @RookieBlue_ABC @mperegrym,survive,True,9,74,8,0,4,12,True,False,False,False,1,1,0,0,0,0,7,6,5,5,5,5,3,4,4,4,4,4,0.0,0.0,2,9
9318,survive,,"The #Future of Insurance and Driverless #Cars: Can the #Insurance Industry Survive #Driverless Cars?
http://t.co/zEARtXBOFt",survive,True,14,123,18,0,10,15,True,True,True,False,4,0,0,1,2,1,13,9,9,9,8,6,5,5,5,6,8,9,0.125,0.0,3,14
9323,survive,,in this game you and candy and friends attack in the pizzeria your mission survive the night,survive,True,17,92,0,0,0,16,False,False,False,False,5,3,2,1,3,1,15,10,7,5,4,1,7,10,12,13,16,17,0.4,-0.4,9,14
9326,survive,m a a l k ,@wildestsdream idkidk they're not breaking up although if they do i'll survive because solo harry bless,survive,True,16,103,0,0,3,15,False,False,False,False,1,3,2,1,3,2,13,12,9,7,6,3,4,7,9,10,13,15,0.0,0.0,8,16
9327,survive,,Just stop and survive off that there such purchases,survive,True,9,51,1,0,0,8,False,False,False,False,2,4,1,0,1,0,9,7,3,2,2,1,2,6,7,7,8,8,0.5,0.0,5,9
9328,survive,6/24/12 7/21/13 8/22/14 7/17/15,did harry survive the show,survive,True,5,26,0,0,0,4,False,False,False,False,2,1,1,0,1,0,5,3,2,1,1,0,2,3,4,4,5,5,0.0,0.0,2,5
9331,survive,,#WWII #SGM T34 in flames but with tank of gasoline to the outside it is likely that the crew survive . http://t.co/Psz22ky0fM,survive,True,22,125,10,5,6,23,False,True,True,True,4,5,1,2,2,1,16,12,7,6,4,2,10,15,16,18,20,21,0.525,0.0,10,21
9335,survive,"Quezon City, National Capital Region",Survive! ???? no sleep as in!,survive,True,6,29,1,0,0,11,True,False,False,False,1,1,1,0,0,1,4,3,2,1,1,1,3,4,5,5,5,6,0.0,0.0,3,6
9336,survive,,#Aquarius women are not the vulnerable type so you do not have to worry about her. She will survive all by herself.,survive,True,22,115,2,0,1,23,False,False,True,False,7,4,3,0,1,1,18,11,7,4,4,3,11,15,18,18,19,20,0.5,-0.5,15,21
9340,survive,,Took the time to finally install #win10 on one of my systems. Let's see if it will survive a weekend of #lanparty.,survive,True,22,114,2,2,3,23,False,False,True,False,3,3,1,1,4,1,14,11,8,7,6,2,11,14,15,16,20,21,1.0,0.0,10,21
9349,survived,Brazil,"Grandma's friends survived to the attack in Hiroshima but they died with cancer when kids/teenagers??
#BombEffects",survive,True,15,114,4,0,4,16,True,False,True,False,2,4,0,2,1,1,13,11,7,7,5,4,4,8,8,10,11,12,0.0,0.0,7,15
9352,survived,The Meadow,Fotoset: ÛÏYou are the person who survived a bunch of rainstorms and kept walking. I now believe that pain... http://t.co/xEGNtXnH3B,survive,True,20,133,9,1,8,24,False,True,False,False,5,2,1,2,2,3,17,12,10,9,7,5,8,10,11,13,15,18,0.0,0.0,8,20
9353,survived,"Charleston, SC",@FoxNews my father's mother survived it. Never met her.,survive,True,9,55,3,0,2,10,False,False,False,False,2,1,1,1,0,3,8,6,5,4,3,3,3,4,5,6,6,9,0.0,0.0,3,9
9354,survived,portsmouth ,Good news Adam Barton survived the helicopter crash in #Emmerdale maybe now he can start training &amp; get match fit. #Pompey,survive,True,21,126,5,0,4,21,False,False,True,False,4,4,5,1,1,2,19,15,11,6,5,4,6,10,15,16,17,19,0.5,0.55,5,21
9356,survived,,Don't even know how I survived that http://t.co/zigDPaCq5B,survive,True,8,58,6,1,5,8,False,True,False,False,1,3,1,0,0,1,7,6,3,2,2,2,2,5,6,6,6,7,0.0,0.0,2,8
9357,survived,behind them oranges,Lets see how long i survived b4 i fall back to dreamland,survive,True,12,56,1,1,0,11,False,False,False,False,2,4,0,0,0,1,8,6,2,2,2,2,6,10,10,10,10,11,0.2,-0.025,4,11
9358,survived,London. ,@Babypicturethis SNACKS SNACKS SNACKS. Snacks is how we survived flights with W&amp;P when they were wee.,survive,True,16,105,22,0,3,17,False,False,False,True,1,5,0,3,3,1,14,13,8,8,5,2,3,8,8,11,14,15,0.0,0.0,7,15
9359,survived,Singapore,Bucket list checked 3 hours of sleep in 2 days with 3 presentations on the second day and survived ??,survive,True,20,101,1,3,0,21,True,False,False,False,3,3,2,2,1,1,13,10,7,5,3,2,10,13,15,17,18,19,0.0,0.0,6,19
9364,survived,"Paddington, London",Survived my first #tubestrike thanks to @Citymapper,survive,True,7,51,2,0,2,6,False,False,True,False,0,0,1,1,0,1,5,5,5,4,3,3,2,2,3,4,4,5,0.26666666666666666,0.225,2,7
9366,survived,argentina,The 390-Year-Old Tree That Survived the Bombing of Hiroshima http://t.co/kEirA8MA3K,survive,True,10,83,13,5,6,10,False,True,False,False,2,2,0,0,1,1,9,7,5,5,5,4,3,5,5,5,6,7,0.0,0.0,2,10
9369,survived,,@justgetawayx everything will turn out fine!! I went to lp/om&amp;m alone and survived it and so can you,survive,True,18,104,1,0,4,19,False,False,False,False,5,3,1,1,0,1,14,9,6,5,4,4,9,12,13,14,14,15,0.5,0.6510416666666667,10,17
9370,survived,uncanny valley,You'll be pleased to know I survived my dental appointment ??,survive,True,11,61,2,0,1,12,True,False,False,False,0,1,0,2,1,1,6,6,5,5,3,2,5,6,6,8,9,10,1.0,0.5,3,11
9379,survived,Gornal - England,Oh my days!!!! Thank God Cain has survived!!! ??#Emmerdale #SummerFate,survive,True,10,70,7,0,2,18,True,False,True,False,2,1,1,0,0,1,8,6,5,4,4,4,4,5,6,6,6,7,0.0,0.0,2,10
9381,survived,,How would you like to be remembered? ÛÓ On how i survived big achievements and what i really am. http://t.co/X7r2LNjsh8,survive,True,20,120,5,3,7,22,True,True,False,True,7,2,1,1,0,1,15,8,6,5,4,4,12,14,15,16,16,17,0.15000000000000002,0.1,9,19
9383,survived,"Eugene, OR",Wow that was a tough final. I barely survived ??,survive,True,10,48,2,0,0,12,True,False,False,False,2,1,1,2,0,1,7,5,4,3,1,1,5,6,7,9,9,10,0.7333333333333334,-0.05972222222222222,3,10
9389,survived,Keeper of the TriForce ,I survived the tube strike! This is my victory smile ;D http://t.co/L3Y3x2Cats,survive,True,12,78,6,3,5,13,False,True,False,False,1,2,1,0,2,1,8,7,5,4,4,2,5,7,8,8,10,11,0.55,0.275,3,12
9390,survived,Cardiff,Trapped a bee in my shoe only one of us survived I just ran 0.15 mi @ a 13'46'' pace with Nike+. http://t.co/IbG4ynJsw8 #nikeplus,survive,True,24,129,6,9,10,26,False,True,True,False,3,6,0,1,2,1,15,12,6,6,5,3,12,18,18,19,21,22,0.5,-0.1,8,23
9392,survivors,Melbourne,Important piece on long-term #health effects of #Hiroshima by @juliepower: http://t.co/J2s4Ng7wGt via @smh @croakeyblog,survive,False,14,119,5,3,11,14,False,True,True,False,1,1,1,0,2,0,11,10,9,8,8,6,4,5,6,6,8,8,1.0,0.4,3,14
9394,survivors,"Dubai, UAE",Haunting memories drawn by survivors http://t.co/a4H2e5xhiK via CNN,survive,False,8,67,6,3,4,8,False,True,False,True,2,0,1,0,0,2,7,5,5,4,4,4,3,3,4,4,4,6,0.0,0.0,1,8
9398,survivors,"Melbourne, Australia",The Cafe Run by Acid Attack Survivors in #India http://t.co/XtVRJMRREs http://t.co/ndvlAPJvQL,survive,False,11,93,20,0,9,12,False,True,True,False,2,2,0,2,0,0,9,7,5,5,3,3,4,6,6,8,8,8,0.0,0.0,2,11
9399,survivors,,CNN: Haunting memories drawn by survivors http://t.co/ZEnDvsgYMD,survive,False,7,64,10,0,5,7,False,True,False,True,0,1,1,0,0,2,6,6,5,4,4,4,1,2,3,3,3,5,0.0,0.0,1,7
9400,survivors,"Richmond, VA, USA",Want to meet @incubusband? Earn your way by watching @thematthewcooke's #SurvivorsGuidetoEarth! #Incubustour2015 - http://t.co/QW5XcXenRD,survive,False,14,137,12,5,10,16,True,True,True,False,1,4,0,0,0,1,11,10,6,6,6,6,4,8,8,8,8,9,0.0,0.0,3,14
9407,survivors,,Aya KanoÛªs family has taken two nuclear hits: First #Hiroshima. Then #Fukushima. http://t.co/kcx9w2EJ8A http://t.co/aC50jw3Xmw,survive,False,14,128,11,6,14,17,False,True,True,False,3,1,3,1,1,1,14,11,10,7,6,5,3,4,7,8,9,10,0.3333333333333333,0.25,1,14
9409,survivors,"Carlow, Ireland",See the comment from @yogal700 on @thejournal_ie:LÌä Niamh leads search for survivors of capsized migrant boat.... http://t.co/TAKgauQ6pd,survive,False,17,137,7,4,10,21,False,True,False,False,3,1,2,1,2,2,15,12,11,9,8,6,5,6,8,9,11,13,0.0,0.0,5,17
9412,survivors,Orlando,#orlando Survivors of Shanghai Ghetto reunite after 70 years http://t.co/f8pE52ZeyX,survive,False,10,83,6,5,5,10,False,True,True,False,0,0,2,1,1,2,8,8,8,6,5,4,2,2,4,5,6,8,0.0,0.0,2,10
9413,survivors,"Bangkok, Thailand.",As Anniversary Nears Atomic Bomb Survivors Speak Out Against Nuclear Power | Common Dreams  http://t.co/n8f2dXVduD,survive,False,16,114,16,2,5,16,False,True,False,False,1,1,3,3,2,0,13,12,11,8,5,3,4,5,8,11,13,13,0.5,-0.3,0,16
9415,survivors,"Brisbane, Australia",'We need to talk about our bums!' Bowel cancer affects young women too (via @WomensWeeklyMag) http://t.co/QJBa3EtfhV,survive,False,16,116,10,1,9,17,False,True,False,False,3,3,4,2,1,0,15,12,9,5,3,2,4,7,11,13,14,14,0.4,0.1,4,16
9419,survivors,SDF-1 Macross S. Ataria Island,Haunting memories drawn by survivors http://t.co/kDh4evYWpt via cnnbrk CNN #news,survive,False,10,80,7,1,5,10,False,True,True,True,2,0,2,1,0,2,9,7,7,5,4,4,3,3,5,6,6,8,0.0,0.0,1,10
9423,survivors,SantibaÌ±ez de Vidriales ZAMORA,A new favorite: Hardwell &amp; Dannic - Survivors (Remake) [FLP Family] by @FLP_Family https://t.co/yGVMztP1rt on #SoundCloud,survive,False,16,125,19,1,15,16,False,True,True,True,1,1,1,1,1,2,12,11,10,9,8,7,5,6,7,8,9,11,0.7272727272727273,0.3181818181818182,2,16
9424,survivors,New York City,"RT @SyedIHusain @penelopephoto 
The man who survived Hiroshima: 'I had entered a living hell on earth' http://t.co/qFinwD7ls7",survive,True,17,125,10,2,10,17,False,True,False,False,3,2,0,2,1,1,13,10,8,8,6,5,7,9,9,11,12,13,0.0,0.0,4,17
9426,survivors,"Temple, GA",No text is worth your life. Hear stories of survivors and pledge not to text and drive. http://t.co/xkAfgsGmZ5,survive,False,18,110,5,1,4,20,False,True,False,False,3,4,2,2,1,0,14,11,7,5,3,2,7,11,13,15,16,16,0.1,0.3,7,16
9427,survivors,"Hollywood, CA",@TheNerdsofColor @GeorgeTakei narrates our new doc about #Hiroshima WWII bombing and survivors tales. Check it out http://t.co/33RfRc7ZqT,survive,False,17,137,15,3,7,18,False,True,True,True,5,1,2,1,1,1,16,11,10,8,7,6,6,7,9,10,11,12,0.45454545454545453,0.13636363636363635,5,17
9428,survivors,"Denver, Co",The legendary dutch producer Dannic is making his way to Denver to bring his progessive house sound to... http://t.co/s3JhXiDslZ,survive,False,19,128,7,1,4,22,False,True,False,False,4,0,5,3,0,1,16,12,12,7,4,4,7,7,12,15,15,16,0.7,0.7,6,17
9429,survivors,,@ShaunKing Check this out: Tribute to survivors of sexual assault by law enforcement officers on facebook.,survive,False,16,106,4,0,2,16,False,False,False,False,1,2,1,1,2,1,12,11,9,8,7,5,5,7,8,9,11,12,0.8333333333333334,0.5,6,16
9433,survivors,"Last Legs, New Zealand",Hiroshima schoolgirls archive memories of A-bomb horror http://t.co/32IzXXrUdP via @ABCNews,survive,False,10,91,11,2,6,10,False,True,False,False,1,0,0,2,1,2,9,8,8,8,6,5,2,2,2,4,5,7,0.0,0.0,1,10
9437,survivors,Greater Boston Area,"Your donation will make a difference in the lives of #survivors of #braininjury. Please donate today.
 http://t.co/noF8f0RScb",survive,False,17,125,5,2,7,19,False,True,True,False,1,3,1,2,1,1,13,12,9,8,6,5,5,8,9,11,12,13,0.0,0.0,6,16
9440,survivors,England,Survivors! Isabel Hodgins Danny Miller Laura Norton &amp; Mark Charnock take a group pic #SummerFate #BehindTheScenes https://t.co/qUKpVpwRFv,survive,False,17,141,19,0,8,18,False,True,True,False,1,2,4,3,1,1,16,15,13,9,6,5,2,4,8,11,12,13,0.0,0.0,1,17
9442,terrorism,Udaipur,"Cross-border terrorism: Pakistan caught red-handed again
http://t.co/FfbnLuiy0f via@timesofindia",terrorism,True,7,96,4,1,9,7,False,True,False,False,0,0,0,1,0,1,7,7,7,7,6,6,0,0,0,1,1,2,0.0,0.0,1,7
9443,terrorism,                           FLA,@BBCNewsAsia State sponsored terrorism.,terrorism,True,4,39,6,0,1,4,False,False,False,False,0,0,1,0,0,0,4,4,4,3,3,3,0,0,1,1,1,1,0.0,0.0,0,4
9444,terrorism,london,Judges considering fate of children as young as two amid radicalisation fears http://t.co/EgWU4mJV0a,terrorism,False,13,100,6,2,4,13,False,True,False,False,1,2,2,1,0,1,10,9,7,5,4,4,4,6,8,9,9,10,0.4,0.1,3,12
9447,terrorism,"Toronto, Ontario",A Brief History of False Flag Terrorism | Wake Up World - http://t.co/KTeqJRXzpc via http://t.co/yZxlQeMKPF,terrorism,True,15,107,20,0,10,16,False,True,False,False,1,2,3,0,1,0,10,9,7,4,4,3,6,8,11,11,12,12,0.4666666666666667,-0.20000000000000004,1,15
9459,terrorism,??????,Online Homeland security: An Appraisal of #PakistanÛªs #Anti-Terrorism #Act http://t.co/aeRU3nStpN,terrorism,True,10,99,12,1,12,10,False,True,True,False,0,1,0,1,0,1,8,8,7,7,6,6,2,3,3,4,4,5,0.0,0.0,1,10
9461,terrorism,,"Truth...
https://t.co/GLzggDjQeH
#News
#BBC
#CNN
#Islam
#Truth
#god
#ISIS
#terrorism
#Quran
#Lies http://t.co/MYtCbJ6nmh",terrorism,True,2,120,25,1,29,6,False,True,True,False,0,0,0,0,0,0,2,2,2,2,2,2,0,0,0,0,0,0,0.0,0.0,0,2
9462,terrorism,Citizen of the World,Combating #fear of #terrorismturn off your tv &amp;Veterans For Peace Calls 4 an End 2 #NATO #VFP http://t.co/YPPG4kZIpS http://t.co/cBfdI6LF2X,terrorism,True,19,143,25,5,14,20,False,True,True,True,3,2,4,0,0,0,14,11,9,5,5,5,8,10,14,14,14,14,0.0,0.0,4,19
9464,terrorism,,Cross-border terrorism: Pakistan caught red-handed again http://t.co/NVGNF9AcuU,terrorism,True,7,79,9,1,7,7,False,True,False,False,0,0,1,1,0,1,7,7,7,6,5,5,0,0,1,2,2,3,0.0,0.0,1,7
9473,terrorism,"Washington, DC",New US counter #terrorism program urges #Muslims to rat each other out critics say http://t.co/r0w85x3b0z http://t.co/VUUQqBo6mp,terrorism,True,16,128,9,6,10,17,False,True,True,False,4,1,2,0,3,1,14,10,9,7,7,4,6,7,9,9,12,13,0.4147727272727273,0.005681818181818177,4,16
9475,terrorism,New Jersey,People buyout over terrorism and Isis but have a better chance getting shot at in a movie theater  https://t.co/jkdjH2zw8s,terrorism,True,20,122,3,2,4,20,False,True,False,False,2,4,1,4,2,0,15,13,9,8,4,2,7,11,12,16,18,18,0.5,0.5,8,19
9476,terrorism,"New Jersey, USA",Cross-border terrorism: Pakistan caught red-handed again @timesofindia http://t.co/ZfdcWV4ch0,terrorism,True,8,93,5,2,8,8,False,True,False,False,0,0,1,1,0,1,8,8,8,7,6,6,0,0,1,2,2,3,0.0,0.0,1,8
9477,terrorism,(SoCal),"?? Iran largest sponsor of terrorism
?? If #IranDeal goes thru US gives $150 Billion

?? FACT: US will become largest supporter of terrorism",terrorism,True,22,140,13,3,6,27,True,False,True,True,0,5,2,1,3,0,16,16,11,9,8,5,6,11,13,14,17,17,0.0,0.0,3,19
9478,terrorism,,"Truth...
https://t.co/Kix1j4ZyGx
#News
#BBC
#CNN
#Islam
#Truth
#god
#ISIS
#terrorism
#Quran
#Lies http://t.co/pi6Qn7y7ql",terrorism,True,2,120,20,5,29,6,False,True,True,False,0,0,0,0,0,0,2,2,2,2,2,2,0,0,0,0,0,0,0.0,0.0,0,2
9479,terrorism,,New US counter #terrorism program urges #Muslims to rat each other out critics say http://t.co/mVn6T9VhUl http://t.co/7lUfjX684i,terrorism,True,16,128,10,6,10,17,False,True,True,False,4,1,2,0,3,1,14,10,9,7,7,4,6,7,9,9,12,13,0.4147727272727273,0.005681818181818177,4,16
9483,terrorism,,@Daggy1 Maybe reagan giving weapons to Iran's regime in the 1980s is terrorism no?,terrorism,True,14,82,3,5,2,14,True,False,False,False,2,0,2,4,2,0,11,9,9,7,3,1,5,5,7,11,13,13,0.0,0.0,5,14
9487,terrorism,,"Truth...
https://t.co/n1K5nlib9X
#News
#BBC
#CNN
#Islam
#Truth
#god
#ISIS
#terrorism
#Quran
#Lies http://t.co/CGz84MUOCZ",terrorism,True,2,120,25,5,29,6,False,True,True,False,0,0,0,0,0,0,2,2,2,2,2,2,0,0,0,0,0,0,0.0,0.0,0,2
9494,terrorist,Kurnool,Terrorist attack in #Udhampur district in J&amp;K; 2 SPOs injured,terrorism,False,10,65,7,1,4,9,False,False,True,False,0,1,0,1,1,2,7,7,6,6,5,4,3,4,4,5,6,8,0.0,0.0,2,9
9497,terrorist,,Udhampur terror attack: NIA takes over probe Pakistani terrorist quizzed; Pak denies link  http://t.co/i3gLzABeGl,terrorism,False,15,113,10,1,6,15,False,True,False,True,2,2,2,2,1,2,14,12,10,8,6,5,3,5,7,9,10,12,0.0,0.0,1,15
9498,terrorist,India,Three Israeli soldiers wounded in West Bank terrorist attack - Haaretz http://t.co/Mwd1iPMoWT #world,terrorism,False,13,100,10,1,6,13,False,True,True,False,0,2,1,2,3,1,11,11,9,8,6,3,2,4,5,7,10,11,0.0,0.0,1,13
9506,terrorist,Tampa Bay. Fire the cannons,Lupe know how to rap about social issues and not be boring.  American Terrorist All Black Everything and Little weapon are good examples,terrorism,False,24,136,7,0,0,24,False,False,False,False,7,3,2,4,1,2,21,14,11,9,5,4,10,13,15,19,20,22,0.43333333333333335,-0.10347222222222223,8,23
9512,terrorist,"Lagos, Nigeria.",POLLS:  SHOULD THE UNBORN BABIES OF BOKO HARAM TERRORIST BE KILLED IN THEIR MOTHERS WOMB OR SPARED?                http://t.co/3skw0DqZ0r,terrorism,False,34,137,82,3,5,35,True,True,False,True,1,2,2,5,2,0,14,13,11,9,4,2,21,23,25,30,32,32,0.0,-0.2,0,19
9514,terrorist,MAD as Hell,RT AbbsWinston: #Zionist #Terrorist kidnapped 15 #Palestinians in overnight terror on Palestinian Villages Û_ http://t.co/J5mKcbKcov,terrorism,False,15,133,12,3,11,15,False,True,True,True,1,0,0,1,0,2,11,10,10,10,9,9,5,5,5,6,6,8,0.0,0.0,2,15
9515,terrorist,"Washington, DC",Reading rec today: Faisal Devji's Terrorist in Search of Humanity on extremists using idea ever since the bomb of humanity as single entity,terrorism,False,23,139,6,0,2,22,False,False,False,False,2,3,2,5,2,2,18,16,13,11,6,4,7,10,12,17,19,21,0.21428571428571427,-0.07142857142857142,6,22
9516,terrorist,,@VICE no sympathyONLF is a terrorist group affiliated with AL shabab This is war! Go report on  war crimes committed by Western powers!,terrorism,False,24,135,13,0,1,25,False,False,False,True,1,3,2,3,2,0,15,14,11,9,6,4,10,13,15,18,20,20,0.0,0.0,7,23
9517,terrorist,MAD as Hell,"RT AbbsWinston: #Zionist #Terrorist Demolish Tire Repair Shop Structure in #Bethlehem
http://t.co/ph2xLI8nVe http://t.co/22fuxHn7El",terrorism,False,12,131,17,5,13,13,False,True,True,False,0,2,0,1,0,2,10,10,8,8,7,7,2,4,4,5,5,7,0.0,0.0,1,12
9518,terrorist,Iraq|Afghanistan| RSA |Baghdad,Tltltltltlttlt @P_Grolsh: Ladies are doing gymnastics in the shower!!! Opening legs wider wololo #MetrofmTalk',terrorism,False,14,110,7,0,5,16,False,False,True,False,2,1,2,2,1,0,13,11,10,8,6,5,3,4,6,8,9,9,0.0,0.0,4,14
9521,terrorist,,To whom we shld ask tht from where this bldy PAK terrorist has entered in our country...?,terrorism,False,17,89,4,0,0,20,True,False,False,True,5,5,1,0,1,0,14,9,4,3,3,2,8,13,14,14,15,15,0.0,0.0,8,17
9523,terrorist,patna,#Article 370 hs to.remove by this govt.otherwise our son who is on Border 'll b slain by Muslim terrorist.Bstrd Media takig SculrismFinis'em,terrorism,False,22,140,7,3,3,24,False,False,True,False,5,1,3,2,0,1,16,11,10,7,5,5,11,12,15,17,17,18,0.0,0.0,7,21
9527,terrorist,Kolkata,something is seriously wrong.suddenly deres one attack after anoder.Did a large contingency of terrorist... http://t.co/MVhjSelV5z,terrorism,False,15,130,5,1,4,20,False,True,False,False,1,0,3,1,0,0,12,11,11,8,7,7,4,4,7,8,8,8,0.5476190476190476,-0.05952380952380952,4,15
9528,terrorist,,Stop using the money of tax layers of the country to feed bloody terrorist. Shot them and give a strong msg as other country does...,terrorism,False,25,132,2,0,0,28,False,False,False,False,5,5,3,3,3,0,20,15,10,7,4,1,10,15,18,21,24,24,0.6694444444444444,-0.16388888888888892,11,22
9530,terrorist,Bharat.,I always wonder why and how media is capable to meet or get details of terrorist? Cops dont even get to know them primarily? Strange,terrorism,False,25,132,3,0,0,26,True,False,False,False,5,6,1,2,3,0,19,14,8,7,5,2,11,17,18,20,23,23,0.275,0.07500000000000001,9,23
9532,terrorist,"New Delhi, Delhi",#Congi &amp; Indian News Presstitutes must be sympathising on the Terrorist caught alive in Jammu.If they can do for Yakub Sonia must be feeling,terrorism,False,24,144,9,0,3,24,False,False,True,False,3,4,4,3,1,1,19,16,12,8,5,4,8,12,16,19,20,21,0.4,0.1,9,22
9534,terrorist,,@RegaJha @sethiankit True also a racial attack in US perturbs buzzfeed India more than 3 back to back terrorist attacks on India..,terrorism,False,22,130,7,1,2,23,False,False,False,False,0,6,1,2,2,3,16,16,10,9,7,5,6,12,13,15,17,20,0.2875,0.2125,6,21
9535,terrorist,Iraq|Afghanistan| RSA |Baghdad,Okay #MetroFmTalk,terrorism,False,2,17,4,0,1,1,False,False,True,False,0,1,0,0,0,0,2,2,1,1,1,1,0,1,1,1,1,1,0.5,0.5,0,2
9536,terrorist,,[August 06 2015 at 08:02PM] Three Israeli soldiers wounded in West Bank terrorist attack via http://t.co/6nDHERpBoT,terrorism,False,16,115,13,11,7,16,False,True,False,True,1,3,1,1,3,2,13,12,9,8,7,4,4,7,8,9,12,14,0.0,0.0,2,16
9543,threat,"Baton Rouge, LA",@szuniverse No threat of that sir... For some reason my Internet connection has slowed way down...,threat,True,16,98,3,0,1,21,False,False,False,False,3,2,0,4,1,1,13,10,8,8,4,3,6,8,8,12,13,14,0.2888888888888889,-0.15555555555555559,6,16
9544,threat,,White Space Devices Pose Threat to Medical Devices Warns Lawmakers  http://t.co/kZ240R8qp9,threat,True,12,90,11,5,4,12,False,True,False,False,0,1,3,1,3,0,10,10,9,6,5,2,2,3,6,7,10,10,0.0,0.0,1,11
9545,threat,"San Francisco, CA",A reminder: White Americans are the biggest terror threat in the United States according to new study. http://t.co/BqzhPjOTF5,threat,True,18,125,10,1,5,19,False,True,False,False,4,0,1,5,1,0,15,11,11,10,5,4,7,7,8,13,14,14,0.22727272727272727,0.06818181818181818,5,17
9546,threat,,Angry Orchard Hard Cider Recalled Due To Threat of Exploding Bottles http://t.co/OXgefsoF2B,threat,True,12,91,14,1,4,12,False,True,False,False,1,1,2,1,2,1,10,9,8,6,5,3,3,4,6,7,9,10,0.6388888888888888,-0.3055555555555556,1,12
9549,threat,"Portland, Oregon, USA",Most Popular Content Top story: Barrel Bombs Not ISIS Are the Greatest ThreatÛ_ http://t.co/c8YYUWmefG see more http://t.co/BsMz4qlLBN,threat,True,17,135,24,2,12,18,False,True,False,True,5,3,1,2,2,1,17,12,9,8,6,4,5,8,9,11,13,14,0.6799999999999999,0.62,2,17
9558,thunder,phx az,The most prescient part of Tropic Thunder was that fat-suit fart comedies would use the 2.40:1 aspect ratio.,thunder,True,18,108,3,4,2,19,False,False,False,False,4,4,1,4,1,2,17,13,9,8,4,3,5,9,10,14,15,17,0.5,0.5,5,18
9560,thunder,kolkata,"Yr voice ws the soundtrack of my summer.Do u know u're unlike any other.U'll always be my thunder! ?
@DarshanRavalDZ http://t.co/XVRbKvannu",thunder,True,20,139,11,0,8,24,True,True,False,False,2,2,1,2,0,1,13,11,9,8,6,6,9,11,12,14,14,15,0.0,0.0,6,19
9561,thunder,@kiarakardashhh | Fayetteville,this thunder though.......,thunder,True,3,26,0,0,0,9,False,False,False,False,0,1,0,0,1,0,3,3,2,2,2,1,0,1,1,1,2,2,0.0,0.0,1,3
9570,thunder,,was that thunder?,thunder,True,3,17,0,0,0,3,True,False,False,False,1,1,0,0,0,1,3,2,1,1,1,1,1,2,2,2,2,3,0.0,0.0,2,3
9573,thunder,,The goddess is said to be married to either Perk?nas (thunder god) or Praam_ius (manifestation of chief heavenly god Dievas).,thunder,True,20,126,4,0,6,21,True,False,False,False,2,2,1,1,2,4,14,12,10,9,8,6,8,10,11,12,14,18,0.25,0.25,6,19
9578,thunder,Michigan ?? South Carolina,I don't wake up until another 2 hours &amp;&amp; I get interrupted . ????? I hate thunder .. ??,thunder,True,19,95,3,1,5,28,True,False,False,False,1,2,4,0,2,0,11,10,8,4,4,2,9,11,15,15,17,17,0.9,-0.8,3,17
9584,thunder,,#FatLoss #Diet How Can You Find The Best Ways To Reduce Weight? http://t.co/czcC7NIEoX #Thunder #Health,thunder,True,15,103,20,1,8,16,True,True,True,False,4,3,1,1,2,2,14,10,7,6,5,3,5,8,9,10,12,14,0.3,1.0,0,15
9587,thunder,,Tuesday Bolts ÛÒ 8.4.15 http://t.co/mkMSV54eV2 #Thunder #NBA,thunder,True,7,61,10,7,9,9,False,True,True,True,1,1,1,1,1,1,7,6,5,4,3,2,1,2,3,4,5,6,0.0,0.0,0,7
9588,thunder,Journey ,I need a thunder buddy. ????,thunder,True,6,28,1,0,0,10,True,False,False,False,0,2,0,1,1,0,4,4,2,2,1,0,2,4,4,5,6,6,0.0,0.0,1,6
9599,thunder,,Raise your words not your voice. It is rain that grows flowers not thunder.,thunder,True,14,75,2,0,0,15,False,False,False,False,2,4,3,1,1,1,12,10,6,3,2,1,4,8,11,12,13,14,0.0,0.0,6,12
9601,thunder,ny || ga,it doesn't really get much better then summer thunder storms wrapped in a blanket. #icouldsitinthismomentforever,thunder,True,15,112,0,0,2,15,False,False,True,False,1,2,0,4,3,1,12,11,9,9,5,2,4,6,6,10,13,14,0.35,0.35,5,15
9604,thunder,,Idk if ithats thunder or people rolling in their trashcans ??????,thunder,True,11,65,1,0,0,16,True,False,False,False,1,0,1,3,2,0,8,7,7,6,3,1,4,4,5,8,10,10,0.0,0.0,4,11
9614,thunderstorm,"Red Deer, Alberta, Canada",[HIGH PRIORITY] SEVERE THUNDERSTORM WATCH ENDED Issued for Red Deer [Updated: Aug 05th 20:29 MDT] http://t.co/ZrIyNa6f6m,thunderstorm,True,16,120,51,8,10,16,False,True,False,True,3,3,4,2,0,0,16,13,10,6,4,4,3,6,10,12,12,12,0.26999999999999996,0.08,1,16
9615,thunderstorm,,Severe Thunderstorm Warning until 10:30 PM local for Oklahoma County in OK. 60 Mph Wind Gusts And Half Dollar Size Hail. #okwx #myswc,thunderstorm,True,23,133,17,6,3,24,False,False,True,True,4,3,6,4,1,1,20,16,13,7,3,2,7,10,16,20,21,22,0.2222222222222222,0.11111111111111112,3,23
9621,thunderstorm,OKC,New event. Severe Thunderstorm Warning from 8/5/2015 9:50 PM to 10:30 PM CDT for Oklahoma County. Mo,thunderstorm,True,17,100,14,13,4,18,False,False,False,True,3,2,1,2,2,2,13,10,8,7,5,3,7,9,10,12,14,16,0.45454545454545453,0.13636363636363635,3,16
9622,thunderstorm,Lake Hefner Bike Trail,Stood there for 20 mics tryin to get a #lightning pic before settling for a vid. #okc #weather #summer #thunderstorm http://t.co/k2GJBOk6ft,thunderstorm,True,21,139,5,4,9,22,False,True,True,False,4,3,3,1,1,2,17,13,10,7,6,5,8,11,14,15,16,18,0.0,0.0,7,19
9623,thunderstorm,United States,GSP issues STRONG THUNDERSTORM WILL IMPACT PORTIONS OF NORTHEASTERN PICKENS COUNTY UNTIL 1115 PM EDT for  Greater Pickens Pickens MountainÛ_,thunderstorm,True,21,141,80,4,3,20,False,False,False,True,3,2,1,4,4,1,18,15,13,12,8,4,6,8,9,13,17,18,0.6166666666666667,0.4666666666666667,1,20
9624,thunderstorm,Cambridge ,A Dog Was Abandoned In A Thunderstorm. But Then A Neighbor Steps Up And Does THIS http://t.co/iR3OXEH7id,thunderstorm,True,17,104,24,2,4,18,False,True,False,True,4,3,1,0,0,1,12,8,5,4,4,4,9,12,13,13,13,14,0.0,0.0,0,15
9626,thunderstorm,"Oklahoma City, OK",Severe Thunderstorm Warning for Oklahoma County in OK until 10:30pm. http://t.co/Iyq8gf437p,thunderstorm,True,11,91,8,8,5,12,False,True,False,False,1,0,1,2,1,2,9,8,8,7,5,4,3,3,4,6,7,9,0.5,0.5,3,11
9628,thunderstorm,Worldwide,RT @LivingSafely: #NWS issues Severe #Thunderstorm Warnings for parts of #AR #NC #OK. Expect more trauma cases: http://t.co/FWqfCKNCQW,thunderstorm,True,18,134,25,0,12,19,False,True,True,True,3,3,1,5,0,1,16,13,10,9,4,4,5,8,9,14,14,15,0.5,0.5,3,18
9630,thunderstorm,finland ,Just woke up to the loudest thunderstorm I've ever heard,thunderstorm,True,10,56,2,0,1,9,False,False,False,False,1,4,1,0,1,0,8,7,3,2,2,1,3,7,8,8,9,9,0.0,0.0,3,10
9631,thunderstorm,,RT @LivingSafely: NWS posts Severe #Thunderstorm Warnings for parts of #AR #NC #OK. Seek strong shelter if at risk: http://t.co/kImr0l24Fb,thunderstorm,True,20,138,19,3,11,21,False,True,True,True,4,2,3,2,1,1,16,12,10,7,5,4,8,10,13,15,16,17,0.6166666666666667,0.4666666666666667,4,20
9633,thunderstorm,"Florence, South Carolina",GSP issues STRONG THUNDERSTORM WILL IMPACT PORTIONS OF NORTHEASTERN PICKENS COUNTY UNTIL 1115 PM EDT for  Greater Pickens Pickens MountainÛ_,thunderstorm,True,21,141,80,4,3,20,False,False,False,True,3,2,1,4,4,1,18,15,13,12,8,4,6,8,9,13,17,18,0.6166666666666667,0.4666666666666667,1,20
9635,thunderstorm,,OUN issues Severe Thunderstorm Warning for Oklahoma [OK] till 10:30 PM CDT http://t.co/do6H2pVuB4,thunderstorm,True,13,97,17,7,7,13,False,True,False,True,3,2,1,2,1,1,12,9,7,6,4,3,4,6,7,9,10,11,0.5,0.5,1,13
9637,thunderstorm,,Special Weather Statement issued August 05 at 10:40PM EDT by NWS: ...STRONG THUNDERSTORM WILL IMPACT PORTIONS ... http://t.co/ulqeR1yTpX,thunderstorm,True,18,136,51,7,6,24,False,True,False,True,2,2,0,3,3,1,15,13,11,11,8,5,5,7,7,10,13,14,0.5714285714285714,0.35714285714285715,2,18
9641,thunderstorm,,Loud ass thunderstorm for no reason !??,thunderstorm,True,7,39,1,0,0,9,True,False,False,False,3,1,0,1,0,0,6,3,2,2,1,1,4,5,5,6,6,6,0.8,0.125,2,7
9647,thunderstorm,Worldwide,RT @LivingSafely: NWS posts Severe #Thunderstorm Warnings for parts of #AR #NC #OK. Seek strong shelter if at risk: http://t.co/HE4Qh2I5wF,thunderstorm,True,20,138,22,3,11,21,False,True,True,True,4,2,3,2,1,1,16,12,10,7,5,4,8,10,13,15,16,17,0.6166666666666667,0.4666666666666667,4,20
9648,thunderstorm,"Oklahoma City, OK",Severe Thunderstorm Warnings have been cancelled in central Oklahoma. Still expect 50 mph winds penny sized hail,thunderstorm,True,17,112,5,2,0,17,False,False,False,False,1,3,4,2,1,1,15,14,11,7,5,4,3,6,10,12,13,14,0.25,0.0,3,17
9649,thunderstorm,336,Pretty bad ass thunderstorm,thunderstorm,True,4,27,1,0,0,3,False,False,False,False,2,0,0,1,0,0,4,2,2,2,1,1,2,2,2,3,3,3,0.8333333333333333,-0.22499999999999992,0,4
9658,tornado,,I asked my dad 'what if a tornado comes ?'and he said 'well you better stick your head between your legs and kiss your butt goodbye'??,tornado,True,26,134,1,0,4,28,True,False,False,False,3,8,6,1,2,0,21,18,10,4,3,1,8,16,22,23,25,25,0.5,0.5,10,24
9662,tornado,"ÌÏT: 35.353272,-78.553744",Storm damage maybe a tornado near Chadbourn. See http://t.co/gAs4sS3dKS http://t.co/zlhVYArtCU,tornado,True,10,94,12,2,8,12,False,True,False,False,1,1,2,1,1,0,9,8,7,5,4,3,2,3,5,6,7,7,0.4,0.1,1,10
9668,tornado,,Going to attempt the California fair again tomorrow hopefully we don't die in a tornado ??,tornado,True,16,90,2,0,1,17,True,False,False,False,2,1,3,0,2,1,11,9,8,5,5,3,7,8,11,11,13,14,0.9,0.7,7,16
9671,tornado,,#tornado #singapore Mac and #cheese #around the world - mac cheese cookbook: http://t.co/rgAm3eQOwn Mac and Ch http://t.co/X6ZJpzB8UP,tornado,True,17,133,12,3,14,18,False,True,True,False,6,0,1,1,2,1,15,9,9,8,7,5,8,8,9,10,12,13,0.0,0.0,3,15
9676,tornado,,http://t.co/Dg0EcBYKJL Tornado warnings end after thunderstorms hammer Calgary region for 2nd night #HeadlinesApp,tornado,True,13,113,11,2,5,13,False,True,True,False,3,0,2,2,2,1,13,10,10,8,6,4,3,3,5,7,9,10,0.0,0.0,2,13
9677,tornado,Midwest,(AL)  Severe Thunderstorm Warning issued August 05 at 8:44PM CDT until August 05 at 9:15PM CDT by NWS http://t.co/bviYy8BMsb #alwx,tornado,False,21,130,23,11,9,21,False,True,True,True,3,1,2,6,1,0,15,12,11,9,3,2,9,10,12,18,19,19,0.0,0.0,4,17
9679,tornado,"Mumbai, India.","Saam's character rocks! @OliLafont A must read for #Fantasy #mythology lover 
http://t.co/izgHpYQko4 http://t.co/XAibgO445o #TornadoGiveaway",tornado,True,14,140,13,4,14,16,False,True,True,False,1,2,1,2,0,1,13,12,10,9,7,7,2,4,5,7,7,8,0.0,0.0,1,14
9682,tornado,Canada,Tornado warnings issued for southern Alberta http://t.co/zqmzAi8yIz,tornado,True,7,67,4,1,4,7,False,True,False,False,1,0,0,1,2,2,7,6,6,6,5,3,1,1,1,2,4,6,0.0,0.0,1,7
9685,tornado,Any town USA,@MarquisDeSpade You can tell yer sins to me. I won't judge you. Take your clothes off and we can sing a hymn. Let's do Abba .@TORNADO_CHICK,tornado,True,26,139,20,0,5,29,False,False,False,True,7,7,4,0,1,0,21,14,7,3,3,2,12,19,23,23,24,24,0.0,0.0,11,25
9689,tornado,,@sarahnandola BTW we all live in libertyville now. Bc of the tornado,tornado,True,12,68,4,0,1,12,False,False,False,True,3,2,0,0,1,0,8,5,3,3,3,2,7,9,9,9,10,10,0.5,0.13636363636363635,6,12
9692,tornado,,A tornado flew around my room before you came...,tornado,True,9,48,1,0,0,11,False,False,False,False,1,2,0,2,2,0,7,6,4,4,2,0,3,5,5,7,9,9,0.0,0.0,3,9
9693,tornado,"riverwest, milw ",@dead_last I'm going to live out of my car for a year probably 2016 life goals :),tornado,False,17,81,1,4,5,16,False,False,False,False,4,4,2,0,0,1,12,8,4,2,2,2,9,13,15,15,15,16,0.75,0.3181818181818182,6,17
9694,tornado,"Gurgaon, Haryana. ",#TornadoGiveaway åÊ #thebookclub åÊ Join in!! https://t.co/8qucf6sgOc https://t.co/5U1t8hc4uf,tornado,True,8,93,5,6,14,11,False,True,True,False,0,2,0,0,0,0,6,6,4,4,4,4,2,4,4,4,4,4,0.0,0.0,1,7
9696,tornado,,Loving you was like throwing a lasso around a tornado I tried to hold on to.??,tornado,True,16,78,2,0,0,18,True,False,False,False,2,2,3,2,1,1,11,9,7,4,2,1,7,9,12,14,15,16,0.95,0.6,6,15
9700,tornado,,Blonde beauty Amanda shows you her big natural boobs in her first set http://t.co/qew4c5M1xd View and download video,tornado,False,18,116,4,3,4,18,False,True,False,False,6,1,4,3,1,1,17,11,10,6,3,2,7,8,12,15,16,17,0.20833333333333331,0.0875,5,17
9711,tragedy,"Mumbai, India",Rly tragedy in MP: Some live to recount horror: ÛÏWhen I saw coaches of my train plunging into water I called ... http://t.co/KiXRcBNjLs,tragedy,True,23,137,13,0,9,26,False,True,False,True,4,3,2,1,5,1,17,13,10,8,7,2,10,13,15,16,21,22,0.5,0.13636363636363635,5,22
9713,tragedy,bucky barnes hell,@enjoltair that would be both a tragedy but also extremely realistic and p cool yeah sure,tragedy,True,16,89,0,0,1,15,False,False,False,False,2,6,1,0,1,0,13,11,5,4,4,3,5,11,12,12,13,13,0.6240740740740741,0.33888888888888885,6,16
9720,tragedy,"SÌ©te, France, (foto c.1968)","@TEDMED
I remember my friend Jeff Weisberg saying ÛÏIf I can only gat back from this ER shift w/out a kiddie tragedy'",tragedy,True,21,118,13,0,7,20,False,False,False,True,2,5,3,3,0,3,17,15,10,7,4,4,6,11,14,17,17,20,0.5,0.0,6,21
9721,tragedy,http://www.amazon.com/dp/B00HR,'1 Death is a tragedy; a million Deaths is a statistic.' Stalin August 6 1945 U.S. Atomic Bomb Dropped On... http://t.co/kaMPx4eOS9,tragedy,True,21,131,14,8,7,27,False,True,False,True,0,3,2,4,2,1,14,14,11,9,5,3,7,10,12,16,18,19,0.0,0.0,5,18
9725,tragedy,America,They can only ban SAFE abortions- back alley tragedy will come back.  USA is NOT a theocracy!!!!! http://t.co/qIkS2FUTb1,tragedy,True,19,120,16,2,5,25,False,True,False,True,4,6,2,0,1,0,16,12,6,4,4,3,7,13,15,15,16,16,0.375,0.125,5,19
9726,tragedy,"Berkeley, CA",@MindfulYoga responds to the tragedy of #CecilTheLion http://t.co/5tPZ7loLlX #yoga #compassion @Hugger_Mugger http://t.co/MhIF6mPNTs,tragedy,True,12,132,17,3,14,13,False,True,True,False,1,0,1,0,1,1,10,9,9,8,8,7,3,3,4,4,5,6,0.0,0.0,3,12
9727,tragedy,Sheeps Clothing,@MeekMill Have your beef Idgaf but you went too far when you used a tragedy where PEOPLE DIED to insult Drake. You owe T.O an apology.,tragedy,True,26,134,18,0,1,28,False,False,False,True,8,7,2,3,1,1,23,15,8,6,3,2,11,18,20,23,24,25,1.0,0.1,10,25
9735,tragedy,"Jefferson, GA",If our love is tragedy why are you my remedyyyy,tragedy,True,10,47,1,0,0,9,False,False,False,False,4,1,0,0,1,0,7,3,2,2,2,1,7,8,8,8,9,9,0.6,0.5,6,10
9740,tragedy,,jiwa mines Rly tragedy in MP: Some live to recount horror: ÛÏWhen I saw coaches of my train plunging into water... http://t.co/LOEPKBS38J,tragedy,True,22,138,14,2,9,25,False,True,False,True,3,4,2,0,5,2,17,14,10,8,8,3,8,12,14,14,19,21,0.5,0.13636363636363635,5,22
9742,tragedy,,Rly tragedy in MP: Some live to recount horror: ÛÏWhen I saw coaches of my train plunging into water I called ... http://t.co/BdlqasD0wB,tragedy,True,23,137,10,1,9,26,False,True,False,True,4,3,2,1,5,1,17,13,10,8,7,2,10,13,15,16,21,22,0.5,0.13636363636363635,5,22
9743,tragedy,,These women all bonded through tragedy. All of em were broken in some way,tragedy,True,14,73,2,0,0,14,False,False,False,False,3,2,2,2,1,1,11,8,6,4,2,1,6,8,10,12,13,14,0.4,-0.4,6,14
9747,tragedy,Namma Bengaluru,Rly tragedy in MP: Some live to recount horror: ÛÏWhen I saw coaches of my train plunging into water I called ... http://t.co/cSPAmWTo6T,tragedy,True,23,137,13,1,9,26,False,True,False,True,4,3,2,1,5,1,17,13,10,8,7,2,10,13,15,16,21,22,0.5,0.13636363636363635,5,22
9748,tragedy,Mumbai,Rly tragedy in MP: Some live to recount horror: ÛÏWhen I saw coaches of my train plunging into water I c... http://t.co/AWWg8kNMZg Over.,tragedy,True,23,137,14,1,9,27,False,True,False,True,3,4,3,0,5,1,17,14,10,7,7,2,9,13,16,16,21,22,0.5,0.13636363636363635,5,22
9751,tragedy,,Rly tragedy in MP: Some live to recount horror: ÛÏWhen I saw coaches of my train plunging into water I called ... http://t.co/HR4GNyGSiC,tragedy,True,23,137,14,1,9,26,False,True,False,True,4,3,2,1,5,1,17,13,10,8,7,2,10,13,15,16,21,22,0.5,0.13636363636363635,5,22
9758,trapped,,@LauraE303B @SheilaGunnReid A war we'll never win? There r 2500 Yezidi women trapped as slaves.We know where they are. Doing nothing is evil,trapped,True,23,140,11,7,3,25,True,False,False,False,1,6,6,1,2,0,19,18,12,6,5,3,5,11,17,18,20,20,0.4666666666666666,-0.5333333333333333,6,23
9767,trapped,,Think of it as a reality TV show I tell myself to quell the panic rising in my throat. Introvert: Trapped in Tokyo. The 150-square-foot,trapped,True,25,135,8,3,3,26,False,False,False,False,2,2,3,3,3,0,15,13,11,8,5,2,12,14,17,20,23,23,0.0,-0.2,10,24
9768,trapped,,Been signed off work for a week as i have a trapped nerve and can not move.! Life is a struggle right now.! ????,trapped,True,24,112,2,0,0,31,True,False,False,False,5,6,3,2,1,1,18,13,7,4,2,1,11,17,20,22,23,24,0.26785714285714285,0.05357142857142855,12,22
9773,trapped,,"Confused Westie Believes Dogs Are Trapped In The Computer
http://t.co/aWZoNRYc9y http://t.co/HwJ7GwAVvB",trapped,True,10,103,20,2,9,11,False,True,False,False,2,1,0,1,1,2,9,7,6,6,5,4,3,4,4,5,6,8,0.35,-0.30000000000000004,0,10
9777,trapped,,(#TeambrianMundial) Hollywood Movie About Trapped Miners Released in Chile: 'The 33' Holly... http://t.co/Ama6AVULnA (#TeambrianMundial),trapped,True,14,136,19,3,13,17,False,True,True,False,1,1,2,2,1,2,13,12,11,9,7,6,2,3,5,7,8,10,0.0,-0.2,1,13
9781,trapped,Massachusetts,No one on the south shore knows how to make good coffee and I'm trapped in a living hell,trapped,True,19,88,2,0,1,18,False,False,False,False,5,3,3,2,1,0,14,9,6,3,1,0,10,13,16,18,19,19,0.30000000000000004,0.24999999999999997,7,19
9784,trapped,,"Then @slrqxcrls on this trapped out evil monster!

https://t.co/n3I79QLBsS",trapped,True,8,74,6,3,7,9,False,True,False,False,1,3,0,0,1,0,7,6,3,3,3,2,2,5,5,5,6,6,0.5,-0.6,3,8
9786,trapped,instagram- joeyparmenterr,Eric is 18 trapped in a 48 year olds buddy,trapped,True,10,42,1,4,0,9,False,False,False,False,0,3,1,0,1,0,5,5,2,1,1,0,5,8,9,9,10,10,0.0,-0.2,3,10
9789,trapped,USA,Hollywood Movie About Trapped Miners Released in Chile: 'The 33' Hollywood movie about trapped min... http://t.co/BinNJwobtU #topstories,trapped,True,17,136,13,2,8,20,False,True,True,False,1,1,4,3,2,1,16,15,14,10,7,5,2,3,7,10,12,13,0.0,-0.2,2,16
9792,trapped,,took her to the trap house now lil mama trapped out ??,trapped,True,12,54,0,0,0,13,True,False,False,False,5,3,1,0,1,0,10,5,2,1,1,0,7,10,11,11,12,12,0.0,-0.2,5,12
9793,trapped,"Houston, TX",If I ever saw a dog trapped in a hot car you better believe I'm busting your fucking windows open and taking your dog,trapped,True,24,117,3,0,1,23,False,False,False,False,8,4,0,2,5,0,19,11,7,7,5,0,13,17,17,19,24,24,0.53,-0.009999999999999986,7,21
9798,trapped,Ur BaQ,Hollywood movie about trapped miners released in Chile: SANTIAGO Chile (AP) ÛÓ The Hollywood movie on the 33 m... http://t.co/RAzFkXbhMN,trapped,True,20,137,21,2,10,23,False,True,False,True,3,2,4,2,1,2,17,14,12,8,6,5,6,8,12,14,15,17,0.0,-0.2,5,18
9799,trapped,Venezuela,Billionaire Mottas Try Getting Trapped Money Out of Venezuela - Bloomberg http://t.co/5JqMWaf6Vp,trapped,True,12,96,13,2,5,12,False,True,False,False,2,0,1,1,2,0,10,8,8,7,6,4,4,4,5,6,8,8,0.0,-0.2,1,12
9802,trapped,,@Pandamoanimum Duly noted.The involuntary wince I have when people send me words like 'holibobs' must make it look like I have trapped wind.,trapped,True,23,140,5,0,3,24,False,False,False,False,0,10,3,1,1,0,19,19,9,6,5,4,4,14,17,18,19,19,0.0,-0.2,5,20
9803,trapped,,1961 LES WOZNI In Hospital After He Broke His Leg Trapped in CAVE IN Press Photo http://t.co/7Rr4lo1lfW http://t.co/IOLOFaphsv,trapped,True,18,126,31,7,8,19,False,True,False,True,3,2,5,0,1,1,14,11,9,4,4,3,7,9,14,14,15,16,0.0,-0.2,1,18
9804,trapped,Orlando,It's a trap not a fucking game. U ain't trapping if u ain't trapped,trapped,True,14,67,2,0,3,14,False,False,False,False,1,2,3,0,2,1,9,8,6,3,3,1,6,8,11,11,13,14,0.2,0.0,4,12
9805,trapped,A glass case of emotions,@JetsetExtra A2 - meeting new interesting people learning about new places and the freedom to not be trapped by circumstances #JSETT,trapped,True,21,132,8,1,3,20,False,False,True,True,5,0,1,3,3,1,16,11,11,10,7,4,10,10,11,14,17,18,0.3522727272727273,0.1431818181818182,7,20
9807,trapped,,Ghost is literally surrounded by people who are trapped mentally. Small minded individuals smh.,trapped,True,14,95,2,0,0,15,False,False,False,False,2,1,2,2,1,0,12,10,9,7,5,4,4,5,7,9,10,10,0.2,-0.225,4,14
9809,trauma,,Students suffering from trauma ÛÓ like divorce violence &amp; poverty ÛÓ often act out. Schools are trying a new approach. http://t.co/mDaCuJ9W1q,trauma,True,21,147,6,2,12,23,False,True,False,True,5,3,2,2,3,2,20,15,12,10,8,5,6,9,11,13,16,18,0.45454545454545453,0.13636363636363635,4,20
9811,trauma,The Jewfnited State,"RT MME_AUSTIN: Why #Marijuana Is Critical For Research in Treating #PTSD

http://t.co/T6fuAhFp7p 
#hempoil #cannÛ_ http://t.co/RhE7dXM7Ey",trauma,False,14,138,30,4,20,15,False,True,True,True,2,0,0,0,0,4,11,9,9,9,9,9,5,5,5,5,5,9,0.8,0.0,1,14
9814,trauma,N.E.Ohio,sickmund: RT NCJFCJ: #NCJFCJ President Judge Byrne opens the first Nat'l Summit on #Trauma &amp; the Courts in #ClevelÛ_ http://t.co/1rzxqpUGFG,trauma,True,20,144,26,1,15,20,False,True,True,True,2,0,6,2,3,0,17,15,15,9,7,4,5,5,11,13,16,16,0.3333333333333333,0.25,4,19
9817,trauma,"Detroit, MI",What I Learned About Fat Dating Trauma Through Piggy and Kermit https://t.co/FJwQdThAIh,trauma,True,12,87,16,0,4,12,False,True,False,False,2,1,2,3,2,0,11,9,8,6,3,1,3,4,6,9,11,11,0.0,0.0,1,12
9821,trauma,"Nashville, TN",Esteemed journalist recalls tragic effects of unaddressed #childhood #trauma. #counciling #therapy #newauthors #HIV http://t.co/GXq1AuhzCy,trauma,True,14,138,8,1,10,15,False,True,True,True,0,1,0,1,2,3,13,13,12,12,11,9,1,2,2,3,5,8,0.75,-0.75,1,14
9824,trauma,,It's shocking how your heart repairs itself from such terrible trauma,trauma,True,11,69,1,0,1,10,False,False,False,False,1,4,1,2,1,2,11,10,6,5,3,2,1,5,6,8,9,11,0.8333333333333334,-0.6666666666666666,5,11
9825,trauma,NYC,Effective immediately Maimonides Medical Center is no longer an Adult or Pediatric Trauma Center. http://t.co/rTs30ZuVhT,trauma,True,15,120,12,2,4,16,False,True,False,False,0,0,1,3,2,0,11,11,11,10,7,5,4,4,5,8,10,10,0.26,0.1,4,15
9827,trauma,,@MountSinaiNYC @Beingtweets @Susancares2x #onbeingwithKristaTippett This is important for women living w/HIV the science of trauma,trauma,True,15,130,13,1,5,14,False,False,True,False,2,1,2,2,1,0,13,11,10,8,6,5,4,5,7,9,10,10,1.0,0.4,4,15
9839,trauma,,Hiroshima: They told me to paint my story: Eighty-nine year old man recalls the terror and the trauma when the... http://t.co/VhMbN4bn0b,trauma,True,21,136,6,2,7,24,False,True,False,False,5,4,1,4,1,0,18,13,9,8,4,3,8,12,13,17,18,18,0.2,0.1,8,20
9840,trauma,,Idk how I'm supposed to have my daughter in gymnastics and cheer at the same time? She refuses to make a choice. Ugh DIVA ??,trauma,False,25,124,8,0,1,28,True,False,False,True,7,4,2,0,2,2,18,11,7,5,5,3,14,18,20,20,22,24,0.125,0.0,11,24
9843,trauma,"California, USA",@AngstAttack Dating a woman does NOT make you a Lesbian. However Lesbians are in fact caused by experiencing trauma involving a man.,trauma,True,22,132,9,0,1,23,False,False,False,True,3,4,1,3,1,2,17,14,10,9,6,5,8,12,13,16,17,19,0.0,0.0,8,20
9844,trauma,"Austin,Tx","Why #Marijuana Is Critical For Research in Treating #PTSD

http://t.co/5PRq6FvE5Z 
#hempoil #cannabis #marijuananews http://t.co/HcvbwtKlMT",trauma,False,13,139,20,3,16,14,False,True,True,False,2,0,0,0,0,3,11,9,9,9,9,9,4,4,4,4,4,7,0.8,0.0,1,13
9845,trauma,"Eugene, OR",Your brain is particularly vulnerable to trauma at two distinct ages http://t.co/Wvq0Rf6UAm,trauma,True,12,91,5,2,4,12,False,True,False,False,1,2,1,1,0,1,9,8,6,5,4,4,4,6,7,8,8,9,0.4,-0.1,3,12
9847,trauma,"Brooklyn, NY and Norfolk, Va",Your brain is particularly vulnerable to trauma at two distinct ages http://t.co/RAv8iMVvZB via @qz,trauma,True,14,99,7,1,5,14,False,True,False,False,3,2,1,1,0,1,11,8,6,5,4,4,6,8,9,10,10,11,0.4,-0.1,3,14
9848,trauma,,Gutted. 6 weeks to go. Suspected fracture to my left ankle. Trauma clinic to see Specialist tomorrow #gnr @sageuk http://t.co/wa3sIUtoI0,trauma,True,20,136,7,3,6,23,False,True,True,False,2,2,1,3,2,2,15,13,11,10,7,5,7,9,10,13,15,17,0.0,0.0,4,18
9851,trauma,"Burlington, VT",Your brain is particularly vulnerable to trauma at two distinct ages http://t.co/PTLgpqQeuQ,trauma,True,12,91,6,0,4,12,False,True,False,False,1,2,1,1,0,1,9,8,6,5,4,4,4,6,7,8,8,9,0.4,-0.1,3,12
9852,trauma,,North American Rescue IFAK Refill Trauma Kit with NEW Red Tip Tourniquet IPOK + http://t.co/wrxwCA35EZ http://t.co/Ve0vXVJOkz,trauma,True,16,125,29,3,9,17,False,True,False,True,4,3,1,3,0,1,15,11,8,7,4,4,5,8,9,12,12,13,0.15151515151515152,0.04545454545454545,1,16
9855,trauma,S.P.Brasil,PTSD research aims to answer a question left to future researchers in 1922 by a post WW1 inquiry http://t.co/gRDebWx70f,trauma,False,19,119,9,7,4,19,False,True,False,True,1,5,0,2,1,2,13,12,7,7,5,4,7,12,12,14,15,17,0.0625,0.0,6,17
9856,trauma,,RT @judithabarrow author CHANGING PATTERNS  #amazon http://t.co/0oCrOtMkHM SILENT TRAUMA http://t.co/2ZGrVnMDW9 #amazon,trauma,True,12,119,41,3,11,13,False,True,True,True,0,0,0,3,2,2,10,10,10,10,7,5,2,2,2,5,7,9,0.1,0.0,0,11
9863,traumatised,"53.337853,-6.288693",I've spent the day  traumatised about the fact that there is loads of good music out there and I'm probably not going to hear it all,trauma,True,27,132,2,0,2,26,False,False,False,False,8,5,7,0,0,1,22,14,9,2,2,2,13,18,25,25,25,26,0.35000000000000003,0.3,14,25
9867,traumatised,MakoHaru Hell,Can you imagine how traumatised Makoto would be if he could see himself in the dub (aka Jersey Shore AU) rn? Well done America,trauma,True,24,126,8,0,2,24,True,False,False,True,8,3,3,2,3,0,20,12,9,6,4,1,12,15,18,20,23,23,0.0,0.0,8,24
9871,traumatised,,@TremendousTroye I'm so traumatised,trauma,True,4,35,3,0,2,3,False,False,False,False,1,0,0,0,0,0,3,2,2,2,2,2,2,2,2,2,2,2,0.0,0.0,1,4
9876,traumatised,Time for NON VIOLENT dissent! ,"@PeterDutton_MP 
YOU DIDN'T 'STARE' DOWN 'PPL SMUGGLERS' 
YOU PAID THEM TO GO AWAY!
2 men died many traumatised children abused. #auspol",trauma,True,20,136,52,1,11,21,False,False,True,True,1,8,0,1,4,1,18,17,9,9,8,4,3,11,11,12,16,17,0.3944444444444445,0.15277777777777776,0,19
9879,traumatised,,Watching Casino Royale. She's clearly traumatised! Sucking her fingers work! Right?! #JamesBond,trauma,True,12,95,8,0,2,16,True,False,True,False,1,0,2,1,5,1,12,11,11,9,8,3,1,1,3,4,9,10,0.4595238095238095,0.25669642857142855,1,12
9882,traumatised,"Halifax, Nova Scotia, Canada",@michellemccann we had that last night - lightning for 2 hours! Poor Dawg traumatised. Ended up huddling in basement. @David_Williamso,trauma,True,20,134,5,1,4,22,False,False,False,False,2,4,2,1,0,1,15,13,9,7,6,6,7,11,13,14,14,15,0.3333333333333333,-0.2,6,20
9891,traumatised,"Bideford, England",@Tanishaa_ I have never watched it until now.. actually traumatised! ??,trauma,True,11,71,2,0,2,15,True,False,False,False,0,1,3,0,1,1,8,8,7,4,4,3,3,4,7,7,8,9,0.1,0.0,3,11
9892,traumatised,,Why is the story about Kids Company about POLITICIANS over a measly å£3million?  Why is it not about THE KIDS??? Our traumatised children?,trauma,True,24,138,23,1,2,28,True,False,False,True,6,2,4,1,2,0,19,13,11,7,6,4,11,13,17,18,20,20,0.8666666666666667,-0.5666666666666668,10,20
9893,traumatised,Glasgow,@lisajdavidson1 @Nataliealana87 @WestEndShiv I'm already traumatised by my first full day at the Fringe,trauma,True,14,103,6,3,4,13,False,False,False,False,3,1,1,1,1,0,11,8,7,6,5,4,6,7,8,9,10,10,0.44166666666666665,0.3,4,14
9895,traumatised,Plymouth,Still traumatised at the sight of an old woman throwing her shit out the window ?????,trauma,True,16,85,1,0,0,20,True,False,False,False,5,1,4,1,0,1,13,8,7,3,2,2,8,9,13,14,14,15,0.5,-0.05,7,15
9899,traumatised,Unauthentically British UK,for an extra month I was literally traumatised that couldn't been me. But I do a recap in a pool every now &amp; again for safety purposes.,trauma,True,27,139,3,0,3,28,False,False,False,False,6,3,6,1,0,1,20,14,11,5,4,4,13,16,22,23,23,24,0.1,0.0,13,24
9900,traumatised,,sunakawa is gonna be like traumatised forever i think lol,trauma,True,10,57,0,0,0,9,False,False,False,False,1,1,2,0,1,1,7,6,5,3,3,2,4,5,7,7,8,9,0.7,0.8,3,10
9902,traumatised,Free and democratic Britain,@lovestheworld55 @SemiMooch so that's why you're now willing to believe nonsense - you were traumatised? Sorry to hear but bible still fake,trauma,True,22,139,3,2,5,22,True,False,False,False,4,3,3,2,2,1,18,14,11,8,6,4,8,11,14,16,18,19,0.9166666666666666,-0.25,10,21
9903,traumatised,London,@DanDoherty_ @TomCenci @HRWright too traumatised to ask why.....,trauma,True,8,64,7,0,4,12,False,False,False,False,2,0,0,0,0,1,7,5,5,5,5,5,3,3,3,3,3,4,0.0,0.0,3,8
9904,traumatised,"Portsmouth, UK",@ibAUTUMN I'm that traumatised that I can't even spell properly! Excuse the typos!,trauma,True,13,82,9,0,3,14,False,False,False,False,2,3,2,2,0,0,12,10,7,5,3,3,3,6,8,10,10,10,0.05,-0.0625,3,12
9908,trouble,,@TitusOReily He's not responsible for the trouble urine!,rubble,False,8,56,4,0,2,8,False,False,False,False,3,1,0,1,1,0,8,5,4,4,3,2,3,4,4,5,6,6,0.375,-0.175,3,8
9913,trouble,Southeast Michigan (HOTH),Pissed something off in the wood pile. Pulling pieces out and I get a small hiss and a series of low clicks for my trouble.,rubble,False,25,123,3,0,0,26,False,False,False,False,8,2,2,4,1,1,19,11,9,7,3,2,14,16,18,22,23,24,0.3,-0.15,11,23
9914,trouble,"City of Bacoor, CALABARZON PHL",RT MMDA: ADVISORY: Stalled Bus at EDSA Service Road Cubao SB due to mechanical trouble as of 7:53 AM. 1 lane occupied. MMDA T/C on site. TÛ_,rubble,False,27,141,34,4,7,29,False,False,False,True,4,6,3,0,3,0,19,15,9,6,6,3,12,18,21,21,24,24,0.2875,-0.1625,5,27
9917,trouble,SeattIe,a room full of adults going ÛÏboonew boonewÛ along with the ÛÏmake it doubleÛ part of Pokemon PLÛªs shitty midi of Prepare For Trouble,rubble,False,24,141,6,0,15,23,False,False,False,False,2,5,2,3,4,0,19,17,12,10,7,3,7,12,14,17,21,21,0.375,0.07499999999999998,7,22
9922,trouble,,RT  ADVISORY: Stalled Bus at EDSA Service Road Cubao SB due to mechanical trouble as of 7:53 AM. 1 lane occupied.Û_ https://t.co/HRNZKU66mm,rubble,False,23,140,29,6,9,25,False,True,False,True,3,4,1,0,3,0,15,12,8,7,7,4,11,15,16,16,19,19,0.2875,-0.1625,4,23
9924,trouble,"Lawrence, MA",since  it    is  a righteous thing with God to repay with tribulation those who trouble you https://t.co/YLTKaWHf9o,rubble,False,22,115,7,1,4,22,False,True,False,False,3,2,4,0,1,0,13,10,8,4,4,3,12,14,18,18,19,19,0.2,-0.2,9,17
9926,trouble,Lansing ?? Ypsilanti ,Must black folks don't wanna stir up trouble .. Which in turn causes them to be silent on the injustice in the wrld. https://t.co/a5bKmsasjE,rubble,False,24,140,4,1,5,27,False,True,False,False,2,4,6,2,1,0,17,15,11,5,3,2,9,13,19,21,22,22,0.24444444444444444,-0.12222222222222223,10,22
9927,trouble,Michigan,If all men sauntered like Fred I think I'd be in trouble. #ShallWeDance #SummerUnderTheStars #TCMParty,rubble,False,15,102,15,0,4,15,False,False,True,False,3,2,1,0,0,1,11,8,6,5,5,5,7,9,10,10,10,11,0.2,-0.2,3,15
9928,trouble,Your screen,"Photo: 22 year old Yahoo Boy in Trouble for Attempting to Bribe EFCC Operatives
see... http://t.co/ObcHpSMHDO",rubble,False,15,109,18,2,6,18,False,True,False,True,3,2,2,1,1,0,12,9,7,5,4,3,6,8,10,11,12,12,0.2,-0.05,3,15
9929,trouble,,Sitting in my room the whole time in vegas to stay out of trouble,rubble,False,14,65,1,0,0,13,False,False,False,False,2,3,2,0,2,0,9,7,4,2,2,0,7,10,12,12,14,14,0.30000000000000004,0.0,7,13
9936,trouble,??9?,Mouna gonna get me in trouble,rubble,False,6,29,1,0,0,5,False,False,False,False,1,0,2,0,1,0,4,3,3,1,1,0,3,3,5,5,6,6,0.2,-0.2,2,6
9939,trouble,"Melbourne, Australia",@ModCloth having some trouble with your site- keep getting this every time I log in? http://t.co/dnKkYiFsvT,rubble,False,16,107,7,0,6,17,True,True,False,False,2,6,2,1,2,0,15,13,7,5,4,2,3,9,11,12,14,14,0.2,-0.2,6,16
9947,trouble,,#BestSeller The trouble in one of Buffett's favorite sectors http://t.co/4wa9cMs3Cz,rubble,False,10,83,6,3,6,10,False,True,True,False,2,0,0,0,2,1,8,6,6,6,6,4,4,4,4,4,6,7,0.6,0.15,2,10
9951,trouble,Kansas ,@corcoran30 @kmurphalurph when these two are in the building laughs and trouble haha.. GreatÛ_ https://t.co/ds7ms8g1yR,rubble,False,15,119,2,5,9,17,False,True,False,False,4,1,1,2,1,2,14,10,9,8,6,5,5,6,7,9,10,12,0.25,0.0,6,15
9954,trouble,Singapore,Click Share in minute info-technews The Trouble With RedditÛªs Content Policy Update | Re/code Û_ http://t.co/wS0xohNb7v,rubble,False,16,122,12,2,13,16,False,True,False,True,2,1,2,3,3,0,14,12,11,9,6,3,4,5,7,10,13,13,0.2,-0.2,1,16
9956,trouble,,I had trouble breathing while listening to kian singing omg,rubble,False,10,59,1,0,0,9,False,False,False,False,2,1,1,0,2,0,8,6,5,4,4,2,4,5,6,6,8,8,0.2,-0.2,3,10
9957,trouble,,Today we played mini golf in the rain I was called pretty by a creepy old guy and pretended we didn't speak English to get out of trouble,rubble,False,28,137,3,0,1,27,False,False,False,False,7,3,2,5,2,0,20,13,10,8,3,1,15,18,20,25,27,27,0.4800000000000001,-0.06999999999999999,12,27
9959,tsunami,IG : Sincerely_TSUNAMI,@AshNiggas tink ...,tsunami,False,3,19,2,0,1,5,False,False,False,False,1,1,0,0,0,0,3,2,1,1,1,1,1,2,2,2,2,2,0.0,0.0,0,3
9962,tsunami,,I liked a @YouTube video from @team0epiphany http://t.co/kui6Ig2EpZ GTA 5 Mods - NEW TSUNAMI MOD GAMEPLAY! HUGE WAVES SHARK HUNTING,tsunami,True,20,131,52,4,7,21,False,True,False,True,3,3,4,0,2,1,16,13,10,6,6,4,7,10,14,14,16,17,0.6386363636363637,0.3465909090909091,2,20
9964,tsunami,,omfg Johnny tsunami commercial,tsunami,True,4,30,1,0,0,3,False,False,False,False,0,1,0,1,1,0,4,4,3,3,2,1,0,1,1,2,3,3,0.0,0.0,0,4
9966,tsunami,rest easy angel @datboiiharri.,I just wanna food but of course I had to get caught in this fucking tsunami. ????,tsunami,True,17,81,2,0,0,21,True,False,False,False,3,4,1,2,1,1,12,9,5,4,2,1,8,12,13,15,16,17,0.8,-0.6,7,16
9968,tsunami,,TheDIYHacks: RT Illusionimagess: A tsunami cloud. http://t.co/H6t4x1EVTx,tsunami,True,7,72,13,3,6,8,False,True,False,False,0,0,0,1,1,0,5,5,5,5,4,3,2,2,2,3,4,4,0.0,0.0,0,7
9969,tsunami,in the Word of God,@TerriF77 GodsLove &amp; #thankU beloved sister Terri for RT of NEW VIDEO http://t.co/cybKsXHF7d The Coming Apocalyptic US Earthquake &amp; Tsunami,tsunami,True,20,147,27,3,10,20,False,True,True,True,3,0,4,2,3,1,17,14,14,10,8,5,6,6,10,12,15,16,0.7272727272727273,0.41818181818181815,2,19
9970,tsunami,in the Word of God,@DArchambau THX for your great encouragement and for RT of NEW VIDEO http://t.co/cybKsXHF7d The Coming Apocalyptic US Earthquake &amp; Tsunami,tsunami,True,20,142,26,1,7,20,False,True,False,True,6,1,3,1,1,0,17,11,10,7,6,5,9,10,13,14,15,15,0.6022727272727273,0.4681818181818182,5,19
9975,tsunami,,When tsunami says your order will take 40 minutes and you placed your order when you were on your way ????,tsunami,True,21,106,1,2,0,24,True,False,False,False,4,10,2,1,2,0,19,15,5,3,2,0,6,16,18,19,21,21,0.0,0.0,10,17
9977,tsunami,SIUC | 618,She kept it wet like tsunami she think she saw the titanic I get it hot like wasabi,tsunami,True,18,83,2,0,0,17,False,False,False,False,8,3,1,1,2,0,15,7,4,3,2,0,11,14,15,16,18,18,0.625,0.075,5,15
9981,tsunami,Okinawa,Oh itÛªs a soccer ball? I thought it was the head of a melting snowman.,tsunami,False,15,72,2,0,3,16,True,False,False,False,2,1,1,2,2,1,9,7,6,5,3,1,8,9,10,12,14,15,0.0,0.0,6,14
9993,tsunami,,I liked a @YouTube video http://t.co/18aAsFMVbl Call Of Duty Ghosts Walktrough Part-8 Tsunami!,tsunami,True,13,94,14,3,6,14,False,True,False,False,0,2,2,2,0,2,10,10,8,6,4,4,3,5,7,9,9,11,0.8,0.75,1,13
9996,tsunami,"Evansville, IN",I think Tsunami has hit the wall. Dang... #STLCards,tsunami,True,9,51,7,0,1,12,False,False,True,False,3,0,2,0,2,0,8,5,5,3,3,1,4,4,6,6,8,8,0.0,0.0,2,9
9997,tsunami,,@TA7LPlays @Twitch_Bang @Maliceqt @Zelse007 @RhyareeGaming @dougiedabandit sorry what you say theres a tweet tsunami happening,tsunami,True,15,126,10,4,7,14,False,False,False,False,2,1,2,1,1,0,14,12,11,9,8,7,3,4,6,7,8,8,1.0,-0.5,3,15
9999,tsunami,,This high-tech sphere can be the key to saving lives during a tsunami. What would you pack in it? http://t.co/KwlpFqRBVp,tsunami,True,20,120,7,0,5,22,True,True,False,False,5,3,2,3,0,1,16,11,8,6,3,3,9,12,14,17,17,18,1.0,0.0,9,20
10002,tsunami,"Louavul, KY",Drunk #BBMeg! ??????,tsunami,False,3,20,4,0,1,9,True,False,True,False,0,0,1,1,1,0,3,3,3,2,1,0,0,0,1,2,3,3,1.0,-0.625,0,3
10007,tsunami,http://t.co/mOY6lmu,Help support the victims of the Japanese Earthquake and Pacific Tsunami http://t.co/O5GbPBQH http://t.co/MN5wnxf0 #hope4japan #pray4japan,tsunami,True,15,137,13,5,10,16,False,True,True,False,3,1,0,0,4,1,14,11,10,10,10,6,4,5,5,5,9,10,0.0,0.0,4,14
10015,twister,,"'How many sons would a parson parse if a parson could parse sons?'

-popular tongue twister among religious woodchucks",twister,True,18,118,1,0,5,18,True,False,False,False,0,3,5,3,1,0,15,15,12,7,4,3,3,6,11,14,15,15,0.5499999999999999,0.3666666666666667,3,15
10019,twister,"Quezon, Philippines",Twister hits 4 villages in Quezon province - http://t.co/ehJv0gvo47 http://t.co/pzJcRNrBSr #Quezon #news,twister,True,12,104,9,4,11,13,False,True,True,False,0,1,1,1,2,2,9,9,8,7,6,4,3,4,5,6,8,10,0.0,0.0,1,12
10022,twister,boca raton,@lizjillies it's such a tongue twister,twister,True,6,38,0,0,2,5,False,False,False,False,0,2,0,1,1,0,5,5,3,3,2,1,1,3,3,4,5,5,0.5,0.0,3,6
10024,twister,,Seriously though..... Otto Reggie Twister and Sam was living that good life on Rocket Power.,twister,True,15,92,7,0,0,20,False,False,False,False,3,4,0,4,1,0,14,11,7,7,3,2,4,8,8,12,13,13,0.6333333333333333,0.18333333333333332,4,15
10026,twister,,Playing twister with a broken arm wasn't the smartest decision I've made recentlu,twister,True,13,81,2,0,2,12,False,False,False,False,2,3,0,2,2,3,12,10,7,7,5,3,3,6,6,8,10,13,0.4,-0.4,4,13
10033,twister,Flat Rock,when you get stuck on the wicked twister and they have to call maintenance to get you out.. http://t.co/7iFPMFssMU,twister,True,19,114,6,1,4,21,False,True,False,False,6,4,2,1,1,0,16,10,6,4,3,2,9,13,15,16,17,17,0.0,0.0,10,16
10043,twister,,@kady I would pay to watch the leaders play Twister.,twister,True,10,52,2,0,1,10,False,False,False,False,2,1,3,0,1,1,8,6,5,2,2,1,4,5,8,8,9,10,0.0,0.0,2,10
10046,twister,,@bamagaga Best part of today? Your song I'M TO BLAME by @KIPMOOREMUSIC is about to play on 101.9 The Twister! http://t.co/sKV3O4Teni,twister,True,21,132,30,6,7,24,True,True,False,True,2,5,3,1,0,1,15,13,8,5,4,4,8,13,16,17,17,18,0.3,1.0,6,21
10051,twister,The Internet,Work-related Dick Twister That Happened Today http://t.co/oJ5cUBshGz,twister,True,7,68,10,1,5,7,False,True,False,False,0,2,1,0,1,1,7,7,5,4,4,3,0,2,3,3,4,5,0.0,0.0,0,7
10053,twister,,The shortest and hardest tongue twister is: 'Toy Boat' (Try saying it five times fast).,twister,True,15,87,4,0,5,15,False,False,False,False,3,3,2,3,2,1,14,11,8,6,3,1,4,7,9,12,14,15,0.6,0.2,3,15
10062,typhoon,"Bengaluru, India",Struggling to Return to Life: Makurazaki Typhoon on September 17 1945 killed thousands. http://t.co/fmp0JsH4wX http://t.co/X3TotYZAZe,typhoon,True,15,133,15,9,9,17,False,True,False,False,0,1,1,2,1,0,11,11,10,9,7,6,4,5,6,8,9,9,0.0,-0.2,3,14
10063,typhoon,ID,Obama Declares Disaster for Typhoon-Devastated Saipan: Obama signs disaster declaration for Northern Marians a... http://t.co/Hni4v2ZUk3,typhoon,True,15,136,12,3,6,18,False,True,False,False,2,1,3,0,2,4,15,13,12,9,9,7,2,3,6,6,8,12,0.0,0.0,3,13
10065,typhoon,Breaking News,#Map: Typhoon Soudelor's predicted path as it approaches Taiwan; expected to make landfall over southern China by Û_ http://t.co/PgD7UXtVGg,typhoon,True,19,140,11,1,11,19,False,True,True,True,1,3,2,0,2,3,15,14,11,9,9,7,5,8,10,10,12,15,0.2,-0.05,5,19
10068,typhoon,,Obama signs disaster declaration for Northern Marians after typhoon hits US territory  http://t.co/0IPaVKJgDC,typhoon,True,14,109,12,1,4,14,False,True,False,False,1,1,3,0,2,2,12,11,10,7,7,5,3,4,7,7,9,11,0.0,0.0,2,14
10078,typhoon,,Typhoon Soudelor heads for Taiwan http://t.co/Pg0BhL6FQC #wtf #news #tv #fun #funny,typhoon,True,11,83,9,2,9,11,False,True,True,False,2,2,2,2,1,1,11,9,7,5,3,2,2,4,6,8,9,10,0.7333333333333334,0.016666666666666663,1,11
10086,typhoon,"London, UK",UK WEATHER ALERT: Remnants of Asian super typhoon Soudelor to cause VIOLENT ... - http://t.co/JXOcfzKyw7 http://t.co/sZx1v2mk8K,typhoon,True,16,127,30,4,10,20,False,True,False,True,1,0,3,1,3,2,12,11,11,8,7,4,5,5,8,9,12,14,0.5555555555555555,-0.15555555555555559,2,16
10094,typhoon,,#Trending #Viral Spectacular satellite view of Typhoon Soudelor @rumblevideo http://t.co/VkF0gkZ9N3,typhoon,True,10,99,9,3,7,10,False,True,True,False,0,1,0,1,1,1,9,9,8,8,7,6,1,2,2,3,4,5,0.9,0.6,1,10
10095,typhoon,,"#WorldNews #World
 Saipan Has No Water Electricity in Typhoon Aftermath - Voice of America - World - Google News.. http://t.co/5sUdXgNdA3",typhoon,True,20,137,19,2,10,22,False,True,True,False,1,0,3,3,3,0,14,13,13,10,7,4,7,7,10,13,16,16,0.0,0.0,2,18
10096,typhoon,Edmonton,Striking views of Super Typhoon Soudelor as it tracks toward Taiwan China http://t.co/hsjp6Hoffe,typhoon,True,13,96,7,1,4,13,False,True,False,False,0,0,3,3,1,2,10,10,10,7,4,3,3,3,6,9,10,12,0.8333333333333333,0.41666666666666663,3,13
10097,typhoon,New York ,Saipan has no water electricity in aftermath of typhoon http://t.co/UBAk5uOI48,typhoon,True,10,78,6,3,4,10,False,True,False,False,1,0,1,1,1,0,7,6,6,5,4,3,4,4,5,6,7,7,0.0,0.0,4,10
10103,typhoon,"Indonesia
",Obama Declares Disaster for Typhoon-Devastated Saipan: Obama signs disaster declaration for Northern Marians a... http://t.co/a1MoeJxqyA,typhoon,True,15,136,12,1,6,18,False,True,False,False,2,1,3,0,2,4,15,13,12,9,9,7,2,3,6,6,8,12,0.0,0.0,3,13
10104,typhoon,United States,#abc Obama Declares Disaster for Typhoon-Devastated Saipan http://t.co/ueHFZTeYHu #international #news,typhoon,True,10,102,12,0,8,10,False,True,True,False,1,1,2,1,0,2,10,9,8,6,5,5,1,2,4,5,5,7,0.0,0.0,1,10
10108,upheaval,,@SushmaSwaraj Am sure background check of the child's details are done before the kid gets into another upheaval.,upheaval,True,18,113,3,0,2,18,False,False,False,False,4,4,1,1,3,0,16,12,8,7,6,3,6,10,11,12,15,15,0.8888888888888888,0.5,6,17
10122,upheaval,,Where bottle cherry timbering facilities upheaval entryway?: fJiZzTxK,upheaval,True,8,69,5,0,1,8,True,False,False,False,0,0,1,2,0,2,8,8,8,7,5,5,0,0,1,3,3,5,0.0,0.0,0,8
10123,upheaval,BHUBANESWAR,@ArvindKejriwal Bharat is showing silent political upheaval and change to fulfill the wishes of the people. Retired DGM NABARD,upheaval,True,19,126,13,0,1,19,False,False,False,True,4,0,0,5,4,1,16,12,12,12,7,3,7,7,7,12,16,17,0.1,0.0,6,18
10128,upheaval,No,MGS4 came out during a time of great upheaval in my life and itÛªs very odd that MGSV is coming and itÛªs also when things are getting iffy,upheaval,True,28,141,7,1,6,27,False,False,False,True,5,10,1,5,1,1,23,18,8,7,2,1,10,20,21,26,27,28,0.5375,0.2916666666666667,13,26
10131,upheaval,,Bat four reasons en route to upheaval versus internet buzz value: pVDRDLJvc,upheaval,True,12,75,7,0,1,11,False,False,False,False,1,2,1,2,1,2,10,9,7,6,4,3,3,5,6,8,9,11,0.0,0.0,1,12
10133,upheaval,#Bitcoinland,? http://t.co/5J8vHUXzrp #Ancient Mayan Tablet with Hieroglyphics Honors Lowly King #livescience #future Û_ http://t.co/n3aQXoMubu,upheaval,False,14,131,14,3,14,16,True,True,True,True,1,2,2,2,1,1,13,12,10,8,6,5,2,4,6,8,9,10,0.2125,0.0,1,14
10134,upheaval,,Permutable site conspiracy up-to-the-minute upheaval: QWkD,upheaval,True,6,58,4,0,4,5,False,False,False,False,0,2,0,0,0,0,6,6,4,4,4,4,0,2,2,2,2,2,0.0,0.0,0,6
10135,upheaval,,For THIS FAN this was 1 upheaval too many! Done with this garbage of a show! @ABCNetwork @shondarhimes @EllenPompeo  https://t.co/hq5TDxKqHB,upheaval,True,21,140,20,2,7,23,False,True,False,True,4,5,2,0,1,1,17,13,8,6,6,5,8,13,15,15,16,17,0.5,0.78125,7,20
10145,upheaval,"Andhra Pradesh, India",Life needs quality and a certain sense of security. Being with a person you can't trust can only cause stress and emotional upheaval.,upheaval,True,23,133,2,0,1,24,False,False,False,False,4,3,6,2,2,0,20,16,13,7,5,3,7,10,16,18,20,20,0.7404761904761905,0.07142857142857142,9,21
10148,upheaval,"Books Published, USA","Medieval Upheaval (Hardy Boys: The Secret Files)
Franklin W. Dixon - Aladdin. http://t.co/Yb7ijKtlnB",upheaval,True,12,100,14,1,9,14,False,True,False,False,1,0,2,2,0,3,10,9,9,7,5,5,3,3,5,7,7,10,0.35,-0.2,0,12
10154,upheaval,"Surrey, BC",This week we received the sad news of our friends daughters cancer prognosis. This is the second upheaval in this... http://t.co/tpOptWMWFR,upheaval,True,21,139,8,0,4,25,False,True,False,False,4,4,0,2,2,2,17,13,9,9,7,5,8,12,12,14,16,18,0.5,-0.25,8,19
10155,upheaval,"Bentonville, Arkansas",This Is How Retailers Intend to Survive Upheaval http://t.co/WOcpJi5uq1 #retail #consumers http://t.co/JelXFtOpu5,upheaval,True,12,113,14,3,10,13,False,True,True,False,1,1,0,1,2,1,10,9,8,8,7,5,3,4,4,5,7,8,0.0,0.0,1,12
10158,violent storm,Philadelphia; World War I,@RoxYunkFalls August 4 1915 http://t.co/jjNS0YjaLA Violent storm strikes city Manayunk flooding and damage. Sports &amp; War news,storm,True,17,129,13,6,7,18,False,True,False,False,2,3,2,2,3,2,16,14,11,9,7,4,3,6,8,10,13,15,1.0,-0.8,1,17
10160,violent storm,,Dramatic Video Shows Plane Landing During Violent Storm http://t.co/YX8OdrrINr,storm,True,9,78,13,1,4,9,False,True,False,False,0,0,4,1,2,1,9,9,9,5,4,2,0,0,4,5,7,8,0.8,-0.6166666666666667,0,9
10161,violent storm,,@hippieXox If the word 'violent' comes to mind it's food poisoning. Nothing you can do but weather the storm about 24 hours.  :(,storm,True,24,128,3,2,6,25,False,False,False,False,5,4,3,1,2,0,18,13,9,6,5,3,11,15,18,19,21,21,1.0,-0.775,9,23
10162,violent storm,Shanatic/GGian/SRKian,And Kolkata is struck by a Cyclonic Storm. Sumthng big is gonna happen 2day evng. Heavy rains nd a violent storm approachng. God help us.,storm,True,25,137,7,1,0,28,False,False,False,False,4,2,5,3,3,1,19,15,13,8,5,2,10,12,17,20,23,24,0.5333333333333333,-0.3333333333333333,5,23
10165,violent storm,Chicago,More Severe Weather Heads Toward Chicago Area: A brief violent storm swept through the Chicago area Sunday af... http://t.co/JWSLLsuKjg,storm,True,19,135,16,0,5,22,False,True,False,False,1,2,6,3,5,0,18,17,15,9,6,1,2,4,10,13,18,18,0.611111111111111,-0.10000000000000002,2,18
10166,violent storm,United Kingdom,Terrifying POV footage captures violent landing from inside a passenger jet during a storm in Amsterdam http://t.co/TyAOYEpelz,storm,True,17,126,10,0,4,17,False,True,False,True,2,1,1,2,3,1,14,12,11,10,8,5,5,6,7,9,12,13,1.0,-0.9,5,16
10167,violent storm,,[WP] You work on the top floor of a hotel when suddendly a violent storm comes the news proclaims your city in a Û_ http://t.co/S6Rc7dbAL1,storm,True,25,139,7,3,9,25,False,True,False,True,5,6,4,0,1,0,19,14,8,4,4,3,11,17,21,21,22,22,0.75,-0.15000000000000002,10,22
10170,violent storm,"Edmonton, Alberta",RT @calgarysun: Sun photographer Stuart Dryden spotted this vortex spun off a violent storm in Sylvan Lake. #abstorm http://t.co/w0BZ0JNGvB,storm,True,19,139,13,2,7,20,False,True,True,False,2,2,2,4,2,1,16,14,12,10,6,4,5,7,9,13,15,16,1.0,-0.8,4,19
10178,violent storm,,Holy crap! BRAVO Sir! Amazing! Dramatic Video Shows Plane Landing During Violent Storm http://t.co/xB0bw8h8Ur,storm,True,14,109,18,3,4,17,False,True,False,True,0,2,6,1,2,2,14,14,12,6,5,3,0,2,8,9,11,13,0.8250000000000001,-0.3708333333333333,0,14
10180,violent storm,Worldwide,"Violent Forces Radio: Now Playing Torture - Storm Alert
TuneIn Player @ http://t.co/XsSgEdSbH4",storm,True,12,94,16,1,8,12,False,True,False,False,1,0,1,3,3,0,10,9,9,8,5,2,3,3,4,7,10,10,1.0,-0.8,0,12
10181,violent storm,,Circus tent collapses in violent storm killing 2 kids in New Hampshire http://t.co/j0saXEKBTa,storm,True,13,93,8,2,4,13,False,True,False,False,1,2,1,1,2,0,10,9,7,6,5,3,4,6,7,8,10,10,0.7272727272727273,-0.33181818181818185,2,12
10185,violent storm,"Calgary, AB",Storm is here! Violent winds and pounding rains in Evergreen. #yyc,storm,True,11,66,3,0,1,12,False,False,True,False,1,1,4,0,1,1,9,8,7,3,3,2,3,4,8,8,9,10,1.0,-0.8,4,11
10188,violent storm,"Harvard Square, Cambridge, MA",Stay inside for the next little while kids. We're having a bit of a violent storm right now. -kjc,storm,True,19,97,2,0,2,20,False,False,False,False,3,4,5,3,1,0,16,13,9,4,1,0,6,10,15,18,19,19,0.5089285714285714,-0.1754464285714286,8,18
10190,violent storm,missouri USA,Watch: Violent Storm Causes Deadly Accident at New Hampshire Circus http://t.co/jpPiR3ZzKA #GMA http://t.co/nV5GCDpIBA,storm,True,13,118,24,2,10,14,False,True,True,True,1,1,1,4,1,1,12,11,10,9,5,4,2,3,4,8,9,10,0.6181818181818182,-0.2878787878787879,1,13
10196,violent storm,Worldwide,"Violent Forces Radio: Now Playing Axegressor - Psalm Before the Storm
TuneIn Player @ http://t.co/XsSgEdSbH4",storm,True,14,108,17,1,8,14,False,True,False,False,2,0,1,4,2,0,12,10,10,9,5,3,4,4,5,9,11,11,1.0,-0.8,1,14
10200,violent storm,,#calgaryweather  It would be nice if they would fix radar before another violent storm  Uninformed citizens dangerous #YYC #yycweather,storm,True,21,134,5,0,3,20,False,False,True,True,1,3,4,1,2,1,16,15,12,8,7,5,6,9,13,14,16,17,0.9666666666666667,-0.26666666666666666,4,19
10205,violent storm,"Greater Vancouver, British Columbia",2012#Shell's 250-foot-tall drilling rig broke loose from a towline&amp;drifted out of control during violent winter storm #incompetent #shellno,storm,True,18,143,1,7,8,17,False,False,True,False,2,1,3,2,2,2,16,14,13,10,8,6,4,5,8,10,12,14,0.5452991452991452,-0.408974358974359,5,18
10211,volcano,Herbville,http://t.co/16EClWrW84 Asics GT-II Super Red 2.0 11 Ronnie Fieg Kith Red White 3M x gel grey volcano 2,volcano,True,18,102,17,10,5,19,False,True,False,True,4,3,4,1,1,0,14,10,7,3,2,1,8,11,15,16,17,17,0.15333333333333332,0.056666666666666664,0,17
10216,volcano,New York,Force Factor VOLCANO 120 Capsule Brand New  - Full read by eBay http://t.co/HewutDLDqh http://t.co/8etXXzBdua,volcano,True,15,109,21,4,9,16,False,True,False,True,2,3,2,1,2,0,12,10,7,5,4,2,5,8,10,11,13,13,0.5022727272727273,0.24318181818181817,1,15
10219,volcano,probably watching survivor,The sunset looked like an erupting volcano .... My initial thought was the Pixar short Lava http://t.co/g4sChqFEsT,volcano,True,17,114,8,1,4,21,False,True,False,False,3,3,2,2,3,1,15,12,9,7,5,2,5,8,10,12,15,16,0.15,0.0,3,17
10221,volcano,"Richmond, VA & Bristow, VA",@CatholicMomVA Or take away his ring &amp; throw it in a volcano...,volcano,True,12,67,5,0,3,14,False,False,False,False,1,3,2,0,0,0,8,7,4,2,2,2,5,8,10,10,10,10,0.0,0.0,4,12
10225,volcano,"Algonquin, IL",The highlight of my day has been playing with my raw volcano humidifier. #sicklife http://t.co/teDRu4hg3i,volcano,True,15,105,3,2,5,16,False,True,True,False,4,2,0,0,2,0,12,8,6,6,6,4,7,9,9,9,11,11,0.46153846153846156,-0.23076923076923078,6,14
10227,volcano,Worcester,@Jesssssssee @eevans17 The Illuminati: The Yellowstone Super Volcano Conspiracy http://t.co/wymv9cYxzK,volcano,True,10,102,10,3,7,10,False,True,False,False,2,0,1,0,1,0,10,8,8,7,7,6,2,2,3,3,4,4,0.6666666666666666,0.3333333333333333,0,9
10228,volcano,,idgaf fly into a volcano,volcano,True,5,24,0,0,0,4,False,False,False,False,1,1,1,0,1,0,4,3,2,1,1,0,2,3,4,4,5,5,0.9,0.8,2,5
10230,volcano,"Sawangan 1, Central Java",?? @ KETEP VOLCANO CENTRE ketep PASS https://t.co/IdBnKxu80L,volcano,True,8,60,26,2,5,10,True,True,False,True,0,1,2,1,1,0,6,6,5,3,2,1,2,3,5,6,7,7,0.0,0.0,0,8
10232,volcano,Planet Earth,Learning from the Legacy of a Catastrophic Eruption - The New Yorker http://t.co/y8YqPBE4t9,volcano,False,13,91,11,3,5,13,False,True,False,False,3,1,0,2,0,2,10,7,6,6,4,4,6,7,7,9,9,11,0.45454545454545453,0.13636363636363635,4,13
10233,volcano,"Hawaii, USA",#USGS M 1.9 - 5km S of Volcano Hawaii: Time2015-08-06 01:04:01 UTC2015-08-05 15:04:01 -10:00 at epicenter... http://t.co/meVvkaXcdE #SM,volcano,True,18,135,17,35,18,22,False,True,True,True,3,0,1,1,2,2,13,10,10,9,8,6,8,8,9,10,12,14,0.0,0.0,2,18
10235,volcano,"Kingston, Jamaica","CLUB GOING UP MIXTAPE (RNB EDITION) 2015 ?? BY DJ VOLCANO X STARZ TEAM

DOWNLOAD: https://t.co/DpBFuU2GD6",volcano,True,15,105,63,6,9,17,True,True,False,True,0,3,2,0,2,1,10,10,7,5,5,3,5,8,10,10,12,13,0.0,0.0,0,15
10238,volcano,Desde Republica Argentina,#Sismo M 1.9 - 5km S of Volcano Hawaii: Time2015-08-06 01:04:01 UTC2015-08-05 15:04:01 -10:00 at epicente... http://t.co/K28mgWTZcV #CS,volcano,True,18,135,16,37,18,22,False,True,True,True,3,0,0,2,2,2,13,10,10,10,8,6,8,8,8,10,12,14,0.0,0.0,2,18
10240,volcano,,Quake: M 1.9 - 5km S of Volcano Hawaii,volcano,True,9,38,5,3,2,9,False,False,False,False,2,0,0,2,1,0,5,3,3,3,1,0,6,6,6,8,9,9,0.0,0.0,1,9
10242,volcano,"Baker, Louisiana",what's the hottest thing you've ever seen..fire?..the sun?..a volcano?  or this? http://t.co/2GLdsHRaiI,volcano,True,13,103,5,1,6,23,True,True,False,False,1,1,2,2,2,1,11,10,9,7,5,3,3,4,6,8,10,11,0.0,0.0,5,13
10248,volcano,,The Architect Behind Kanye West's Volcano - New York Times http://t.co/3QJUExX0Y0,volcano,True,11,81,15,3,6,11,False,True,False,False,2,1,2,2,1,0,10,8,7,5,3,2,3,4,6,8,9,9,0.5772727272727273,-0.13181818181818183,0,11
10254,war zone,,Just watched Punisher: War Zone. IDK why everyone hates it. It is basically the best possible movie you could get out of Punisher,war zone,True,23,129,9,0,1,24,False,False,False,True,8,2,4,0,1,3,20,12,10,6,6,5,11,13,17,17,18,21,0.65,0.5,7,23
10257,war zone,Miami,My new sounds: War Zone https://t.co/hNXRfqRk3P on #SoundCloud,war zone,True,8,62,10,1,6,8,False,True,True,False,2,1,0,0,1,0,6,4,3,3,3,2,4,5,5,5,6,6,0.45454545454545453,0.13636363636363635,1,8
10261,war zone,Enemy of the state ,Sammy is here in this war zone. Jamal spoke to me on the phone. Now my wife is next to speak to me ...what else can&gt; http://t.co/2CppfprxoG,war zone,True,27,142,5,1,6,32,False,True,False,False,3,5,5,1,2,0,17,14,9,4,3,1,13,18,23,24,26,26,0.0,0.0,15,23
10262,war zone,baltimore maryland,@thelovatoagent omg i feel like i am in a war zone,war zone,True,11,50,0,0,1,10,False,False,False,False,2,3,0,0,0,0,6,4,1,1,1,1,7,10,10,10,10,10,0.0,0.0,5,10
10266,war zone,"Wellington City, New Zealand",I think it's time for a cup of tea and a scone before I tackle the war zone that is is my bedroom. I wonder how many condom packets Ill find,war zone,True,31,140,4,0,1,31,False,False,False,False,8,6,2,4,1,1,22,14,8,6,2,1,17,23,25,29,30,31,0.75,0.0,13,27
10267,war zone,MDS af ?,Saipan looks like a war zone though,war zone,True,7,35,1,0,0,6,False,False,False,False,1,2,1,2,0,0,6,5,3,2,0,0,2,4,5,7,7,7,0.0,0.0,1,7
10271,war zone,Canton Ohio,T Shirts $10 male or female get wit me. 2 days until its game changin time. War Zone single will beÛ_ https://t.co/Z0poYR096J,war zone,True,22,126,8,7,8,24,False,True,False,False,6,5,3,3,1,0,19,13,8,5,2,1,9,14,17,20,21,21,0.22023809523809526,-0.11785714285714285,5,22
10277,war zone,,Um OK '@dandre_5: Sundays during football seasonfrom about 9 am - 11 pm women shouldn't even log onshit be a complete war zone',war zone,True,23,127,4,4,7,22,False,False,False,False,2,1,3,2,1,2,14,12,11,8,6,5,11,12,15,17,18,20,0.45,0.3,6,23
10279,war zone,In Range ,Just trying to find my my peace in a Zone of war,war zone,False,12,48,2,0,0,11,False,False,False,False,1,3,1,1,0,0,6,5,2,1,0,0,7,10,11,12,12,12,0.0,0.0,6,11
10281,war zone,Sky's The limit (B.I.G) ????,Twitter is going to be a war zone today  https://t.co/1QHNqCZvod,war zone,True,11,64,6,1,4,11,False,True,False,False,1,1,2,0,1,0,6,5,4,2,2,1,6,7,9,9,10,10,0.0,0.0,4,11
10282,war zone,Canada,The Resistance wages guerrilla warfare against KPA forces in the Red Zone the war-torn outskirts of... http://t.co/WFxAwQvvjr,war zone,False,17,125,11,0,5,20,False,True,False,True,5,1,2,1,2,1,16,11,10,8,7,5,6,7,9,10,12,13,0.0,0.0,5,16
10285,weapon,"Monroe,LA",When your friend getting whooped and you running out of weapon options ?????? #TeamDuval #T... (Vine by TerrellT) https://t.co/Sf9Ufv7w6C,weapon,True,19,137,10,3,8,28,True,True,True,True,3,2,2,3,4,0,17,14,12,10,7,3,5,7,9,12,16,16,0.0,0.0,6,19
10292,weapon,???????????,3 Stars in 212 seconds! Level 43 Surgeon. Weapon of choice: Neutron Rifle. #callofmini #doubleshot,weapon,True,15,98,6,6,3,17,False,False,True,False,1,0,2,2,2,2,11,10,10,8,6,4,5,5,7,9,11,13,0.0,0.0,2,15
10298,weapon,icon: cheese3d,Yo that guy changed his weapon mid battle how did he do that?,weapon,True,13,61,1,0,0,13,True,False,False,False,5,1,1,2,1,0,10,5,4,3,1,0,8,9,10,12,13,13,0.0,0.0,7,13
10300,weapon,,fun fact: every rapid-fire weapon in the game is a hard counter to the slosher and the splattling,weapon,True,18,97,0,0,2,17,False,False,False,False,5,2,2,1,2,0,14,9,7,5,4,2,9,11,13,14,16,16,0.38055555555555554,-0.13055555555555556,8,16
10309,weapon,PNW,Slosher is a fucboi weapon,weapon,True,5,26,1,0,0,4,False,False,False,False,0,0,0,2,1,0,3,3,3,3,1,0,2,2,2,4,5,5,0.0,0.0,2,5
10311,weapon,????????,"No more war.People need no any weapon.
We need the world of peace. https://t.co/DhRvYtjlFL",weapon,True,13,90,8,0,5,16,False,True,False,False,2,3,1,1,0,0,10,8,5,4,3,3,5,8,9,10,10,10,0.5,-0.25,5,12
10312,weapon,,#AskConnor there's a zombie apocalypse. the item to your right is your weapon. you're either screwed or you're gonna live.,weapon,True,20,122,2,0,4,22,False,False,True,False,1,3,3,4,3,0,16,15,12,9,5,2,5,8,11,15,18,18,0.5178571428571428,0.21103896103896103,10,18
10319,weapon,,"True strength is forgiveness. Love the most powerful weapon. .@vickysuewrites' Broken Circle'

#giveaway #boyxboy http://t.co/Zgc3EsLNPS",weapon,True,14,136,10,1,11,17,False,True,True,False,1,3,0,1,1,3,13,12,9,9,8,7,2,5,5,6,7,10,0.63,0.25,3,14
10324,weapon,"Pune, Maharashtra India",On 70th anniversary of #Hiroshima bomb it is important to learn from history and ban this weapon.,weapon,True,17,97,2,2,1,17,False,False,True,False,2,4,1,0,2,0,12,10,6,5,5,3,7,11,12,12,14,14,1.0,0.4,7,17
10326,weapon,,@KnaveTBE lol. Not the class but the class of weapon,weapon,True,10,52,5,0,1,10,False,False,False,False,4,1,2,1,0,0,9,5,4,2,1,1,5,6,8,9,9,9,0.7,0.8,4,8
10328,weapon,??????????????,"@sindy642498 
I'm really glad to hear thatÛ_;;
Nowlike usthe world is truely connected.
I want truely peaceful world without any weapon!",weapon,True,19,137,3,6,10,20,False,False,False,False,1,4,3,3,2,1,17,16,12,9,6,4,3,7,10,13,15,16,0.7166666666666667,0.3875,3,17
10343,weapons,"New York, NY",@JPens4Real21 Geno has weapons now I'll give him the benefit of the doubt this year. I'm just not a huge believer. Still not mature enough.,weapon,True,25,139,7,3,3,27,False,False,False,False,8,6,3,1,3,0,23,15,9,6,5,2,10,16,19,20,23,23,0.5,-0.08333333333333336,11,23
10346,weapons,"( ?å¡ ?? ?å¡), ",@DANNYonPC @YouTube Its engineer only again so 2 1000+ rpm weapons = no thanks,weapon,True,14,78,10,5,4,13,False,False,False,False,2,1,2,1,1,2,10,8,7,5,4,3,6,7,9,10,11,13,0.6,-0.05,4,14
10347,weapons,United Kingdom,Helpful Tips For Nuking An Asteroid http://t.co/GwRsga9uJV,weapon,False,7,58,10,1,4,7,False,True,False,False,1,1,0,1,1,1,6,5,4,4,3,2,2,3,3,4,5,6,0.0,0.0,0,7
10353,weapons,,I'm all in favor of keeping dangerous weapons out of the hands of fools. Let's start with typewriters.,weapon,True,18,102,2,0,2,19,False,False,False,False,4,1,4,1,2,0,14,10,9,5,4,2,8,9,13,14,16,16,0.9,-0.6,8,16
10354,weapons,Global,Security experts report that the only way to keep Iran 'honest' and stop her march to nuclear weapons is by... http://t.co/DGnbUsfXkw,weapon,True,21,133,6,0,6,24,False,True,False,False,4,5,2,1,3,2,18,14,9,7,6,3,7,12,14,15,18,20,0.95,0.3,9,20
10356,weapons,,"Aug 3 1915ÛÓKILL 10000 WITH ROCKS.; Italians Make Good Use of Nature's Weapons -- Excel with Bayonet.
http://t.co/ck1mMvHU0T",weapon,True,17,125,26,12,12,19,False,True,False,True,2,4,2,0,2,2,14,12,8,6,6,4,5,9,11,11,13,15,0.6000000000000001,0.7,2,17
10357,weapons,,@deray @marstu67 Cop Benefits:Great Salary Free Car Free Rent Free Food.Free Weapons License to Kill &amp; Rape with Impunity.,weapon,True,19,126,16,2,5,20,False,False,False,False,2,7,1,2,2,0,18,16,9,8,6,4,3,10,11,13,15,15,0.8000000000000002,0.4000000000000001,2,17
10362,weapons,,"??Water fight??
Penn park 6pm 
      BYOW
(Bring Your Own Weapons)",weapon,True,14,66,10,1,5,17,True,False,False,False,2,2,0,0,1,1,8,6,4,4,4,3,8,10,10,10,11,12,1.0,0.6,0,10
10363,weapons,Tokyo,Abe proposed a new plan for abolishing nuclear weapons. Yesterday his defense minister made clear nukes are fine. http://t.co/A6IR8rKuwS,weapon,True,19,136,7,2,4,21,False,True,False,False,5,2,3,0,2,3,18,13,11,8,8,6,6,8,11,11,13,16,0.44595959595959594,0.2176767676767677,4,19
10370,weapons,,NAVY SAYS LT CMDR WHO FIRED SIDEARM IN DEFENSE DURING NOSC CHATTANOOGA TERRORIST ATTACK WILL NOT FACE CHARGES... http://t.co/vCcDKC4qt2,weapon,False,19,135,96,2,4,22,False,True,False,True,2,6,1,2,2,0,17,15,9,8,6,4,4,10,11,13,15,15,0.0,0.0,0,19
10373,weapons,,Any attempt to sell weapons to #Nigeria is an attempt to upgrad #Bokoharm army #USA must know this now @UN,weapon,True,20,106,8,0,4,19,False,False,True,True,3,6,0,1,3,1,15,12,6,6,5,2,8,14,14,15,18,19,0.0,0.0,7,17
10386,whirlwind,"?orth, SG. ",Whirlwind full of bombarded kunais.,whirlwind,True,5,35,1,0,0,5,False,False,False,False,0,1,0,0,1,0,4,4,3,3,3,2,1,2,2,2,3,3,0.55,0.35,1,5
10388,whirlwind,,@BarstoolBigCat what a whirlwind.,whirlwind,True,4,33,3,0,1,4,False,False,False,False,0,1,0,0,0,0,3,3,2,2,2,2,1,2,2,2,2,2,0.0,0.0,2,4
10389,whirlwind,,I've officially been a St. Louisan for one full year. What a crazy awesome overwhelming whirlwind year it has been. Here's to another!,whirlwind,True,23,134,5,0,2,26,False,False,False,False,4,5,3,1,2,1,19,15,10,7,6,4,8,13,16,17,19,20,0.8625,0.34375,8,22
10391,whirlwind,,Missing Malaysian airplane: Debris was planted ÛÒ Families News - WhirlWind News http://t.co/bLd0nHKzbh,whirlwind,True,13,104,11,1,9,13,False,True,False,True,2,2,0,1,2,1,12,10,8,8,7,5,3,5,5,6,8,9,0.05,-0.2,1,12
10397,whirlwind,GARRUS?,Warcraft has always been this weird referential whirlwind to itself and other things,whirlwind,True,13,84,1,0,0,12,False,False,False,False,2,2,2,3,0,1,12,10,8,6,3,3,3,5,7,10,10,11,0.6875,-0.3125,7,13
10400,whirlwind,Sheffield.?,@Chelsea_Rosette ah bless ya. Not too bad. My life's been a bit of a whirlwind the last two weeks! Got a cold too that won't shift ?? #sexy,whirlwind,True,28,139,5,0,5,32,True,False,True,False,8,5,4,2,0,0,21,13,8,4,2,2,15,20,24,26,26,26,0.6833333333333333,-0.19999999999999996,9,25
10403,whirlwind,"Torrance, CA",Join me on FB for #Sneak #Peek Friday http://t.co/3DK5zyYQ1F for my upcoming #novel To Reap a Whirlwind #fiction #historical #wip #amwriting,whirlwind,True,21,140,14,3,11,21,False,True,True,False,2,3,1,3,0,2,15,13,10,9,6,6,8,11,12,15,15,17,0.0,0.0,6,20
10404,whirlwind,Northwest Jersey,WAS Times: PawSox owners public return from whirlwind trip to Durham http://t.co/07nKMO7VaS,whirlwind,True,12,91,12,3,5,12,False,True,False,True,1,2,0,6,0,0,11,10,8,8,2,2,2,4,4,10,10,10,0.06666666666666667,0.0,2,12
10408,whirlwind,Japan,I liked a @YouTube video http://t.co/a5YTAw9Vih S.O.S. Rona Guide - The Red Whirlwind,whirlwind,True,13,85,15,2,6,16,False,True,False,True,2,1,3,1,0,1,10,8,7,4,3,3,5,6,9,10,10,11,0.4,0.3,1,13
10417,whirlwind,140920-21 & 150718-19 BEIJING,"[VID]150806 Luhan From Luhan Studio Channel on YOUKU Update 

http://t.co/W7yeZkQlCJ http://t.co/C0QWZ0IshR",whirlwind,False,11,107,25,9,12,12,False,True,False,True,0,1,3,2,1,0,10,10,9,6,4,3,1,2,5,7,8,8,0.0,0.0,1,10
10425,whirlwind,"Springfield, MO",{{ whirlwind romance dress | in-store &amp; online }} #freshoutofthebox #getitbeforeitsgone #under50 #newnewnew... http://t.co/8BUTsC4ZyN,whirlwind,True,14,137,6,4,16,17,False,True,True,False,0,0,2,1,1,2,11,11,11,9,8,7,3,3,5,6,7,9,0.0,0.0,0,14
10435,wild fires,Toronto,#HarperANetflixShow  Blazing Saddles  (a show about wild fires in Alberta),wild fires,True,12,74,7,0,3,11,False,False,True,False,0,2,2,0,2,1,8,8,6,4,4,2,4,6,8,8,10,11,0.4,0.1,3,11
10437,wild fires,Welt,?? #BREAKING: massive wild- and field fires reported throughout Germany! The most fires are in eastern #German http://t.co/4zSIy7EO2O,wild fires,False,18,133,16,3,8,21,True,True,True,True,3,1,4,0,3,2,16,13,12,8,8,5,5,6,10,10,13,15,0.475,0.15625,4,17
10438,wild fires,,We all complain about PA but atleast we don't have those wild fires taking our homes like north Cali or the floods in Florida right now,wild fires,True,26,135,5,0,1,25,False,False,False,False,5,4,7,2,2,1,21,16,12,5,3,1,10,14,21,23,25,26,0.46785714285714286,0.19285714285714284,12,26
10440,wild fires,YYC,my wife has opted to take holidays &amp; historically since we met @lanahillman gets special treatment her bonfires can't start wild fires-RAIN!,wild fires,True,22,144,4,0,5,22,False,False,False,False,3,4,5,0,1,2,19,16,12,7,7,6,6,10,15,15,16,18,0.3238095238095238,0.16071428571428573,5,22
10442,wild fires,,Like blazing wild fires singing Your name!,wild fires,True,7,42,2,0,0,7,False,False,False,False,0,3,2,0,2,0,7,7,4,2,2,0,0,3,5,5,7,7,0.4,0.125,0,7
10447,wild fires,,NetNewsLedger Wild Fire Update ÛÒ August 4 2015: THUNDER BAY ÛÒ WEATHER ÛÒ ThereåÊwere no new fires confirmed by t... http://t.co/JflxgEmBdA,wild fires,False,21,143,29,5,16,24,False,True,False,True,5,3,2,2,2,0,18,13,10,8,6,4,8,11,13,15,17,17,0.6181818181818182,0.14393939393939395,3,19
10452,wild fires,,@myralynn24 Becuase it can cause property damage and cause wild fires,wild fires,True,11,69,1,2,1,10,False,False,False,False,2,1,3,1,1,1,10,8,7,4,3,2,3,4,7,8,9,10,0.4,0.1,3,10
10453,wild fires,New york,Hey @Macys ! My moms house burned down in the CA wild fires &amp; I bought her an e gift card to buy her CLOTHES (cont) http://t.co/sWdjnypCXK,wild fires,True,27,142,17,0,9,28,False,True,False,True,5,5,3,4,1,0,19,14,9,6,2,1,13,18,21,25,26,26,0.34444444444444444,-0.02777777777777779,7,26
10454,wild fires,USA,California wild fires...clearly caused by global climate change and excess CO2!!!?,wild fires,True,11,82,3,1,0,17,True,False,False,True,1,1,0,4,2,0,10,9,8,8,4,2,2,3,3,7,9,9,0.2,0.05,2,11
10459,wild fires,"North Tonawanda, NY",California wild fires blow my mind every time,wild fires,True,8,45,1,0,0,7,False,False,False,False,0,4,2,0,0,0,7,7,3,1,1,1,1,5,7,7,7,7,0.4,0.1,1,8
10460,wild fires,Where e'er the mood takes me,@MrRat395 Are those wild fires getting anywhere near you?,wild fires,True,9,57,3,3,1,9,True,False,False,False,1,3,2,0,1,1,9,8,5,3,3,2,1,4,6,6,7,8,0.4,0.1,2,9
10463,wild fires,Colorado,Stampedes and fires brought him home; can her love make him stay? TAME A WILD HEART #audiobook http://t.co/2dPKqAFtbr #BYNR @BeingAuthor,wild fires,False,20,136,25,1,8,21,True,True,True,True,5,4,5,0,1,0,19,14,10,5,5,4,6,10,15,15,16,16,0.4055555555555556,0.12777777777777777,5,19
10465,wild fires,,Go home California you're drunk. Natural selection has taken affect. Debt extreme wild fires water supply problems. You fail as a state.,wild fires,True,22,136,5,0,1,25,False,False,False,False,2,4,3,4,3,0,19,17,13,10,6,3,5,9,12,16,19,19,0.6199999999999999,-0.185,4,22
10469,wild fires,Montana/North Carolina,@CBS evening news covers tent collapse wild fires NO mention of worst Planned Parenthood video to date #Narrative,wild fires,True,18,113,8,0,2,17,False,False,True,True,0,5,3,1,3,1,15,15,10,7,6,3,3,8,11,12,15,16,0.7,-0.45,2,18
10474,wild fires,,WILD FIRES! http://t.co/EgrMdkXpOi,wild fires,True,3,34,13,0,4,4,False,True,False,True,0,1,0,1,0,0,3,3,2,2,1,1,0,1,1,2,2,2,0.4,0.125,0,3
10475,wild fires,,Wild Fires In California Continue To Burn - http://t.co/nKcmib9WL0 http://t.co/CpMGBWVDXM,wild fires,True,10,89,19,2,9,11,False,True,False,False,0,2,1,0,0,1,7,7,5,4,4,4,3,5,6,6,6,7,0.4,0.1,0,10
10476,wild fires,FRM JERZ LIVING IN DADE COUNTY,one of them wild fires in cali or something or in the mid west or where ever they show up..shit dont pop up around me,wild fires,True,25,117,0,0,0,26,False,False,False,False,4,8,2,1,0,1,17,13,5,3,2,2,12,20,22,23,23,24,0.2,0.05,12,22
10477,wild fires,"Brantford, Ontario",@JacobHoggard @therealmattleaf  it's so sad out there in BC all the wild fires. Hope u are safe.,wild fires,True,18,96,5,0,3,19,False,False,False,False,5,3,2,1,0,0,13,8,5,3,2,2,10,13,15,16,16,16,0.6333333333333333,0.033333333333333326,8,18
10480,wild fires,,when there's 35 wild fires in the US and 21 of them are in California....AND we're in a drought.....this state is so sad,wild fires,True,23,120,6,4,2,31,False,False,False,False,4,3,3,0,1,0,13,9,6,3,3,2,14,17,20,20,21,21,0.7,-0.2,14,21
10491,wildfire,Colorado,11:57am Wildfire by The Mynabirds from Lovers Know,wild fires,False,8,50,5,4,1,7,False,False,False,False,1,2,0,1,1,1,7,6,4,4,3,2,2,4,4,5,6,7,0.0,0.0,2,8
10493,wildfire,USA,Finger Rock wildfire grows to 500 acres #Tucson http://t.co/zSXGEI1Nxf,wild fires,False,9,70,9,4,5,9,False,True,True,False,1,1,2,1,1,1,8,7,6,4,3,2,2,3,5,6,7,8,0.0,0.0,1,9
10494,wildfire,,#chattanooga The Latest: California governor headed to site of wildfire http://t.co/D6E7IICW5W,wild fires,False,11,94,10,3,6,11,False,True,True,False,1,1,0,1,1,2,9,8,7,7,6,5,3,4,4,5,6,8,0.9,0.5,2,11
10495,wildfire,,About to get it with the babes of #wildfire and @taviiikenney of course!!,wild fires,False,13,73,1,0,2,14,False,False,True,False,3,1,2,0,0,1,9,6,5,3,3,3,7,8,10,10,10,11,0.0,0.0,7,12
10497,wildfire,"Tucson, Arizona",Here's a quick timelapse I made of the Finger Rock Fire last night from about 9PM - 1AM. Check it out! #fingerrockfire #wildfire #catalinas,wild fires,False,24,139,10,2,5,25,False,False,True,True,2,7,4,2,0,0,19,17,10,6,4,4,7,14,18,20,20,20,0.2833333333333333,0.16666666666666666,7,24
10501,wildfire,"Seattle, WA",#WAwildfire in #chelan? Wolverine fire results in evacuation. http://t.co/yePlnZPoWu,wild fires,False,9,84,7,0,6,11,True,True,True,False,0,1,0,0,1,1,7,7,6,6,6,5,2,3,3,3,4,5,0.0,0.0,2,8
10504,wildfire,West Virginia ,can't eat a wildfire chicken salad without thinking of / missing @Alynacarol ??,wild fires,False,13,79,1,0,3,14,True,False,False,False,1,0,2,0,3,2,9,8,8,6,6,3,5,5,7,7,10,12,0.5,-0.4,2,13
10507,wildfire,,Cherokee Road and Road 22 (Three Sisters Wildfire): There are two roads closed to the general public: ... http://t.co/WwnL8FvfMM #IDFire,wild fires,False,20,136,15,3,9,23,False,True,True,False,5,2,2,2,4,1,18,13,11,9,7,3,7,9,11,13,17,18,0.2222222222222222,-0.016666666666666663,4,19
10509,wildfire,"California, USA",As California fires rage the Forest Service sounds the alarm about sharply rising wildfire costs http://t.co/ht8FyiMJlR,wild fires,False,16,119,8,1,4,16,False,True,False,False,2,1,4,3,2,1,15,13,12,8,5,3,3,4,8,11,13,14,0.75,-0.125,3,15
10510,wildfire,,Be careful out there. http://t.co/KoBavdEKWn,wild fires,False,5,44,6,0,4,6,False,True,False,False,1,0,0,1,1,0,4,3,3,3,2,1,2,2,2,3,4,4,1.0,-0.1,2,5
10512,wildfire,"408 N. Western, Wenatchee, WA ","Wolverine Fire Update - Thursday August 6 - 9:00 Am

Incident: Wolverine Fire Wildfire
Released: 41 min. ago... http://t.co/8WDTTzpTXH",wild fires,False,17,134,18,7,12,21,False,True,False,False,0,4,0,3,0,1,13,13,9,9,6,6,4,8,8,11,11,12,0.0,0.0,0,14
10514,wildfire,,Cooler weather helps crews battling state wildfire.. Related Articles: http://t.co/15fHVIi9Qp,wild fires,False,10,93,7,3,5,12,False,True,False,False,0,0,3,1,2,1,10,10,10,7,6,4,0,0,3,4,6,7,0.4,0.0,0,10
10526,wildfire,"Seattle, WA",Wildfire near Columbia River town is 50 percent contained - http://t.co/yTPiPXpqr9 http://t.co/HCUQ6jpBtL,wild fires,False,12,105,13,4,9,13,False,True,False,False,0,2,1,0,1,2,9,9,7,6,6,5,3,5,6,6,7,9,0.4,0.1,1,12
10528,wildfire,,"smHRN mhtw4fnet

Crews gaining on huge Northern California wildfire - CBS News",wild fires,False,11,78,10,1,3,10,False,False,False,True,1,2,1,0,1,2,9,8,6,5,5,4,3,5,6,6,7,9,0.9,0.4000000000000001,1,11
10530,wildfire,,Rocky Fire #cali #SCFD #wildfire #LakeCounty https://t.co/3pu0000v5o,wild fires,False,7,68,8,6,8,7,False,True,True,True,0,1,3,0,0,0,7,7,6,3,3,3,0,1,4,4,4,4,0.0,0.0,0,7
10531,wildfire,,This machine really captured my attention. #helicopter #firefighting #wildfire #oregon #easternoregonÛ_ https://t.co/eKt456jY1s,wild fires,False,12,128,3,4,12,13,False,True,True,False,0,1,0,1,2,1,11,11,10,10,9,7,1,2,2,3,5,6,0.2,0.2,1,12
10532,wildfire,Get our App,Forest Grove grass fire sparked by tractor quickly contained - KATU http://t.co/FMbcocS79u,wild fires,False,12,90,9,2,5,12,False,True,False,True,0,2,2,1,3,0,10,10,8,6,5,2,2,4,6,7,10,10,0.5,0.3333333333333333,1,12
10538,windstorm,"28.709672,-97.376514",San Patricio ÛÓ Windstorm insurance reform key for coastal homeowners: PORTLAND ÛÒ State Rep. J.M. Lozano spoke ... http://t.co/GQySVKrAGi,storm,True,19,140,23,0,11,25,False,True,False,True,6,2,2,2,1,2,19,13,11,9,7,6,6,8,10,12,13,15,1.0,0.0,1,19
10539,windstorm,"Washington, D.C.",Texas Seeks Comment on Rules for Changes to Windstorm Insurer http://t.co/SDZLVBiFbN,storm,True,11,84,15,0,4,11,False,True,False,False,1,0,3,0,3,0,9,8,8,5,5,2,3,3,6,6,9,9,0.0,0.0,3,11
10542,windstorm,Houston,New roof and hardy going up...Windstorm inspection tomorrow.. http://t.co/3XMLQRpNQR,storm,True,9,84,10,1,4,14,False,True,False,False,2,1,2,0,0,0,9,7,6,4,4,4,2,3,5,5,5,5,0.45454545454545453,0.13636363636363635,2,9
10547,windstorm,New York,Insurance News:Texas Seeks Comment on Rules for Changes to Windstorm Insurer,storm,True,11,76,9,0,1,10,False,False,False,False,1,0,2,0,3,0,9,8,8,6,6,3,3,3,5,5,8,8,0.0,0.0,3,11
10549,windstorm,"Pasadena, TX",TWIA board approves 5 percent rate hike: The Texas Windstorm Insurance Association (TWIA) Board of Directors v... http://t.co/NvxLJDsNkX,storm,True,18,136,21,1,7,21,False,True,False,True,1,3,4,1,1,1,16,15,12,8,7,6,3,6,10,11,12,13,0.0,0.0,1,18
10556,windstorm,,GLORIA JONES - VIXEN / WINDSTORM (2IN1) CD 20 TRACKS MARC BOLAN http://t.co/E3cAymmIcN http://t.co/eRzcXloPDL,storm,True,14,109,53,5,12,15,False,True,False,True,0,1,3,3,0,0,10,10,9,6,3,3,4,5,8,11,11,11,0.0,0.0,0,14
10569,windstorm,"Texas, USA",@t_litt44 I seen you that one day look like you went threw a windstorm ??,storm,True,15,73,1,2,2,16,True,False,False,False,4,5,1,0,0,0,12,8,3,2,2,2,7,12,13,13,13,13,0.0,0.0,4,14
10572,windstorm,Canada,Great time group camping at Presqu'ile with family&amp;friends.Lots of fun;not much sleep #PQPHistoryWeekend #windstorm http://t.co/0tYkaZyQpF,storm,True,15,142,12,1,10,16,False,True,True,False,0,3,3,0,2,0,13,13,10,7,7,5,2,5,8,8,10,10,0.475,0.5,4,15
10577,windstorm,,Texas Seeks Comment on Rules for Changes to Windstorm Insurer: The Texas Department of Insurance is seeking pu... http://t.co/NGF9n8Jquu,storm,True,19,136,15,2,5,22,False,True,False,False,2,0,5,0,3,1,15,13,13,8,8,5,6,6,11,11,14,15,0.0,0.0,5,18
10579,windstorm,Rhode Island,A few more photos from this mornings windstorm. We've never seen anything like it! #rhodeisland #warwick,storm,True,16,104,2,0,3,17,False,False,True,False,2,5,2,1,0,3,15,13,8,6,5,5,3,8,10,11,11,14,0.3,0.2125,5,16
10586,wounded,Narbin city  ,Police Officer Wounded Suspect Dead After Exchanging Shots http://t.co/e4wvXQItV4,wounded,True,9,81,12,2,4,9,False,True,False,False,0,1,2,1,3,0,9,9,8,6,5,2,0,1,3,4,7,7,0.4,-0.2,0,9
10594,wounded,??,"The South Korean army wounded 44 persons' Takeshima's Japanese fisherman and occupies the island.  
http://t.co/mJCXgKU8Yt",wounded,True,16,122,11,3,7,17,False,True,False,False,3,1,1,1,2,3,14,11,10,9,8,6,5,6,7,8,10,13,0.0,0.0,2,16
10595,wounded,"Kansas City, MO",Gunmen kill four in El Salvador bus attack: Suspected Salvadoran gang members killed four people and wounded s... http://t.co/LZWRONbTmi,wounded,True,19,136,12,0,5,22,False,True,False,False,2,5,0,3,3,1,17,15,10,10,7,4,4,9,9,12,15,16,0.0,-0.2,3,18
10597,wounded,"?? Newport , RI ??",You still acting like you were the one wounded. Didn't you do the stabbing?...,wounded,True,14,78,2,0,1,18,True,False,False,False,6,2,1,2,0,1,13,7,5,4,2,2,7,9,10,12,12,13,0.4,-0.3,6,12
10602,wounded,,#Dime_Miloko Officer Wounded Suspect Killed in Exchange of Gunfire: Richmond police officer wounded suspect killed in exchange of gunfire,wounded,True,19,137,9,0,3,18,False,False,True,False,0,0,0,3,7,4,15,15,15,15,12,5,4,4,4,7,14,18,0.0,-0.2,4,17
10604,wounded,,Police officer wounded suspect dead after exchanging shots: A Richmond police officer was wounded and a suspe... http://t.co/FzQPiQeCHB,wounded,True,18,135,10,0,5,21,False,True,False,False,2,1,1,3,5,2,16,14,13,12,9,4,4,5,6,9,14,16,0.4,-0.2,4,16
10614,wounded,Philippines,"Pope Francis talks about WOUNDED FAMILIES
http://t.co/m1RfBPODI9",wounded,True,6,64,23,2,5,6,False,True,False,True,0,1,2,0,2,0,6,6,5,3,3,1,0,1,3,3,5,5,0.0,0.0,1,6
10617,wounded,,@lordjewcup @helloimivan wounded warrior,wounded,True,4,40,0,0,2,3,False,False,False,False,0,0,0,0,2,0,4,4,4,4,4,2,0,0,0,0,2,2,0.0,0.0,0,4
10618,wounded,"Chicago, Illinois  ",Man seriously wounded in Auburn Gresham shooting http://t.co/qPsSbAfSuL #Chiraq,wounded,True,9,79,9,0,5,9,False,True,True,False,1,0,0,1,3,1,8,7,7,7,6,3,2,2,2,3,6,7,0.6666666666666666,-0.3333333333333333,1,9
10619,wounded,Singapore,Suspected Salvadoran gang members killed four people and wounded seven more on Wednesday in an attack on a bus as it travelled down a ruralÛ_,wounded,True,25,142,3,0,3,24,False,False,False,False,2,4,1,3,2,1,17,15,11,10,7,5,10,14,15,18,20,21,0.262962962962963,0.048148148148148134,11,23
10624,wounded,SWMO,Officer Wounded Suspect Killed in Exchange of Gunfire http://t.co/HHSjnAVHUA,wounded,True,9,76,14,0,4,9,False,True,False,False,0,0,0,1,4,1,7,7,7,7,6,2,2,2,2,3,7,8,0.0,-0.2,2,9
10633,wounded,??????,'Police Officer Wounded Suspect Dead After Exchanging Shots' http://t.co/guNq7ZTUn4 #????_?????,wounded,True,10,95,12,2,8,19,True,True,True,False,0,1,1,1,4,0,10,10,9,8,7,3,0,1,2,3,7,7,0.4,-0.2,0,10
10634,wounded,Mii Facebook,Police Officer Wounded Suspect Dead After Exchanging Shots: Richmond police officer wounded suspect killed a... http://t.co/YIKQRqczVZ,wounded,True,16,134,16,0,5,19,False,True,False,False,0,2,1,4,6,1,16,16,14,13,9,3,0,2,3,7,13,14,0.2,-0.2,1,16
10635,wounds,,He was crushed for our iniquities; the punishment that brought us peace was upon him &amp; by his wounds we are healed. -Isa 53:5,wounded,False,24,129,2,3,5,24,False,False,False,False,8,4,2,1,3,0,20,12,8,6,5,2,12,16,18,19,22,22,0.1,-0.1,11,23
10638,wounds,Southern Cali,@bkanioros Lizeth and I tried over and over again to fix our relationship it never worked bk you cannot heal those wounds I love you for,wounded,False,26,136,3,0,1,25,False,False,False,False,7,4,4,4,0,0,21,14,10,6,2,2,12,16,20,24,24,24,0.6,0.5,14,22
10639,wounds,626 - 702,Love wounds,wounded,False,2,11,1,0,0,1,False,False,False,False,0,1,0,1,0,0,2,2,1,1,0,0,0,1,1,2,2,2,0.6,0.5,0,2
10642,wounds,"Gauteng Heidelberg,Ratanda",'@GoogleFacts: Wounds heal faster if you lick them. Tears also help them heal as well.'  I know right even thou it seems stupid when lickin,wounded,False,26,139,5,0,4,27,False,False,False,False,1,10,4,5,0,0,21,20,10,6,1,1,6,16,20,25,25,25,0.7678571428571428,-0.2571428571428571,7,25
10643,wounds,"Back of the beyond, Lesotho","the wounds of honor
 are self-inflicted",wounded,False,6,39,0,0,2,5,False,False,False,False,2,0,0,2,0,0,5,3,3,3,1,1,3,3,3,5,5,5,0.0,0.0,3,6
10645,wounds,CLT via NOLA via MO via MN,ME: gun shot wounds 3 4 6 7 'rapidly lethal' would have killed in 30-60 seconds or few minutes max. #kerricktrial,wounded,False,21,113,2,8,5,21,False,False,True,True,3,3,2,2,3,1,15,12,9,7,5,2,9,12,14,16,19,20,0.05,-0.2,4,21
10646,wounds,India,@Cash7Nigga whoa. Insomniac. Why don't you try to get some sleep. Sleep heals all wounds. Food too ! Night :),wounded,False,20,109,7,1,4,24,False,False,False,False,6,2,5,1,1,0,17,11,9,4,3,2,9,11,16,17,18,18,1.0,0.5,6,20
10649,wounds,the beautiful Northwest (USA),Do You Let Your Emotional Wounds Fester? http://t.co/yDWhMgIMOE ? Powerful story andåÊword picture. via @forgivenwife,wounded,False,15,117,15,0,7,18,True,True,False,False,3,1,1,1,1,2,13,10,9,8,7,6,5,6,7,8,9,11,0.825,0.15,0,15
10652,wounds,Washington D.C. / Istanbul,Israeli military shoot Palestinian who injured 3 in West Bank car attack http://t.co/P9DCnuLODR via @YahooNews,wounded,False,15,110,13,2,5,15,False,True,False,False,3,2,1,1,2,1,13,10,8,7,6,4,5,7,8,9,11,12,0.1,-0.1,2,15
10653,wounds,Vancouver ,@WorldRunners @RunningRoom Day 3&amp;my wounds are looking much better. Running road rash. #summer #injury #offdishduty http://t.co/aGkWKaqgOS,wounded,False,16,142,11,1,11,18,False,True,True,False,2,2,1,1,5,1,16,14,12,11,10,5,2,4,5,6,11,12,0.5,0.5,2,16
10654,wounds,K-Town ,Time heals all wounds. And if it doesn't you name them something other than wounds and agree to let them stay. ????,wounded,False,22,115,2,0,1,27,True,False,False,False,5,6,4,1,2,0,19,14,8,4,3,1,8,14,18,19,21,21,0.375,-0.125,11,21
10661,wounds,#Kashmir,2 Policemen receive bullet wounds Reports indicate 6-7 armed men attacked a police post.,wounded,False,14,88,2,3,1,14,False,False,False,False,2,0,2,3,2,2,12,10,10,8,5,3,4,4,6,9,11,13,0.0,0.0,1,14
10664,wounds,,Palestinian rams car into Israeli soldiers wounding 3 http://t.co/n79BMXQKlg #EMM,wounded,False,10,81,10,3,5,10,False,True,True,True,1,3,0,0,1,2,9,8,5,5,5,4,2,5,5,5,6,8,0.0,0.0,1,10
10668,wounds,sam's town,and the salt in my wounds isnt burnin any more than it used to its not that i dont feel the pain its just im not afraid of hurting anymore,wounded,False,30,138,0,0,0,29,False,False,False,False,8,10,0,3,2,0,23,15,5,5,2,0,15,25,25,28,30,30,0.7,0.4,18,27
10670,wounds,,When and how does a character recover fromåÊwounds? http://t.co/ohhkuHtjXm,wounded,False,9,74,3,0,6,10,True,True,False,False,2,2,0,0,1,0,8,6,4,4,4,3,3,5,5,5,6,6,0.0,0.0,4,9
10674,wounds,"Dallas, TX",What they (dentists) don't tell u is how much ur mouth will be in pain when the numbing wears off because of the puncture wounds in ur gums.,wounded,False,28,140,1,0,3,28,False,False,False,False,4,7,4,1,2,1,20,16,9,5,4,2,12,19,23,24,26,27,0.2,0.2,14,25
10683,wounds,worldwide,Our wounds can so easily turn us into people we don't want to be and we hardly see it happening,wounded,False,20,95,1,0,1,19,False,False,False,False,4,3,1,4,0,0,13,9,6,5,1,1,11,14,15,19,19,19,0.6875,0.07083333333333333,10,19
10694,wreck,"atl, ga",i'm sitting in the parking lot waiting to go into therapy and i'm crying and an emotional wreck and i don't want my therapist to know ????????????,wreck,True,27,146,0,0,3,38,True,False,False,False,7,3,2,1,4,0,20,13,10,8,7,3,14,17,19,20,24,24,0.625,-0.1,14,23
10697,wreck,"San Antonio, TX",Last week we had a blast hosting Dinner &amp; a Movie Night with 'Wreck-It Ralph' on @FtCarsonPAO! @carsonmwr #TBT http://t.co/tUYPxEoBQa,wreck,True,20,137,21,0,12,21,False,True,True,True,1,4,4,2,1,0,16,15,11,7,5,4,5,9,13,15,16,16,0.06666666666666667,0.0,6,19
10699,wreck,"Jackson, MS",Now that IÛªve figured out how to get my music in my rental car I can take a night drive to nowhere tonight. Hopefully without a wreck.,wreck,True,27,136,4,0,3,28,False,False,False,False,6,2,3,3,3,1,19,13,11,8,5,2,14,16,19,22,25,26,0.0,0.0,11,24
10701,wreck,probably in hell ,i'm an emotional wreck watching emmerdale fml,wreck,True,7,45,0,0,1,6,False,False,False,False,2,0,1,0,0,1,6,4,4,3,3,3,3,3,4,4,4,5,0.65,0.0,2,7
10703,wreck,"Columbus, OH",Interesting in watching a train wreck while taking acid kind of way https://t.co/kM08qiWW4g,wreck,True,13,91,4,3,4,13,False,True,False,False,1,2,3,1,0,1,10,9,7,4,3,3,4,6,9,10,10,11,0.7,0.55,4,13
10713,wreck,,@DukeSkywalker @facialabuse you should do a competetion between @xxxmrbootleg &amp; #ClaudioMeloni (ultimate throat penetrator) to a wreck off.,wreck,True,18,143,4,0,8,18,False,False,True,False,1,1,2,2,1,0,14,13,12,10,8,7,5,6,8,10,11,11,1.0,0.0,8,17
10714,wreck,,Man faces manslaughter charges following fatal Sunday wreck | AL.c.. Related Articles: http://t.co/5xrFhdXTvX,wreck,True,13,109,10,1,6,16,False,True,False,False,1,0,3,2,2,0,12,11,11,8,6,4,2,2,5,7,9,9,0.25,0.0,0,13
10716,wreck,St. Petersburg. Fla.,*is a wreck* *gives ppl lifestyle advice*,wreck,True,7,41,0,0,4,6,False,False,False,False,2,0,0,2,1,0,6,4,4,4,2,1,3,3,3,5,6,6,0.0,0.0,1,7
10717,wreck,,I'm an emotional wreck someone hold me until they upload the damn video #whatstheimportantvideo,wreck,True,14,95,1,0,2,13,False,False,True,False,2,3,3,1,1,0,12,10,7,4,3,2,4,7,10,11,12,12,0.65,0.0,5,14
10719,wreck,Inwood ontario,I added a video to a @YouTube playlist http://t.co/wYtu7vIwsj Burnt Black - Nervous Wreck,wreck,True,14,89,9,1,6,14,False,True,False,False,0,0,5,0,1,2,9,9,9,4,4,3,5,5,10,10,11,13,0.43333333333333335,-0.16666666666666666,3,13
10725,wreck,would rather be in my room,and not a wreck of uneven layers  https://t.co/Y0WE0wXQCp,wreck,True,9,57,6,2,4,9,False,True,False,False,2,0,1,2,0,0,6,4,4,3,1,1,5,5,6,8,8,8,0.2,-0.2,4,9
10728,wreck,Philippians 4:13,Dj d wreck cut the beat,wreck,True,6,23,1,0,0,5,False,False,False,False,2,1,1,0,0,0,4,2,1,0,0,0,4,5,6,6,6,6,0.0,0.0,2,6
10734,wreck,"Pennsylvania, USA",@Herologist i know right? It's a train wreck. You can't believe it's happening but you can't look away.,wreck,True,18,103,3,0,5,20,True,False,False,False,3,4,4,2,1,0,16,13,9,5,3,2,5,9,13,15,16,16,0.5357142857142857,0.2857142857142857,5,17
10738,wreckage,India,Wreckage 'Conclusively Confirmed' as From MH370: Malaysia PM,wreck,True,8,60,9,3,3,7,False,False,False,True,0,1,0,1,0,2,6,6,5,5,4,4,2,3,3,4,4,6,1.0,0.4,1,8
10740,wreckage,"Mumbai, Maharashtra",Wreckage 'Conclusively Confirmed' as From MH370: Malaysia PM: Investigators and the families of those who were... http://t.co/cUrJAT1BqI,wreck,True,17,136,16,4,8,20,False,True,False,True,4,1,1,1,1,3,15,11,10,9,8,7,6,7,8,9,10,13,1.0,0.4,7,17
10742,wreckage,,Wreckage 'conclusively confirmed' as from MH370: Malaysia PM http://t.co/Se1QkNPltS | https://t.co/DnhRviV1dJ,wreck,True,11,109,15,5,12,12,False,True,False,True,0,1,0,1,0,2,8,8,7,7,6,6,3,4,4,5,5,7,1.0,0.4,2,11
10756,wreckage,Mumbai,Wreckage 'Conclusively Confirmed' as From MH370: Malaysia PM: Investigators and the families of those who were... http://t.co/O8sTW4YN8R,wreck,True,17,136,16,6,8,20,False,True,False,True,4,1,1,1,1,3,15,11,10,9,8,7,6,7,8,9,10,13,1.0,0.4,7,17
10757,wreckage,,#science Now that a piece of wreckage from flight MH370 has been confirmed on RÌ©union Island is it possible t...  http://t.co/cKQ7tOE82u,wreck,True,22,137,9,6,7,25,False,True,True,True,2,4,2,2,0,4,16,14,10,8,6,6,8,12,14,16,16,20,1.0,0.2,10,22
10758,wreckage,India,Wreckage 'Conclusively Confirmed' as From MH370: Malaysia PM,wreck,True,8,60,9,3,3,7,False,False,False,True,0,1,0,1,0,2,6,6,5,5,4,4,2,3,3,4,4,6,1.0,0.4,1,8
10761,wreckage,Mumbai,Wreckage 'Conclusively Confirmed' as From MH370: Malaysia PM: Investigators and the families of those who were... http://t.co/1RzskdRrDk,wreck,True,17,136,13,4,8,20,False,True,False,True,4,1,1,1,1,3,15,11,10,9,8,7,6,7,8,9,10,13,1.0,0.4,7,17
10762,wreckage,Canada,TOP STORY: wreckage from #MH370 officially confirmed. @janisctv reports on the critical clue from a tiny island. http://t.co/hlWw2P5k9o,wreck,True,18,135,12,6,7,20,False,True,True,True,2,4,0,2,2,2,16,14,10,10,8,6,4,8,8,10,12,14,0.7,0.225,5,17
10773,wreckage,,Wreckage 'Conclusively Confirmed' as From MH370: Malaysia PM http://t.co/MN130C4e2D via @ndtv,wreck,True,11,93,13,8,8,11,False,True,False,True,1,1,1,1,0,2,9,8,7,6,5,5,3,4,5,6,6,8,1.0,0.4,1,11
10778,wreckage,Mumbai,Wreckage 'Conclusively Confirmed' as From MH370: Malaysia PM: Investigators and the families of those who were... http://t.co/mzB0MKuUo7,wreck,True,17,136,14,5,8,20,False,True,False,True,4,1,1,1,1,3,15,11,10,9,8,7,6,7,8,9,10,13,1.0,0.4,7,17
10781,wreckage,our galaxy,RT @australian Debris found on an Indian Ocean island confirmed to be from flight #MH370. http://t.co/gY9MrSl6x2,wreck,False,16,112,10,6,6,17,False,True,True,True,0,1,2,4,1,0,11,11,10,8,4,3,5,6,8,12,13,13,0.5,0.2,5,16
10791,wrecked,Sunny Southern California,Cramer: Iger's 3 words that wrecked Disney's stock http://t.co/4dGpBAiVL7,wreck,True,9,73,8,3,7,9,False,True,False,False,0,1,2,1,2,1,8,8,7,5,4,2,1,2,4,5,7,8,0.0,0.0,1,9
10792,wrecked,"Plymouth, England",Almost *wrecked* my van the other day because of this guy (yeah I brake &amp; also care for animals ~ get used to it)!  https://t.co/8ZaHavmtT6,wreck,True,26,143,5,2,11,27,False,True,False,False,6,5,4,1,2,0,20,14,9,5,4,2,12,17,21,22,24,24,0.375,-0.15625,9,26
10796,wrecked,Deep in the heart of LibLand,'What manner of human being would parcel out a baby as though it were a wrecked car in a junk yard? TheÛ_' ÛÓ dtom2 http://t.co/lj6lzo4isX,wreck,True,25,140,3,3,12,26,True,True,False,True,3,3,6,3,2,0,18,15,12,6,3,1,10,13,19,22,24,24,0.1,0.0,10,23
10797,wrecked,,@Nathan26_RFC thought you said Saturday night there and near died lolol you'll be wrecked!!,wreck,True,14,91,5,2,3,15,False,False,False,False,2,3,3,1,1,1,13,11,8,5,4,3,3,6,9,10,11,12,0.6000000000000001,0.55,5,14
10801,wrecked,"Canada,Ontario",I just wanna ease your mind and make you feel alright.????,wreck,False,11,58,1,0,0,15,True,False,False,False,2,6,1,0,0,0,10,8,2,1,1,1,3,9,10,10,10,10,0.0,0.0,4,11
10804,wrecked,Love Reiss,@yakubOObs think he deactivated because his notifications are aids after tesco wrecked him lol,wreck,True,14,94,2,0,1,13,False,False,False,False,4,1,3,0,2,0,13,9,8,5,5,3,5,6,9,9,11,11,0.7,0.8,6,14
10806,wrecked,Seattle Washington,RT CNBC '3 words from Disney CEO Bob Iger wrecked Disney's stock says Jim Cramer: http://t.co/f0texKsqhL http://t.co/ilySLaTMgI',wreck,True,17,128,22,2,12,18,False,True,False,True,3,4,2,1,2,1,15,12,8,6,5,3,5,9,11,12,14,15,0.0,0.0,1,17
10807,wrecked,Acey mountain islanddåÇTorontoåÈ,Smackdown tyme this should put me in a good mood again since it got wrecked smh,wreck,True,16,79,1,0,0,15,False,False,False,False,3,4,2,1,1,0,12,9,5,3,2,1,7,11,13,14,15,15,0.6000000000000001,0.7,7,16
10816,wrecked,los angeles,@thrillhho jsyk I haven't stopped thinking abt remus slumped against the bathroom door all day I was wrecked ??????????,wreck,True,19,119,2,0,2,28,True,False,False,False,5,2,1,0,5,2,17,12,10,9,9,4,7,9,10,10,15,17,0.0,0.0,5,18
10820,wrecked,"Brussels, Belgium",@stighefootball Begovic has been garbage. He got wrecked by a Red Bull reserve team and everyone else this preseason,wreck,True,19,116,4,0,1,19,False,False,False,False,4,5,0,0,3,2,16,12,7,7,7,4,7,12,12,12,15,17,0.0,0.0,6,19
10828,wrecked,,Wrecked today got my hattrick ????,wreck,True,6,34,1,0,0,9,True,False,False,False,1,1,1,0,1,1,5,4,3,2,2,1,2,3,4,4,5,6,0.0,0.0,1,6
10836,,,#Ebola #EbolaOutbreak Ebola Virus: Birmingham Ala. Firefighters Quarantined After Possible Exposure Officials Say http://t.co/tjpYlU9fOX,,,14,136,18,1,7,15,False,True,True,False,1,1,2,2,0,2,14,13,12,10,8,8,1,2,4,6,6,8,1.0,0.0,0,14
10838,,,Malaysian PM confirms debris is from missing flight MH370 http://t.co/pfAvW5QyqE,,,10,80,9,4,4,10,False,True,False,True,0,1,1,2,1,1,8,8,7,6,4,3,2,3,4,6,7,8,0.05,-0.2,2,10
10845,,,Officials: Alabama home quarantined over possible Ebola case - Washington Times,,,11,79,5,0,2,10,False,False,False,False,0,3,2,0,1,1,10,10,7,5,5,4,1,4,6,6,7,8,1.0,0.0,1,11
10856,,,See the 16yr old PKK suicide bomber who detonated bomb in Turkey Army trench released: Harun Ìàekdar ... http://t.co/hKuT5mSdtP @MsOreo_,,,20,136,13,3,9,23,False,True,False,True,6,3,1,3,2,1,19,13,10,9,6,4,7,10,11,14,16,17,0.2,0.1,3,20
10857,,,To conference attendees! The blue line from the airport has DERAILED - please look into taking a taxi to the hotel! See you soon!,,,24,129,11,0,1,26,False,False,False,True,6,6,1,3,1,1,20,14,8,7,4,3,10,16,17,20,21,22,0.1,0.0,8,23
10858,,,The death toll in a #IS-suicide car bombing on a #YPG position in the Village of Rajman in the eastern province of Hasaka has risen to 9,,,27,136,9,1,3,26,False,False,True,True,5,2,2,2,3,2,17,12,10,8,6,3,15,17,19,21,24,26,0.0,0.0,12,22
10861,,,EARTHQUAKE SAFETY LOS ANGELES ÛÒ SAFETY FASTENERS XrWn,,,8,55,43,0,3,7,False,False,False,True,2,1,0,2,1,0,8,6,5,5,3,2,2,3,3,5,6,6,0.0,0.0,0,7
10865,,,Storm in RI worse than last hurricane. My city&amp;3others hardest hit. My yard looks like it was bombed. Around 20000K still without power,,,23,139,7,6,2,25,False,False,False,True,1,5,5,2,3,0,18,17,12,7,5,2,6,11,16,18,21,21,0.3333333333333333,-0.2,4,22
10868,,,Green Line derailment in Chicago http://t.co/UtbXLcBIuY,,,6,55,9,0,4,6,False,True,False,False,0,1,1,0,1,0,5,5,4,3,3,2,1,2,3,3,4,4,0.3,-0.2,1,6
10874,,,MEG issues Hazardous Weather Outlook (HWO) http://t.co/3X6RBQJHn3,,,7,65,15,3,6,7,False,True,False,True,1,0,1,1,2,0,7,6,6,5,4,2,1,1,2,3,5,5,0.9,0.6,0,7
10875,,,#CityofCalgary has activated its Municipal Emergency Plan. #yycstorm,,,8,68,5,0,2,8,False,False,True,False,2,0,1,0,0,0,8,6,6,5,5,5,2,2,3,3,3,3,0.0,0.0,2,8
